3.919751999999999725e+02 3.151578063964843750e+02 2.830000000000000000e+02
3.923118000000000052e+02 3.151608886718750000e+02 3.310000000000000000e+02
3.926478000000000179e+02 3.151559143066406250e+02 3.280000000000000000e+02
3.929850000000000136e+02 3.151623840332031250e+02 3.720000000000000000e+02
3.933222000000000094e+02 3.151611633300781250e+02 1.541000000000000000e+03
3.936587999999999852e+02 3.151612854003906250e+02 8.313000000000000000e+03
3.939959999999999809e+02 3.151614074707031250e+02 2.955600000000000000e+04
3.943331999999999766e+02 3.151622924804687500e+02 6.839800000000000000e+04
3.946698000000000093e+02 3.151614685058593750e+02 1.261170000000000000e+05
3.950070000000000050e+02 3.151632690429687500e+02 1.890350000000000000e+05
3.953460000000000036e+02 3.151623840332031250e+02 2.549870000000000000e+05
3.956831999999999994e+02 3.151622619628906250e+02 3.083140000000000000e+05
3.960192000000000121e+02 3.151622619628906250e+02 3.512900000000000000e+05
3.963557999999999879e+02 3.151622619628906250e+02 3.822030000000000000e+05
3.966929999999999836e+02 3.151624755859375000e+02 3.897830000000000000e+05
3.970301999999999794e+02 3.151620788574218750e+02 3.844690000000000000e+05
3.973668000000000120e+02 3.151630554199218750e+02 3.612590000000000000e+05
3.977028000000000247e+02 3.151617736816406250e+02 3.409480000000000000e+05
3.980400000000000205e+02 3.151622619628906250e+02 3.003040000000000000e+05
3.983772000000000162e+02 3.151622619628906250e+02 2.602370000000000000e+05
3.987137999999999920e+02 3.151629638671875000e+02 2.188080000000000000e+05
3.990498000000000047e+02 3.151629638671875000e+02 1.797130000000000000e+05
3.993870000000000005e+02 3.151617431640625000e+02 1.484440000000000000e+05
3.997241999999999962e+02 3.151625671386718750e+02 1.175050000000000000e+05
4.000607999999999720e+02 3.151622314453125000e+02 9.357300000000000000e+04
4.003980000000000246e+02 3.151611938476562500e+02 7.329700000000000000e+04
4.007339999999999804e+02 3.151606750488281250e+02 5.621100000000000000e+04
4.010711999999999762e+02 3.151622314453125000e+02 4.480400000000000000e+04
4.014078000000000088e+02 3.151619873046875000e+02 3.506200000000000000e+04
4.017450000000000045e+02 3.151606445312500000e+02 2.669800000000000000e+04
4.020822000000000003e+02 3.151605529785156250e+02 2.028100000000000000e+04
4.024182000000000130e+02 3.151606445312500000e+02 1.748100000000000000e+04
4.027547999999999888e+02 3.151619873046875000e+02 1.323000000000000000e+04
4.030919999999999845e+02 3.151601562500000000e+02 1.083700000000000000e+04
4.034291999999999803e+02 3.151610717773437500e+02 8.972000000000000000e+03
4.037658000000000129e+02 3.151605834960937500e+02 7.742000000000000000e+03
4.041018000000000256e+02 3.151610717773437500e+02 6.733000000000000000e+03
4.044390000000000214e+02 3.151610412597656250e+02 5.947000000000000000e+03
4.047762000000000171e+02 3.151619262695312500e+02 5.563000000000000000e+03
4.051127999999999929e+02 3.151603698730468750e+02 5.398000000000000000e+03
4.054511999999999716e+02 3.151600036621093750e+02 4.983000000000000000e+03
4.057878000000000043e+02 3.151603393554687500e+02 4.945000000000000000e+03
4.061250000000000000e+02 3.151597900390625000e+02 4.418000000000000000e+03
4.064610000000000127e+02 3.151593933105468750e+02 3.998000000000000000e+03
4.067982000000000085e+02 3.151625366210937500e+02 3.775000000000000000e+03
4.071347999999999843e+02 3.151605834960937500e+02 3.508000000000000000e+03
4.074719999999999800e+02 3.151593017578125000e+02 3.254000000000000000e+03
4.078079999999999927e+02 3.151604919433593750e+02 3.300000000000000000e+03
4.081451999999999884e+02 3.151606750488281250e+02 2.785000000000000000e+03
4.084818000000000211e+02 3.151598815917968750e+02 2.615000000000000000e+03
4.088190000000000168e+02 3.151585693359375000e+02 2.673000000000000000e+03
4.091562000000000126e+02 3.151619567871093750e+02 3.717000000000000000e+03
4.094922000000000253e+02 3.151612548828125000e+02 4.539000000000000000e+03
4.098288000000000011e+02 3.151607666015625000e+02 6.506000000000000000e+03
4.101659999999999968e+02 3.151595764160156250e+02 8.223000000000000000e+03
4.105031999999999925e+02 3.151608276367187500e+02 9.434000000000000000e+03
4.108398000000000252e+02 3.151614685058593750e+02 9.831000000000000000e+03
4.111770000000000209e+02 3.151603393554687500e+02 1.060600000000000000e+04
4.115142000000000166e+02 3.151619262695312500e+02 9.498000000000000000e+03
4.118507999999999925e+02 3.151603698730468750e+02 9.044000000000000000e+03
4.121879999999999882e+02 3.151608581542968750e+02 7.877000000000000000e+03
4.125240000000000009e+02 3.151596679687500000e+02 7.379000000000000000e+03
4.128611999999999966e+02 3.151606750488281250e+02 6.334000000000000000e+03
4.131977999999999724e+02 3.151600341796875000e+02 6.300000000000000000e+03
4.135350000000000250e+02 3.151605529785156250e+02 4.703000000000000000e+03
4.138722000000000207e+02 3.151602478027343750e+02 4.037000000000000000e+03
4.142081999999999766e+02 3.151599426269531250e+02 3.569000000000000000e+03
4.145448000000000093e+02 3.151606750488281250e+02 3.075000000000000000e+03
4.148820000000000050e+02 3.151596374511718750e+02 2.512000000000000000e+03
4.152192000000000007e+02 3.151601562500000000e+02 2.634000000000000000e+03
4.155570000000000164e+02 3.151602172851562500e+02 2.119000000000000000e+03
4.158942000000000121e+02 3.151612243652343750e+02 1.878000000000000000e+03
4.162307999999999879e+02 3.151621398925781250e+02 1.688000000000000000e+03
4.165679999999999836e+02 3.151583251953125000e+02 1.675000000000000000e+03
4.169039999999999964e+02 3.151597290039062500e+02 1.514000000000000000e+03
4.172411999999999921e+02 3.151591186523437500e+02 1.384000000000000000e+03
4.175778000000000247e+02 3.151571655273437500e+02 1.332000000000000000e+03
4.179150000000000205e+02 3.151575622558593750e+02 1.136000000000000000e+03
4.182522000000000162e+02 3.151541137695312500e+02 1.035000000000000000e+03
4.192620000000000005e+02 3.151549072265625000e+02 8.110000000000000000e+02
4.195991999999999962e+02 3.151570434570312500e+02 1.007000000000000000e+03
4.199357999999999720e+02 3.151575622558593750e+02 7.550000000000000000e+02
4.202717999999999847e+02 3.151578369140625000e+02 7.080000000000000000e+02
4.206089999999999804e+02 3.151594238281250000e+02 7.150000000000000000e+02
4.209461999999999762e+02 3.151626892089843750e+02 5.840000000000000000e+02
4.212828000000000088e+02 3.151607971191406250e+02 7.440000000000000000e+02
4.216200000000000045e+02 3.151601562500000000e+02 7.300000000000000000e+02
4.219560000000000173e+02 3.151591491699218750e+02 5.910000000000000000e+02
4.222932000000000130e+02 3.151585693359375000e+02 5.940000000000000000e+02
4.226297999999999888e+02 3.151642150878906250e+02 4.810000000000000000e+02
4.229669999999999845e+02 3.151609191894531250e+02 5.320000000000000000e+02
4.233029999999999973e+02 3.151594543457031250e+02 4.910000000000000000e+02
4.236401999999999930e+02 3.151578674316406250e+02 4.930000000000000000e+02
4.239768000000000256e+02 3.151613159179687500e+02 4.430000000000000000e+02
4.243140000000000214e+02 3.151602478027343750e+02 5.540000000000000000e+02
4.246512000000000171e+02 3.151577758789062500e+02 4.660000000000000000e+02
4.249871999999999730e+02 3.151595458984375000e+02 3.860000000000000000e+02
4.253238000000000056e+02 3.151635742187500000e+02 3.150000000000000000e+02
4.256628000000000043e+02 3.151593322753906250e+02 3.560000000000000000e+02
4.259988000000000170e+02 3.151585388183593750e+02 2.360000000000000000e+02
4.263360000000000127e+02 3.151543884277343750e+02 3.260000000000000000e+02
4.266732000000000085e+02 3.151614074707031250e+02 3.550000000000000000e+02
4.270097999999999843e+02 3.151592407226562500e+02 2.710000000000000000e+02
4.273469999999999800e+02 3.151637878417968750e+02 3.720000000000000000e+02
4.276841999999999757e+02 3.151617126464843750e+02 4.120000000000000000e+02
4.280208000000000084e+02 3.151625061035156250e+02 3.020000000000000000e+02
4.283580000000000041e+02 3.151600036621093750e+02 2.900000000000000000e+02
4.286951999999999998e+02 3.151613769531250000e+02 3.720000000000000000e+02
4.290317999999999756e+02 3.151592102050781250e+02 4.190000000000000000e+02
4.293690000000000282e+02 3.151604309082031250e+02 1.981000000000000000e+03
4.297062000000000239e+02 3.151605224609375000e+02 7.156000000000000000e+03
4.300427999999999997e+02 3.151616821289062500e+02 2.117700000000000000e+04
4.303788000000000125e+02 3.151610107421875000e+02 4.181500000000000000e+04
4.307160000000000082e+02 3.151612243652343750e+02 6.919400000000000000e+04
4.310532000000000039e+02 3.151611938476562500e+02 9.514000000000000000e+04
4.313897999999999797e+02 3.151615905761718750e+02 1.119250000000000000e+05
4.317257999999999925e+02 3.151622009277343750e+02 1.217470000000000000e+05
4.320629999999999882e+02 3.151618652343750000e+02 1.257870000000000000e+05
4.324001999999999839e+02 3.151615295410156250e+02 1.263150000000000000e+05
4.327368000000000166e+02 3.151612854003906250e+02 1.208830000000000000e+05
4.330740000000000123e+02 3.151625671386718750e+02 1.104440000000000000e+05
4.334100000000000250e+02 3.151627502441406250e+02 1.025440000000000000e+05
4.337472000000000207e+02 3.151603698730468750e+02 9.765300000000000000e+04
4.340837999999999965e+02 3.151607055664062500e+02 8.891100000000000000e+04
4.344209999999999923e+02 3.151618041992187500e+02 8.145900000000000000e+04
4.347570000000000050e+02 3.151609191894531250e+02 7.196700000000000000e+04
4.350942000000000007e+02 3.151608886718750000e+02 6.229900000000000000e+04
4.354307999999999765e+02 3.151622009277343750e+02 5.254000000000000000e+04
4.357692000000000121e+02 3.151608581542968750e+02 4.270100000000000000e+04
4.361057999999999879e+02 3.151610717773437500e+02 3.384700000000000000e+04
4.364429999999999836e+02 3.151611022949218750e+02 2.376600000000000000e+04
4.367801999999999794e+02 3.151609802246093750e+02 1.798100000000000000e+04
4.371161999999999921e+02 3.151603698730468750e+02 1.318300000000000000e+04
4.374528000000000247e+02 3.151604614257812500e+02 9.007000000000000000e+03
4.377900000000000205e+02 3.151606750488281250e+02 6.263000000000000000e+03
4.381272000000000162e+02 3.151622619628906250e+02 4.018000000000000000e+03
4.384637999999999920e+02 3.151614685058593750e+02 3.084000000000000000e+03
4.388009999999999877e+02 3.151602783203125000e+02 2.391000000000000000e+03
4.391370000000000005e+02 3.151604614257812500e+02 2.091000000000000000e+03
4.394741999999999962e+02 3.151602478027343750e+02 1.665000000000000000e+03
4.398107999999999720e+02 3.151619873046875000e+02 1.272000000000000000e+03
4.401480000000000246e+02 3.151604003906250000e+02 1.295000000000000000e+03
4.404852000000000203e+02 3.151596069335937500e+02 9.800000000000000000e+02
4.408211999999999762e+02 3.151592102050781250e+02 1.080000000000000000e+03
4.411578000000000088e+02 3.151617736816406250e+02 9.780000000000000000e+02
4.414950000000000045e+02 3.151602478027343750e+02 1.011000000000000000e+03
4.418322000000000003e+02 3.151589050292968750e+02 1.028000000000000000e+03
4.421687999999999761e+02 3.151613769531250000e+02 9.110000000000000000e+02
4.425047999999999888e+02 3.151592712402343750e+02 9.490000000000000000e+02
4.428419999999999845e+02 3.151618652343750000e+02 9.560000000000000000e+02
4.431791999999999803e+02 3.151596679687500000e+02 7.750000000000000000e+02
4.435158000000000129e+02 3.151600952148437500e+02 1.025000000000000000e+03
4.438518000000000256e+02 3.151593933105468750e+02 9.960000000000000000e+02
4.441890000000000214e+02 3.151633605957031250e+02 8.130000000000000000e+02
4.445267999999999802e+02 3.151629333496093750e+02 7.700000000000000000e+02
4.448639999999999759e+02 3.151648254394531250e+02 8.120000000000000000e+02
4.452011999999999716e+02 3.151630554199218750e+02 8.560000000000000000e+02
4.455378000000000043e+02 3.151611328125000000e+02 8.390000000000000000e+02
4.458761999999999830e+02 3.151619567871093750e+02 8.950000000000000000e+02
4.462128000000000156e+02 3.151584777832031250e+02 7.880000000000000000e+02
4.465500000000000114e+02 3.151617431640625000e+02 7.750000000000000000e+02
4.468872000000000071e+02 3.151605834960937500e+02 9.420000000000000000e+02
4.472232000000000198e+02 3.151599731445312500e+02 7.140000000000000000e+02
4.475597999999999956e+02 3.151610412597656250e+02 7.210000000000000000e+02
4.478969999999999914e+02 3.151617431640625000e+02 7.620000000000000000e+02
4.482341999999999871e+02 3.151605529785156250e+02 9.230000000000000000e+02
4.485708000000000197e+02 3.151584472656250000e+02 6.690000000000000000e+02
4.489067999999999756e+02 3.151646423339843750e+02 6.300000000000000000e+02
4.492440000000000282e+02 3.151579589843750000e+02 5.770000000000000000e+02
4.495812000000000239e+02 3.151597290039062500e+02 5.960000000000000000e+02
4.499177999999999997e+02 3.151610412597656250e+02 5.320000000000000000e+02
4.502549999999999955e+02 3.151621093750000000e+02 5.750000000000000000e+02
4.505910000000000082e+02 3.151602478027343750e+02 5.380000000000000000e+02
4.509282000000000039e+02 3.151647949218750000e+02 4.840000000000000000e+02
4.512647999999999797e+02 3.151624450683593750e+02 3.760000000000000000e+02
4.516019999999999754e+02 3.151599426269531250e+02 4.810000000000000000e+02
4.519392000000000280e+02 3.151612243652343750e+02 4.330000000000000000e+02
4.522751999999999839e+02 3.151602172851562500e+02 4.610000000000000000e+02
4.526118000000000166e+02 3.151630554199218750e+02 4.570000000000000000e+02
4.529490000000000123e+02 3.151605529785156250e+02 5.060000000000000000e+02
4.532862000000000080e+02 3.151593322753906250e+02 5.040000000000000000e+02
4.536227999999999838e+02 3.151571960449218750e+02 3.500000000000000000e+02
4.539587999999999965e+02 3.151591491699218750e+02 4.750000000000000000e+02
4.542959999999999923e+02 3.151609191894531250e+02 3.290000000000000000e+02
4.546331999999999880e+02 3.151613464355468750e+02 4.870000000000000000e+02
4.549698000000000206e+02 3.151583862304687500e+02 4.130000000000000000e+02
4.553070000000000164e+02 3.151621398925781250e+02 3.590000000000000000e+02
4.556429999999999723e+02 3.151558837890625000e+02 3.050000000000000000e+02
4.559820000000000277e+02 3.151603698730468750e+02 3.100000000000000000e+02
4.563179999999999836e+02 3.151560058593750000e+02 3.140000000000000000e+02
4.566551999999999794e+02 3.151581726074218750e+02 3.560000000000000000e+02
4.569918000000000120e+02 3.151583251953125000e+02 3.390000000000000000e+02
4.573290000000000077e+02 3.151597595214843750e+02 3.410000000000000000e+02
4.576662000000000035e+02 3.151643066406250000e+02 3.540000000000000000e+02
4.580022000000000162e+02 3.151620178222656250e+02 2.950000000000000000e+02
4.583387999999999920e+02 3.151575622558593750e+02 3.560000000000000000e+02
4.586759999999999877e+02 3.151555786132812500e+02 2.800000000000000000e+02
4.590131999999999834e+02 3.151526794433593750e+02 2.670000000000000000e+02
4.593491999999999962e+02 3.151573181152343750e+02 3.080000000000000000e+02
4.596857999999999720e+02 3.151632080078125000e+02 2.210000000000000000e+02
4.600230000000000246e+02 3.151598205566406250e+02 1.960000000000000000e+02

