2.100749999999999886e+02 1.820000000000000000e+02 2.590525512695312500e+02
2.104110000000000014e+02 2.800000000000000000e+02 2.590581054687500000e+02
2.107479999999999905e+02 3.240000000000000000e+02 2.590498046875000000e+02
2.110840000000000032e+02 3.510000000000000000e+02 2.590445861816406250e+02
2.114209999999999923e+02 3.440000000000000000e+02 2.590533142089843750e+02
2.117580000000000098e+02 3.910000000000000000e+02 2.590646057128906250e+02
2.120939999999999941e+02 7.510000000000000000e+02 2.590508422851562500e+02
2.124300000000000068e+02 7.300000000000000000e+02 2.590484924316406250e+02
2.127669999999999959e+02 7.020000000000000000e+02 2.590545654296875000e+02
2.131030000000000086e+02 7.030000000000000000e+02 2.590484008789062500e+02
2.134389999999999930e+02 7.120000000000000000e+02 2.590488281250000000e+02
2.137750000000000057e+02 8.720000000000000000e+02 2.590488586425781250e+02
2.141119999999999948e+02 9.480000000000000000e+02 2.590485534667968750e+02
2.144480000000000075e+02 1.124000000000000000e+03 2.590494995117187500e+02
2.147839999999999918e+02 8.660000000000000000e+02 2.590504760742187500e+02
2.151210000000000093e+02 7.060000000000000000e+02 2.590517883300781250e+02
2.154569999999999936e+02 9.120000000000000000e+02 2.590517883300781250e+02
2.157930000000000064e+02 7.360000000000000000e+02 2.590510253906250000e+02
2.161289999999999907e+02 7.480000000000000000e+02 2.590512695312500000e+02
2.164660000000000082e+02 4.870000000000000000e+02 2.590529174804687500e+02
2.168029999999999973e+02 5.670000000000000000e+02 2.590476989746093750e+02
2.171390000000000100e+02 4.640000000000000000e+02 2.590550537109375000e+02
2.174749999999999943e+02 3.290000000000000000e+02 2.590495300292968750e+02
2.178120000000000118e+02 3.560000000000000000e+02 2.590483703613281250e+02
2.181479999999999961e+02 3.260000000000000000e+02 2.590544738769531250e+02
2.184840000000000089e+02 2.510000000000000000e+02 2.590574951171875000e+02
