3.167110000000000127e+02 1.890000000000000000e+02 4.871408386230468750e+02
3.170470000000000255e+02 1.760000000000000000e+02 4.871349182128906250e+02
3.173829999999999814e+02 3.580000000000000000e+02 4.871383361816406250e+02
3.177189999999999941e+02 7.980000000000000000e+02 4.871223144531250000e+02
3.180559999999999832e+02 8.680000000000000000e+02 4.871210632324218750e+02
3.183919999999999959e+02 9.940000000000000000e+02 4.871253356933593750e+02
3.187289999999999850e+02 7.480000000000000000e+02 4.871173400878906250e+02
3.190649999999999977e+02 9.270000000000000000e+02 4.871172790527343750e+02
3.194010000000000105e+02 8.120000000000000000e+02 4.871245727539062500e+02
3.197379999999999995e+02 7.200000000000000000e+02 4.871147766113281250e+02
3.200740000000000123e+02 4.820000000000000000e+02 4.871246337890625000e+02
3.204100000000000250e+02 5.390000000000000000e+02 4.871210632324218750e+02
3.207470000000000141e+02 3.410000000000000000e+02 4.871348876953125000e+02
