5.377089999999999463e+02 5.500000000000000000e+01 3.230230102539062500e+02
5.380449999999999591e+02 5.000000000000000000e+01 3.230249633789062500e+02
5.383809999999999718e+02 8.500000000000000000e+01 3.230347900390625000e+02
5.387179999999999609e+02 2.710000000000000000e+02 3.230148010253906250e+02
5.390539999999999736e+02 2.260000000000000000e+02 3.230284118652343750e+02
5.393899999999999864e+02 2.730000000000000000e+02 3.230292358398437500e+02
5.397259999999999991e+02 5.670000000000000000e+02 3.230231018066406250e+02
5.400629999999999882e+02 7.220000000000000000e+02 3.230241394042968750e+02
5.403990000000000009e+02 8.040000000000000000e+02 3.230233154296875000e+02
5.407359999999999900e+02 7.830000000000000000e+02 3.230213623046875000e+02
5.410729999999999791e+02 9.850000000000000000e+02 3.230212707519531250e+02
5.414089999999999918e+02 7.380000000000000000e+02 3.230252380371093750e+02
5.417459999999999809e+02 8.250000000000000000e+02 3.230246276855468750e+02
5.420819999999999936e+02 7.090000000000000000e+02 3.230241394042968750e+02
5.424180000000000064e+02 6.450000000000000000e+02 3.230273132324218750e+02
5.427540000000000191e+02 4.930000000000000000e+02 3.230241699218750000e+02
5.430919999999999845e+02 1.800000000000000000e+02 3.230235290527343750e+02
5.434289999999999736e+02 2.030000000000000000e+02 3.230223999023437500e+02
5.437649999999999864e+02 2.140000000000000000e+02 3.230142211914062500e+02
5.441019999999999754e+02 1.680000000000000000e+02 3.230268249511718750e+02
5.444379999999999882e+02 4.900000000000000000e+01 3.230375366210937500e+02
5.447740000000000009e+02 1.050000000000000000e+02 3.230248413085937500e+02
5.451109999999999900e+02 4.300000000000000000e+01 3.230142822265625000e+02
5.454470000000000027e+02 8.600000000000000000e+01 3.230155639648437500e+02
