5.567600000000000193e+01 8.880000000000000000e+02 3.050695800781250000e+02
5.601299999999999812e+01 9.320000000000000000e+02 3.050680236816406250e+02
5.634899999999999665e+01 6.910000000000000000e+02 3.050677490234375000e+02
5.668500000000000227e+01 9.680000000000000000e+02 3.050721130371093750e+02
5.702100000000000080e+01 9.620000000000000000e+02 3.050742187500000000e+02
5.735799999999999699e+01 1.099000000000000000e+03 3.050724792480468750e+02
5.769400000000000261e+01 9.040000000000000000e+02 3.050749816894531250e+02
5.803000000000000114e+01 9.140000000000000000e+02 3.050755920410156250e+02
5.836699999999999733e+01 1.161000000000000000e+03 3.050807189941406250e+02
5.870499999999999829e+01 1.180000000000000000e+03 3.050741577148437500e+02
5.904099999999999682e+01 1.277000000000000000e+03 3.050795288085937500e+02
5.937700000000000244e+01 1.310000000000000000e+03 3.050766906738281250e+02
5.971300000000000097e+01 1.335000000000000000e+03 3.050732116699218750e+02
6.004979999999999762e+01 9.830000000000000000e+02 3.050818786621093750e+02
6.038580000000000325e+01 1.165000000000000000e+03 3.050798645019531250e+02
6.072180000000000177e+01 8.600000000000000000e+02 3.050786437988281250e+02
6.105899999999999750e+01 8.740000000000000000e+02 3.050767517089843750e+02
6.139500000000000313e+01 1.017000000000000000e+03 3.050766906738281250e+02
6.173100000000000165e+01 7.240000000000000000e+02 3.050762023925781250e+02
6.206700000000000017e+01 7.610000000000000000e+02 3.050853881835937500e+02
6.240420000000000300e+01 6.480000000000000000e+02 3.050684509277343750e+02
6.274020000000000152e+01 7.320000000000000000e+02 3.050816650390625000e+02
6.307620000000000005e+01 5.850000000000000000e+02 3.050751647949218750e+02
6.341279999999999717e+01 7.300000000000000000e+02 3.050624084472656250e+02
6.374880000000000280e+01 4.260000000000000000e+02 3.050639038085937500e+02
6.408480000000000132e+01 3.490000000000000000e+02 3.050677490234375000e+02
6.442199999999999704e+01 5.180000000000000000e+02 3.050771484375000000e+02
6.475799999999999557e+01 4.830000000000000000e+02 3.050628967285156250e+02
