9.565019999999999527e+02 5.200000000000000000e+01 3.102981872558593750e+02
9.568440000000000509e+02 8.200000000000000000e+01 3.103112487792968750e+02
9.571799999999999500e+02 1.650000000000000000e+02 3.103034057617187500e+02
9.575159999999999627e+02 1.510000000000000000e+02 3.103069152832031250e+02
9.578519999999999754e+02 1.810000000000000000e+02 3.103092041015625000e+02
9.581879999999999882e+02 3.840000000000000000e+02 3.103075866699218750e+02
9.585240000000000009e+02 4.970000000000000000e+02 3.103045043945312500e+02
9.588600000000000136e+02 7.240000000000000000e+02 3.103040771484375000e+02
9.591960000000000264e+02 6.940000000000000000e+02 3.103070068359375000e+02
9.595320000000000391e+02 6.100000000000000000e+02 3.103062744140625000e+02
9.598680000000000518e+02 6.860000000000000000e+02 3.103056640625000000e+02
9.602039999999999509e+02 6.880000000000000000e+02 3.103089294433593750e+02
9.605399999999999636e+02 5.810000000000000000e+02 3.103069763183593750e+02
9.608759999999999764e+02 8.670000000000000000e+02 3.103050537109375000e+02
9.612119999999999891e+02 6.190000000000000000e+02 3.103090209960937500e+02
9.615480000000000018e+02 7.200000000000000000e+02 3.103097839355468750e+02
9.618899999999999864e+02 4.980000000000000000e+02 3.103037719726562500e+02
9.622259999999999991e+02 4.980000000000000000e+02 3.103096618652343750e+02
9.625560000000000400e+02 4.290000000000000000e+02 3.103038635253906250e+02
9.628980000000000246e+02 3.670000000000000000e+02 3.103041381835937500e+02
9.632340000000000373e+02 4.440000000000000000e+02 3.103096923828125000e+02
9.635700000000000500e+02 2.080000000000000000e+02 3.103086853027343750e+02
9.639059999999999491e+02 3.230000000000000000e+02 3.103072204589843750e+02
9.642419999999999618e+02 1.790000000000000000e+02 3.102996215820312500e+02
9.645779999999999745e+02 1.590000000000000000e+02 3.103167724609375000e+02
9.649139999999999873e+02 2.370000000000000000e+02 3.103055725097656250e+02
9.652500000000000000e+02 1.270000000000000000e+02 3.103068237304687500e+02
9.655860000000000127e+02 2.520000000000000000e+02 3.103008117675781250e+02
9.659220000000000255e+02 1.680000000000000000e+02 3.102974548339843750e+02
9.662580000000000382e+02 1.860000000000000000e+02 3.103111877441406250e+02
9.665940000000000509e+02 1.700000000000000000e+02 3.103027038574218750e+02
9.669360000000000355e+02 6.600000000000000000e+01 3.102924804687500000e+02
9.672720000000000482e+02 1.210000000000000000e+02 3.103038330078125000e+02
9.676079999999999472e+02 2.910000000000000000e+02 3.103077087402343750e+02
9.679439999999999600e+02 1.180000000000000000e+02 3.103031921386718750e+02
9.682799999999999727e+02 1.930000000000000000e+02 3.103027038574218750e+02
9.686159999999999854e+02 1.960000000000000000e+02 3.103021850585937500e+02
9.689519999999999982e+02 1.530000000000000000e+02 3.103088378906250000e+02
9.692880000000000109e+02 1.030000000000000000e+02 3.103136901855468750e+02
9.696240000000000236e+02 1.710000000000000000e+02 3.103025512695312500e+02
9.699600000000000364e+02 9.100000000000000000e+01 3.103067626953125000e+02
9.702960000000000491e+02 6.600000000000000000e+01 3.103122253417968750e+02
9.706319999999999482e+02 1.490000000000000000e+02 3.103077392578125000e+02
9.709679999999999609e+02 1.390000000000000000e+02 3.103067932128906250e+02
9.713039999999999736e+02 1.360000000000000000e+02 3.103005676269531250e+02
9.716399999999999864e+02 1.290000000000000000e+02 3.103118286132812500e+02
9.719819999999999709e+02 1.120000000000000000e+02 3.103122558593750000e+02
9.723120000000000118e+02 6.200000000000000000e+01 3.103090209960937500e+02
9.726539999999999964e+02 2.170000000000000000e+02 3.103010864257812500e+02
9.729900000000000091e+02 1.210000000000000000e+02 3.103110046386718750e+02
9.733260000000000218e+02 1.130000000000000000e+02 3.103052978515625000e+02
9.736620000000000346e+02 1.420000000000000000e+02 3.102903442382812500e+02
9.739980000000000473e+02 1.940000000000000000e+02 3.103057861328125000e+02
9.743339999999999463e+02 1.140000000000000000e+02 3.103028564453125000e+02
9.746699999999999591e+02 1.150000000000000000e+02 3.103143310546875000e+02
9.750059999999999718e+02 9.700000000000000000e+01 3.103076171875000000e+02
9.753419999999999845e+02 1.310000000000000000e+02 3.103049316406250000e+02
