1.340500000000000114e+02 2.950000000000000000e+02 4.680077209472656250e+02
1.343870000000000005e+02 3.190000000000000000e+02 4.680136718750000000e+02
1.347230000000000132e+02 4.200000000000000000e+02 4.680185241699218750e+02
1.350589999999999975e+02 4.820000000000000000e+02 4.680137329101562500e+02
1.353959999999999866e+02 6.730000000000000000e+02 4.680145263671875000e+02
1.357319999999999993e+02 6.470000000000000000e+02 4.680196533203125000e+02
1.360680000000000121e+02 6.230000000000000000e+02 4.680089416503906250e+02
1.364050000000000011e+02 6.420000000000000000e+02 4.680152282714843750e+02
1.367410000000000139e+02 6.720000000000000000e+02 4.680124511718750000e+02
1.370769999999999982e+02 8.450000000000000000e+02 4.680094909667968750e+02
1.374139999999999873e+02 7.630000000000000000e+02 4.680129699707031250e+02
1.377500000000000000e+02 6.450000000000000000e+02 4.680195922851562500e+02
1.380860000000000127e+02 6.490000000000000000e+02 4.680263977050781250e+02
1.384230000000000018e+02 5.770000000000000000e+02 4.680127563476562500e+02
1.387589999999999861e+02 6.710000000000000000e+02 4.680133361816406250e+02
1.390949999999999989e+02 6.330000000000000000e+02 4.680082397460937500e+02
1.394329999999999927e+02 5.160000000000000000e+02 4.680200195312500000e+02
1.397690000000000055e+02 6.210000000000000000e+02 4.680113525390625000e+02
1.401059999999999945e+02 4.220000000000000000e+02 4.680130310058593750e+02
1.404420000000000073e+02 4.400000000000000000e+02 4.680155639648437500e+02
1.407779999999999916e+02 4.860000000000000000e+02 4.680175476074218750e+02
1.411140000000000043e+02 4.950000000000000000e+02 4.680139465332031250e+02
1.414509999999999934e+02 5.750000000000000000e+02 4.680078735351562500e+02
1.417870000000000061e+02 5.200000000000000000e+02 4.680188293457031250e+02
1.421229999999999905e+02 4.570000000000000000e+02 4.680172119140625000e+02
1.424600000000000080e+02 6.570000000000000000e+02 4.680179443359375000e+02
1.427959999999999923e+02 4.440000000000000000e+02 4.680128173828125000e+02
1.431320000000000050e+02 3.380000000000000000e+02 4.680209655761718750e+02
1.434689999999999941e+02 5.220000000000000000e+02 4.680145874023437500e+02
1.438050000000000068e+02 4.480000000000000000e+02 4.680226440429687500e+02
1.441409999999999911e+02 3.770000000000000000e+02 4.680092468261718750e+02
1.444770000000000039e+02 3.530000000000000000e+02 4.680118713378906250e+02
1.448149999999999977e+02 4.500000000000000000e+02 4.680107421875000000e+02
1.451510000000000105e+02 3.320000000000000000e+02 4.680119323730468750e+02
1.454869999999999948e+02 3.420000000000000000e+02 4.680106506347656250e+02
1.458240000000000123e+02 2.530000000000000000e+02 4.680218200683593750e+02
1.461599999999999966e+02 2.430000000000000000e+02 4.680122680664062500e+02
1.464960000000000093e+02 1.950000000000000000e+02 4.680280456542968750e+02
1.468329999999999984e+02 2.130000000000000000e+02 4.680111694335937500e+02
1.471690000000000111e+02 1.900000000000000000e+02 4.680168762207031250e+02
