4.087700000000000244e+01 3.290000000000000000e+02 5.670457153320312500e+02
4.121300000000000097e+01 6.400000000000000000e+02 5.670369873046875000e+02
4.154899999999999949e+01 8.200000000000000000e+02 5.670509033203125000e+02
4.188499999999999801e+01 5.320000000000000000e+02 5.670454101562500000e+02
4.222200000000000131e+01 3.670000000000000000e+02 5.670570678710937500e+02
4.255799999999999983e+01 3.040000000000000000e+02 5.670384521484375000e+02
4.289399999999999835e+01 3.400000000000000000e+02 5.670502319335937500e+02
4.323100000000000165e+01 2.800000000000000000e+02 5.670516357421875000e+02
4.356700000000000017e+01 3.170000000000000000e+02 5.670478515625000000e+02
4.390299999999999869e+01 2.770000000000000000e+02 5.670402221679687500e+02
4.424000000000000199e+01 3.350000000000000000e+02 5.670546875000000000e+02
