4.121300000000000097e+01 1.700000000000000000e+02 2.420327148437500000e+02
4.154899999999999949e+01 5.690000000000000000e+02 2.420465087890625000e+02
4.188499999999999801e+01 7.240000000000000000e+02 2.420432281494140625e+02
4.222200000000000131e+01 6.550000000000000000e+02 2.420486907958984375e+02
4.255799999999999983e+01 3.950000000000000000e+02 2.420480041503906250e+02
4.289399999999999835e+01 6.710000000000000000e+02 2.420448303222656250e+02
4.323100000000000165e+01 8.090000000000000000e+02 2.420475769042968750e+02
4.356700000000000017e+01 6.540000000000000000e+02 2.420446929931640625e+02
4.390299999999999869e+01 4.680000000000000000e+02 2.420523071289062500e+02
4.424000000000000199e+01 4.940000000000000000e+02 2.420453948974609375e+02
4.457600000000000051e+01 5.690000000000000000e+02 2.420458221435546875e+02
4.491199999999999903e+01 6.210000000000000000e+02 2.420447082519531250e+02
4.524799999999999756e+01 5.180000000000000000e+02 2.420417785644531250e+02
4.558500000000000085e+01 2.440000000000000000e+02 2.420303497314453125e+02
