4.532789999999999964e+02 1.650000000000000000e+02 3.811318054199218750e+02
4.536150000000000091e+02 2.290000000000000000e+02 3.811338195800781250e+02
4.539510000000000218e+02 3.430000000000000000e+02 3.811305541992187500e+02
4.542880000000000109e+02 5.070000000000000000e+02 3.811243286132812500e+02
4.546240000000000236e+02 5.760000000000000000e+02 3.811318664550781250e+02
4.549599999999999795e+02 7.440000000000000000e+02 3.811360168457031250e+02
4.552959999999999923e+02 6.280000000000000000e+02 3.811318054199218750e+02
4.556329999999999814e+02 7.990000000000000000e+02 3.811280822753906250e+02
4.559689999999999941e+02 7.030000000000000000e+02 3.811303100585937500e+02
4.563050000000000068e+02 7.590000000000000000e+02 3.811256408691406250e+02
4.566419999999999959e+02 7.910000000000000000e+02 3.811267700195312500e+02
4.569780000000000086e+02 4.820000000000000000e+02 3.811313476562500000e+02
4.573140000000000214e+02 5.320000000000000000e+02 3.811307678222656250e+02
4.576499999999999773e+02 3.600000000000000000e+02 3.811295166015625000e+02
4.579870000000000232e+02 2.080000000000000000e+02 3.811412963867187500e+02
4.583229999999999791e+02 1.540000000000000000e+02 3.811274719238281250e+02
