3.482099999999999795e+01 1.127000000000000000e+03 2.060221405029296875e+02
3.515699999999999648e+01 1.163000000000000000e+03 2.060219268798828125e+02
3.549300000000000210e+01 1.018000000000000000e+03 2.060207519531250000e+02
3.582900000000000063e+01 8.310000000000000000e+02 2.060207672119140625e+02
3.616599999999999682e+01 9.300000000000000000e+02 2.060209808349609375e+02
3.650200000000000244e+01 7.700000000000000000e+02 2.060237731933593750e+02
3.683800000000000097e+01 1.033000000000000000e+03 2.060215148925781250e+02
3.717499999999999716e+01 5.870000000000000000e+02 2.060224609375000000e+02
3.751100000000000279e+01 5.960000000000000000e+02 2.060209350585937500e+02
3.784700000000000131e+01 8.880000000000000000e+02 2.060150604248046875e+02
3.818399999999999750e+01 7.690000000000000000e+02 2.060229339599609375e+02
3.852199999999999847e+01 6.280000000000000000e+02 2.060210876464843750e+02
3.885900000000000176e+01 6.500000000000000000e+02 2.060165863037109375e+02
3.919500000000000028e+01 6.120000000000000000e+02 2.060200042724609375e+02
3.953099999999999881e+01 5.100000000000000000e+02 2.060222778320312500e+02
3.986800000000000210e+01 5.530000000000000000e+02 2.060223693847656250e+02
4.020400000000000063e+01 4.440000000000000000e+02 2.060181274414062500e+02
4.053999999999999915e+01 3.010000000000000000e+02 2.060230407714843750e+02
4.087700000000000244e+01 6.380000000000000000e+02 2.060195312500000000e+02
4.121300000000000097e+01 4.720000000000000000e+02 2.060187835693359375e+02
4.154899999999999949e+01 9.870000000000000000e+02 2.060193328857421875e+02
4.188499999999999801e+01 1.036000000000000000e+03 2.060215606689453125e+02
4.222200000000000131e+01 9.430000000000000000e+02 2.060215759277343750e+02
4.255799999999999983e+01 7.290000000000000000e+02 2.060311431884765625e+02
4.289399999999999835e+01 4.940000000000000000e+02 2.060316314697265625e+02
4.323100000000000165e+01 8.280000000000000000e+02 2.060202484130859375e+02
4.356700000000000017e+01 7.360000000000000000e+02 2.060191345214843750e+02
4.390299999999999869e+01 8.480000000000000000e+02 2.060243835449218750e+02
4.424000000000000199e+01 1.216000000000000000e+03 2.060214080810546875e+02
4.457600000000000051e+01 7.460000000000000000e+02 2.060240936279296875e+02
4.491199999999999903e+01 9.520000000000000000e+02 2.060213165283203125e+02
4.524799999999999756e+01 1.035000000000000000e+03 2.060216522216796875e+02
4.558500000000000085e+01 1.154000000000000000e+03 2.060212249755859375e+02
4.592099999999999937e+01 9.560000000000000000e+02 2.060129241943359375e+02
4.625699999999999790e+01 1.177000000000000000e+03 2.060176849365234375e+02
4.659400000000000119e+01 8.270000000000000000e+02 2.060217742919921875e+02
4.692999999999999972e+01 5.040000000000000000e+02 2.060102233886718750e+02
4.726599999999999824e+01 8.440000000000000000e+02 2.060208740234375000e+02
4.760300000000000153e+01 6.230000000000000000e+02 2.060195312500000000e+02
4.793900000000000006e+01 7.430000000000000000e+02 2.060225067138671875e+02
4.827499999999999858e+01 7.240000000000000000e+02 2.060189514160156250e+02
4.861299999999999955e+01 6.300000000000000000e+02 2.060181732177734375e+02
4.894899999999999807e+01 6.300000000000000000e+02 2.060181884765625000e+02
4.928600000000000136e+01 6.530000000000000000e+02 2.060183410644531250e+02
4.962199999999999989e+01 7.640000000000000000e+02 2.060196228027343750e+02
4.995799999999999841e+01 6.540000000000000000e+02 2.060179138183593750e+02
5.029500000000000171e+01 3.980000000000000000e+02 2.060141754150390625e+02
5.063100000000000023e+01 4.900000000000000000e+02 2.060203704833984375e+02
5.096699999999999875e+01 5.440000000000000000e+02 2.060129547119140625e+02
5.130299999999999727e+01 4.420000000000000000e+02 2.060174255371093750e+02
5.164000000000000057e+01 3.970000000000000000e+02 2.060212707519531250e+02
5.197599999999999909e+01 6.310000000000000000e+02 2.060235900878906250e+02
5.231199999999999761e+01 4.490000000000000000e+02 2.060198822021484375e+02
5.264900000000000091e+01 3.770000000000000000e+02 2.060173187255859375e+02
5.298499999999999943e+01 2.280000000000000000e+02 2.060258331298828125e+02
5.332099999999999795e+01 3.170000000000000000e+02 2.060104675292968750e+02
5.365800000000000125e+01 2.330000000000000000e+02 2.060227966308593750e+02
5.399399999999999977e+01 5.300000000000000000e+02 2.060248107910156250e+02
5.433100000000000307e+01 2.640000000000000000e+02 2.060246429443359375e+02
5.466700000000000159e+01 2.460000000000000000e+02 2.060134582519531250e+02
5.500399999999999778e+01 3.720000000000000000e+02 2.060174865722656250e+02
5.534000000000000341e+01 1.330000000000000000e+02 2.060300903320312500e+02
5.567600000000000193e+01 1.840000000000000000e+02 2.060193328857421875e+02
5.601299999999999812e+01 1.570000000000000000e+02 2.060290527343750000e+02
5.634899999999999665e+01 2.350000000000000000e+02 2.060303649902343750e+02
5.668500000000000227e+01 2.220000000000000000e+02 2.060273590087890625e+02
5.702100000000000080e+01 2.530000000000000000e+02 2.060199584960937500e+02
5.735799999999999699e+01 2.910000000000000000e+02 2.060223388671875000e+02
5.769400000000000261e+01 2.410000000000000000e+02 2.060305633544921875e+02
5.803000000000000114e+01 2.030000000000000000e+02 2.060377197265625000e+02
5.836699999999999733e+01 1.790000000000000000e+02 2.060284118652343750e+02
5.870499999999999829e+01 2.910000000000000000e+02 2.060266876220703125e+02
5.904099999999999682e+01 1.610000000000000000e+02 2.060300750732421875e+02
5.937700000000000244e+01 1.870000000000000000e+02 2.060149230957031250e+02
5.971300000000000097e+01 1.830000000000000000e+02 2.060202789306640625e+02
6.004979999999999762e+01 1.110000000000000000e+02 2.060086364746093750e+02
6.038580000000000325e+01 2.280000000000000000e+02 2.060233917236328125e+02
6.072180000000000177e+01 2.970000000000000000e+02 2.060170135498046875e+02
6.105899999999999750e+01 2.120000000000000000e+02 2.060189514160156250e+02
6.139500000000000313e+01 4.140000000000000000e+02 2.060229187011718750e+02
6.173100000000000165e+01 3.160000000000000000e+02 2.060237731933593750e+02
6.206700000000000017e+01 2.160000000000000000e+02 2.060242919921875000e+02
6.240420000000000300e+01 2.440000000000000000e+02 2.060126190185546875e+02
6.274020000000000152e+01 2.080000000000000000e+02 2.060309295654296875e+02
6.307620000000000005e+01 3.440000000000000000e+02 2.060234222412109375e+02
6.341279999999999717e+01 2.330000000000000000e+02 2.060159454345703125e+02
6.374880000000000280e+01 1.680000000000000000e+02 2.060165863037109375e+02
6.408480000000000132e+01 3.230000000000000000e+02 2.060171356201171875e+02
