7.654439999999999600e+02 8.700000000000000000e+01 6.394034423828125000e+02
7.657799999999999727e+02 6.500000000000000000e+01 6.394024658203125000e+02
7.661159999999999854e+02 1.150000000000000000e+02 6.394086914062500000e+02
7.664519999999999982e+02 1.030000000000000000e+02 6.393896484375000000e+02
7.667880000000000109e+02 1.740000000000000000e+02 6.393973388671875000e+02
7.671240000000000236e+02 9.300000000000000000e+01 6.394104614257812500e+02
7.674600000000000364e+02 1.160000000000000000e+02 6.394002075195312500e+02
7.678020000000000209e+02 1.870000000000000000e+02 6.394011840820312500e+02
7.681319999999999482e+02 1.740000000000000000e+02 6.393986816406250000e+02
7.684740000000000464e+02 1.180000000000000000e+02 6.394028320312500000e+02
7.688099999999999454e+02 2.290000000000000000e+02 6.393916625976562500e+02
7.691459999999999582e+02 1.810000000000000000e+02 6.394124755859375000e+02
7.694819999999999709e+02 2.010000000000000000e+02 6.394078979492187500e+02
7.698179999999999836e+02 2.370000000000000000e+02 6.393979492187500000e+02
7.701539999999999964e+02 3.090000000000000000e+02 6.393998413085937500e+02
7.704900000000000091e+02 4.270000000000000000e+02 6.393973999023437500e+02
7.708260000000000218e+02 5.040000000000000000e+02 6.394057617187500000e+02
7.711620000000000346e+02 5.580000000000000000e+02 6.394047851562500000e+02
7.714980000000000473e+02 5.950000000000000000e+02 6.393983764648437500e+02
7.718339999999999463e+02 7.480000000000000000e+02 6.394036254882812500e+02
7.721699999999999591e+02 7.190000000000000000e+02 6.393961181640625000e+02
7.725059999999999718e+02 6.430000000000000000e+02 6.394019775390625000e+02
7.728419999999999845e+02 4.330000000000000000e+02 6.394041748046875000e+02
7.731779999999999973e+02 7.000000000000000000e+02 6.393967285156250000e+02
7.735140000000000100e+02 5.190000000000000000e+02 6.393940429687500000e+02
7.738500000000000227e+02 4.140000000000000000e+02 6.394017333984375000e+02
7.741860000000000355e+02 5.630000000000000000e+02 6.394013061523437500e+02
7.745280000000000200e+02 4.940000000000000000e+02 6.394016723632812500e+02
7.748579999999999472e+02 3.560000000000000000e+02 6.394013061523437500e+02
7.752000000000000455e+02 3.720000000000000000e+02 6.393988647460937500e+02
7.755359999999999445e+02 3.640000000000000000e+02 6.393969116210937500e+02
7.758719999999999573e+02 1.400000000000000000e+02 6.393975219726562500e+02
7.762079999999999700e+02 1.460000000000000000e+02 6.393971557617187500e+02
7.765439999999999827e+02 1.610000000000000000e+02 6.394041748046875000e+02
7.768799999999999955e+02 2.190000000000000000e+02 6.393945922851562500e+02
7.772160000000000082e+02 1.960000000000000000e+02 6.393922729492187500e+02
7.775520000000000209e+02 1.750000000000000000e+02 6.393981323242187500e+02
