2.749990000000000236e+02 1.600000000000000000e+02 3.831216735839843750e+02
2.753349999999999795e+02 2.890000000000000000e+02 3.831181640625000000e+02
2.756720000000000255e+02 2.360000000000000000e+02 3.831144409179687500e+02
2.760079999999999814e+02 3.920000000000000000e+02 3.831032104492187500e+02
2.763439999999999941e+02 4.640000000000000000e+02 3.831192016601562500e+02
2.766809999999999832e+02 4.840000000000000000e+02 3.831110534667968750e+02
2.770169999999999959e+02 5.240000000000000000e+02 3.831081542968750000e+02
2.773530000000000086e+02 3.590000000000000000e+02 3.831241149902343750e+02
2.776899999999999977e+02 3.560000000000000000e+02 3.831147460937500000e+02
2.780260000000000105e+02 3.270000000000000000e+02 3.831183776855468750e+02
2.783620000000000232e+02 3.450000000000000000e+02 3.831249084472656250e+02
2.786979999999999791e+02 3.160000000000000000e+02 3.831147460937500000e+02
2.790350000000000250e+02 1.790000000000000000e+02 3.831293945312500000e+02
2.793709999999999809e+02 2.660000000000000000e+02 3.831166687011718750e+02
2.797069999999999936e+02 3.410000000000000000e+02 3.831067504882812500e+02
2.800439999999999827e+02 3.560000000000000000e+02 3.831099853515625000e+02
2.803799999999999955e+02 6.800000000000000000e+02 3.831059570312500000e+02
2.807180000000000177e+02 7.370000000000000000e+02 3.831143493652343750e+02
2.810539999999999736e+02 8.460000000000000000e+02 3.831025085449218750e+02
2.813910000000000196e+02 1.018000000000000000e+03 3.831074829101562500e+02
2.817280000000000086e+02 9.890000000000000000e+02 3.831054077148437500e+02
2.820640000000000214e+02 1.295000000000000000e+03 3.831049194335937500e+02
2.823999999999999773e+02 1.030000000000000000e+03 3.831050109863281250e+02
2.827370000000000232e+02 1.028000000000000000e+03 3.831069641113281250e+02
2.830729999999999791e+02 8.700000000000000000e+02 3.831066284179687500e+02
2.834089999999999918e+02 6.700000000000000000e+02 3.831061706542968750e+02
2.837450000000000045e+02 5.840000000000000000e+02 3.831006774902343750e+02
2.840819999999999936e+02 4.030000000000000000e+02 3.831085205078125000e+02
2.844180000000000064e+02 2.670000000000000000e+02 3.831226806640625000e+02
2.847540000000000191e+02 1.820000000000000000e+02 3.831244201660156250e+02
