1.969559999999999889e+02 1.370000000000000000e+02 3.411279907226562500e+02
1.972920000000000016e+02 1.620000000000000000e+02 3.411280822753906250e+02
1.976279999999999859e+02 4.270000000000000000e+02 3.411335144042968750e+02
1.979650000000000034e+02 4.710000000000000000e+02 3.411319885253906250e+02
1.983009999999999877e+02 4.650000000000000000e+02 3.411301269531250000e+02
1.986370000000000005e+02 6.480000000000000000e+02 3.411395874023437500e+02
1.989730000000000132e+02 6.360000000000000000e+02 3.411350708007812500e+02
1.993100000000000023e+02 7.330000000000000000e+02 3.411377258300781250e+02
1.996459999999999866e+02 7.150000000000000000e+02 3.411322021484375000e+02
1.999840000000000089e+02 4.880000000000000000e+02 3.411339111328125000e+02
2.003199999999999932e+02 5.110000000000000000e+02 3.411339721679687500e+02
2.006560000000000059e+02 4.850000000000000000e+02 3.411324157714843750e+02
2.009929999999999950e+02 3.940000000000000000e+02 3.411355590820312500e+02
2.013300000000000125e+02 2.100000000000000000e+02 3.411367797851562500e+02
2.016659999999999968e+02 3.240000000000000000e+02 3.411297912597656250e+02
2.020020000000000095e+02 2.400000000000000000e+02 3.411363830566406250e+02
2.023379999999999939e+02 3.640000000000000000e+02 3.411250305175781250e+02
2.026750000000000114e+02 2.730000000000000000e+02 3.411184387207031250e+02
