2.437150000000000034e+02 1.260000000000000000e+02 3.111242675781250000e+02
2.440509999999999877e+02 2.370000000000000000e+02 3.111430664062500000e+02
2.443870000000000005e+02 9.900000000000000000e+01 3.111324157714843750e+02
2.447239999999999895e+02 2.150000000000000000e+02 3.111234741210937500e+02
2.450600000000000023e+02 2.500000000000000000e+02 3.111248779296875000e+02
2.453959999999999866e+02 3.150000000000000000e+02 3.111257324218750000e+02
2.457319999999999993e+02 5.350000000000000000e+02 3.111291503906250000e+02
2.460689999999999884e+02 6.100000000000000000e+02 3.111239013671875000e+02
2.464050000000000011e+02 7.240000000000000000e+02 3.111252136230468750e+02
2.467410000000000139e+02 6.030000000000000000e+02 3.111269531250000000e+02
2.470780000000000030e+02 5.640000000000000000e+02 3.111253051757812500e+02
2.474139999999999873e+02 4.210000000000000000e+02 3.111220703125000000e+02
2.477500000000000000e+02 4.380000000000000000e+02 3.111224060058593750e+02
2.480869999999999891e+02 3.230000000000000000e+02 3.111253356933593750e+02
2.484230000000000018e+02 4.290000000000000000e+02 3.111232910156250000e+02
2.487589999999999861e+02 2.360000000000000000e+02 3.111296386718750000e+02
2.490949999999999989e+02 2.130000000000000000e+02 3.111339416503906250e+02
2.494319999999999879e+02 1.150000000000000000e+02 3.111140136718750000e+02
2.497680000000000007e+02 2.170000000000000000e+02 3.111199340820312500e+02
2.501040000000000134e+02 2.360000000000000000e+02 3.111181030273437500e+02
2.504420000000000073e+02 2.070000000000000000e+02 3.111241149902343750e+02
