7.014119999999999777e+01 1.490000000000000000e+02 3.540471191406250000e+02
7.047719999999999629e+01 1.250000000000000000e+02 3.540850219726562500e+02
7.081380000000000052e+01 1.680000000000000000e+02 3.540859069824218750e+02
7.114979999999999905e+01 9.600000000000000000e+01 3.540712585449218750e+02
7.148579999999999757e+01 2.110000000000000000e+02 3.540817260742187500e+02
7.182299999999999329e+01 8.000000000000000000e+01 3.540503234863281250e+02
7.215900000000000603e+01 1.270000000000000000e+02 3.540668640136718750e+02
7.249500000000000455e+01 2.530000000000000000e+02 3.540665893554687500e+02
7.283220000000000027e+01 2.530000000000000000e+02 3.540685729980468750e+02
7.316819999999999879e+01 2.420000000000000000e+02 3.540586242675781250e+02
7.350419999999999732e+01 2.520000000000000000e+02 3.540497436523437500e+02
7.384019999999999584e+01 2.390000000000000000e+02 3.540726013183593750e+02
7.417680000000000007e+01 2.760000000000000000e+02 3.540688476562500000e+02
7.451279999999999859e+01 3.730000000000000000e+02 3.540670776367187500e+02
7.484879999999999711e+01 3.420000000000000000e+02 3.540704040527343750e+02
7.518600000000000705e+01 4.040000000000000000e+02 3.540598144531250000e+02
7.552200000000000557e+01 3.980000000000000000e+02 3.540630187988281250e+02
7.585800000000000409e+01 4.190000000000000000e+02 3.540688171386718750e+02
7.619519999999999982e+01 5.170000000000000000e+02 3.540639038085937500e+02
7.653119999999999834e+01 4.130000000000000000e+02 3.540650634765625000e+02
7.686719999999999686e+01 6.700000000000000000e+02 3.540635986328125000e+02
7.720380000000000109e+01 5.610000000000000000e+02 3.540637207031250000e+02
7.753979999999999961e+01 4.630000000000000000e+02 3.540668029785156250e+02
7.787579999999999814e+01 5.890000000000000000e+02 3.540594177246093750e+02
7.821179999999999666e+01 5.860000000000000000e+02 3.540681457519531250e+02
7.854900000000000659e+01 4.840000000000000000e+02 3.540685424804687500e+02
7.888679999999999382e+01 4.850000000000000000e+02 3.540645751953125000e+02
7.922280000000000655e+01 6.190000000000000000e+02 3.540653076171875000e+02
7.955880000000000507e+01 7.150000000000000000e+02 3.540662536621093750e+02
7.989480000000000359e+01 4.490000000000000000e+02 3.540657348632812500e+02
8.023199999999999932e+01 5.820000000000000000e+02 3.540659790039062500e+02
8.056799999999999784e+01 4.030000000000000000e+02 3.540552673339843750e+02
8.090399999999999636e+01 4.550000000000000000e+02 3.540579223632812500e+02
8.124120000000000630e+01 4.100000000000000000e+02 3.540613403320312500e+02
8.157720000000000482e+01 3.020000000000000000e+02 3.540730590820312500e+02
8.191320000000000334e+01 3.580000000000000000e+02 3.540643615722656250e+02
8.224979999999999336e+01 3.320000000000000000e+02 3.540583496093750000e+02
8.258580000000000609e+01 2.110000000000000000e+02 3.540586853027343750e+02
8.292180000000000462e+01 2.540000000000000000e+02 3.540687866210937500e+02
8.325780000000000314e+01 1.910000000000000000e+02 3.540571594238281250e+02
8.359499999999999886e+01 1.620000000000000000e+02 3.540545349121093750e+02
8.393099999999999739e+01 1.770000000000000000e+02 3.540716552734375000e+02
8.426699999999999591e+01 1.510000000000000000e+02 3.540665893554687500e+02
8.460420000000000584e+01 1.280000000000000000e+02 3.540664672851562500e+02
