2.181479999999999961e+02 1.930000000000000000e+02 4.231284790039062500e+02
2.184840000000000089e+02 3.010000000000000000e+02 4.231308593750000000e+02
2.188209999999999980e+02 4.120000000000000000e+02 4.231313476562500000e+02
2.191570000000000107e+02 6.160000000000000000e+02 4.231307373046875000e+02
2.194929999999999950e+02 8.990000000000000000e+02 4.231332397460937500e+02
2.198300000000000125e+02 5.180000000000000000e+02 4.231366577148437500e+02
2.201670000000000016e+02 8.990000000000000000e+02 4.231319580078125000e+02
2.205039999999999907e+02 9.470000000000000000e+02 4.231318969726562500e+02
2.208400000000000034e+02 6.450000000000000000e+02 4.231352539062500000e+02
2.211759999999999877e+02 3.790000000000000000e+02 4.231307067871093750e+02
2.215130000000000052e+02 3.410000000000000000e+02 4.231379089355468750e+02
2.218489999999999895e+02 2.950000000000000000e+02 4.231343383789062500e+02
2.221850000000000023e+02 3.000000000000000000e+02 4.231342468261718750e+02
2.225209999999999866e+02 2.420000000000000000e+02 4.231206970214843750e+02
