2.615430000000000064e+02 3.120000000000000000e+02 6.691423339843750000e+02
2.618799999999999955e+02 3.370000000000000000e+02 6.691522827148437500e+02
2.622169999999999845e+02 5.130000000000000000e+02 6.691450195312500000e+02
2.625529999999999973e+02 5.610000000000000000e+02 6.691430053710937500e+02
2.628890000000000100e+02 4.810000000000000000e+02 6.691499633789062500e+02
2.632259999999999991e+02 6.100000000000000000e+02 6.691472778320312500e+02
2.635620000000000118e+02 4.460000000000000000e+02 6.691514282226562500e+02
2.638980000000000246e+02 4.430000000000000000e+02 6.691527709960937500e+02
2.642339999999999804e+02 2.460000000000000000e+02 6.691519165039062500e+02
2.645710000000000264e+02 2.060000000000000000e+02 6.691325683593750000e+02
2.649069999999999823e+02 1.570000000000000000e+02 6.691483154296875000e+02
2.652429999999999950e+02 1.050000000000000000e+02 6.691416015625000000e+02
2.655799999999999841e+02 1.330000000000000000e+02 6.691337280273437500e+02
