4.263679999999999950e+02 5.883700000000000000e+04 2.870518188476562500e+02
4.267040000000000077e+02 5.022500000000000000e+04 2.870514221191406250e+02
4.270409999999999968e+02 4.298500000000000000e+04 2.870520019531250000e+02
4.273770000000000095e+02 3.510300000000000000e+04 2.870513610839843750e+02
4.277130000000000223e+02 2.856600000000000000e+04 2.870513000488281250e+02
4.280500000000000114e+02 2.220800000000000000e+04 2.870509643554687500e+02
4.283860000000000241e+02 1.612300000000000000e+04 2.870515747070312500e+02
4.287219999999999800e+02 1.230700000000000000e+04 2.870519104003906250e+02
4.290590000000000259e+02 9.446000000000000000e+03 2.870518188476562500e+02
4.293949999999999818e+02 7.617000000000000000e+03 2.870513000488281250e+02
4.297309999999999945e+02 5.916000000000000000e+03 2.870512695312500000e+02
4.300670000000000073e+02 4.487000000000000000e+03 2.870517272949218750e+02
4.304039999999999964e+02 3.600000000000000000e+03 2.870519409179687500e+02
4.307400000000000091e+02 3.359000000000000000e+03 2.870525207519531250e+02
4.310769999999999982e+02 2.446000000000000000e+03 2.870514831542968750e+02
4.314130000000000109e+02 2.214000000000000000e+03 2.870527343750000000e+02
4.317500000000000000e+02 1.794000000000000000e+03 2.870541381835937500e+02
4.320880000000000223e+02 1.577000000000000000e+03 2.870524291992187500e+02
4.324239999999999782e+02 1.841000000000000000e+03 2.870498352050781250e+02
4.327599999999999909e+02 1.709000000000000000e+03 2.870506286621093750e+02
4.330969999999999800e+02 1.398000000000000000e+03 2.870504455566406250e+02
4.334329999999999927e+02 1.267000000000000000e+03 2.870492248535156250e+02
4.337690000000000055e+02 1.424000000000000000e+03 2.870511169433593750e+02
4.341059999999999945e+02 8.840000000000000000e+02 2.870528259277343750e+02
4.344420000000000073e+02 9.480000000000000000e+02 2.870545654296875000e+02
4.347780000000000200e+02 1.094000000000000000e+03 2.870507507324218750e+02
4.351150000000000091e+02 8.250000000000000000e+02 2.870532226562500000e+02
4.354510000000000218e+02 8.600000000000000000e+02 2.870535888671875000e+02
4.357869999999999777e+02 7.050000000000000000e+02 2.870552978515625000e+02
4.361229999999999905e+02 9.010000000000000000e+02 2.870502624511718750e+02
4.364599999999999795e+02 8.720000000000000000e+02 2.870508728027343750e+02
4.367959999999999923e+02 6.950000000000000000e+02 2.870526733398437500e+02
4.371320000000000050e+02 6.960000000000000000e+02 2.870545654296875000e+02
4.374689999999999941e+02 6.700000000000000000e+02 2.870546875000000000e+02
4.378050000000000068e+02 6.570000000000000000e+02 2.870555419921875000e+02
4.381410000000000196e+02 4.980000000000000000e+02 2.870528869628906250e+02
4.384780000000000086e+02 5.550000000000000000e+02 2.870501708984375000e+02
4.388140000000000214e+02 6.010000000000000000e+02 2.870498046875000000e+02
4.391499999999999773e+02 6.790000000000000000e+02 2.870529479980468750e+02
4.394859999999999900e+02 5.440000000000000000e+02 2.870556945800781250e+02
4.398229999999999791e+02 4.620000000000000000e+02 2.870534362792968750e+02
4.401589999999999918e+02 6.350000000000000000e+02 2.870486450195312500e+02
4.404950000000000045e+02 5.030000000000000000e+02 2.870484619140625000e+02
4.408319999999999936e+02 5.190000000000000000e+02 2.870505676269531250e+02
4.411680000000000064e+02 5.730000000000000000e+02 2.870590820312500000e+02
4.415040000000000191e+02 4.790000000000000000e+02 2.870574035644531250e+02
4.418410000000000082e+02 5.670000000000000000e+02 2.870510864257812500e+02
4.421779999999999973e+02 4.440000000000000000e+02 2.870505676269531250e+02
4.425149999999999864e+02 3.900000000000000000e+02 2.870523681640625000e+02
4.428509999999999991e+02 4.470000000000000000e+02 2.870529785156250000e+02
4.431870000000000118e+02 4.610000000000000000e+02 2.870532836914062500e+02
4.435240000000000009e+02 3.020000000000000000e+02 2.870447692871093750e+02
4.438600000000000136e+02 3.480000000000000000e+02 2.870536804199218750e+02
4.441960000000000264e+02 3.510000000000000000e+02 2.870429077148437500e+02
4.445319999999999823e+02 4.240000000000000000e+02 2.870502624511718750e+02
4.448690000000000282e+02 3.910000000000000000e+02 2.870508728027343750e+02
4.452049999999999841e+02 3.520000000000000000e+02 2.870558471679687500e+02
4.455409999999999968e+02 2.980000000000000000e+02 2.870512390136718750e+02
4.458779999999999859e+02 3.970000000000000000e+02 2.870529785156250000e+02
4.462139999999999986e+02 5.450000000000000000e+02 2.870524902343750000e+02
4.465500000000000114e+02 3.540000000000000000e+02 2.870540161132812500e+02
4.468870000000000005e+02 2.720000000000000000e+02 2.870515747070312500e+02
4.472230000000000132e+02 1.680000000000000000e+02 2.870661315917968750e+02
4.475600000000000023e+02 2.170000000000000000e+02 2.870517883300781250e+02
4.478960000000000150e+02 3.000000000000000000e+02 2.870545043945312500e+02
4.482320000000000277e+02 3.220000000000000000e+02 2.870538330078125000e+02
4.485690000000000168e+02 3.170000000000000000e+02 2.870488586425781250e+02
4.489049999999999727e+02 2.790000000000000000e+02 2.870544128417968750e+02
4.492409999999999854e+02 2.420000000000000000e+02 2.870524902343750000e+02
4.495779999999999745e+02 3.050000000000000000e+02 2.870450744628906250e+02
4.499139999999999873e+02 3.930000000000000000e+02 2.870543823242187500e+02
4.502500000000000000e+02 3.250000000000000000e+02 2.870570678710937500e+02
4.505869999999999891e+02 1.930000000000000000e+02 2.870521850585937500e+02
4.509230000000000018e+02 2.790000000000000000e+02 2.870532836914062500e+02
4.512590000000000146e+02 2.940000000000000000e+02 2.870596313476562500e+02
