3.163740000000000236e+02 1.107000000000000000e+03 3.350579833984375000e+02
3.167110000000000127e+02 8.510000000000000000e+02 3.350584106445312500e+02
3.170470000000000255e+02 1.095000000000000000e+03 3.350597534179687500e+02
3.173829999999999814e+02 5.520000000000000000e+02 3.350607299804687500e+02
3.177189999999999941e+02 7.040000000000000000e+02 3.350636596679687500e+02
3.180559999999999832e+02 7.010000000000000000e+02 3.350650329589843750e+02
3.183919999999999959e+02 6.650000000000000000e+02 3.350600280761718750e+02
3.187289999999999850e+02 6.930000000000000000e+02 3.350586853027343750e+02
3.190649999999999977e+02 7.330000000000000000e+02 3.350585937500000000e+02
3.194010000000000105e+02 4.150000000000000000e+02 3.350651550292968750e+02
3.197379999999999995e+02 4.240000000000000000e+02 3.350540161132812500e+02
3.200740000000000123e+02 5.240000000000000000e+02 3.350571594238281250e+02
3.204100000000000250e+02 7.310000000000000000e+02 3.350652770996093750e+02
3.207470000000000141e+02 4.180000000000000000e+02 3.350648803710937500e+02
3.210849999999999795e+02 3.690000000000000000e+02 3.350651855468750000e+02
3.214220000000000255e+02 3.040000000000000000e+02 3.350575256347656250e+02
3.217579999999999814e+02 4.720000000000000000e+02 3.350616455078125000e+02
3.220950000000000273e+02 3.680000000000000000e+02 3.350581359863281250e+02
3.224309999999999832e+02 3.680000000000000000e+02 3.350713500976562500e+02
3.227669999999999959e+02 5.120000000000000000e+02 3.350629882812500000e+02
3.231039999999999850e+02 5.180000000000000000e+02 3.350625610351562500e+02
3.234399999999999977e+02 7.120000000000000000e+02 3.350614013671875000e+02
3.237760000000000105e+02 6.400000000000000000e+02 3.350589599609375000e+02
3.241120000000000232e+02 4.310000000000000000e+02 3.350689392089843750e+02
3.244490000000000123e+02 4.170000000000000000e+02 3.350595703125000000e+02
3.247850000000000250e+02 4.150000000000000000e+02 3.350664978027343750e+02
3.251209999999999809e+02 4.640000000000000000e+02 3.350623474121093750e+02
3.254580000000000268e+02 3.880000000000000000e+02 3.350606994628906250e+02
3.257939999999999827e+02 4.460000000000000000e+02 3.350691528320312500e+02
3.261299999999999955e+02 6.120000000000000000e+02 3.350490417480468750e+02
3.264669999999999845e+02 5.120000000000000000e+02 3.350562438964843750e+02
3.268029999999999973e+02 5.040000000000000000e+02 3.350558166503906250e+02
3.271390000000000100e+02 4.500000000000000000e+02 3.350602111816406250e+02
3.274759999999999991e+02 5.150000000000000000e+02 3.350599670410156250e+02
3.278120000000000118e+02 6.070000000000000000e+02 3.350592651367187500e+02
3.281480000000000246e+02 4.470000000000000000e+02 3.350638732910156250e+02
3.284839999999999804e+02 4.060000000000000000e+02 3.350675964355468750e+02
3.288210000000000264e+02 5.490000000000000000e+02 3.350583801269531250e+02
3.291569999999999823e+02 2.990000000000000000e+02 3.350647888183593750e+02
3.294929999999999950e+02 4.590000000000000000e+02 3.350598449707031250e+02
3.298299999999999841e+02 4.380000000000000000e+02 3.350530090332031250e+02
3.301659999999999968e+02 2.860000000000000000e+02 3.350695495605468750e+02
3.305020000000000095e+02 3.480000000000000000e+02 3.350617370605468750e+02
3.308389999999999986e+02 4.820000000000000000e+02 3.350665893554687500e+02
3.311759999999999877e+02 5.710000000000000000e+02 3.350598449707031250e+02
3.315129999999999768e+02 4.570000000000000000e+02 3.350633544921875000e+02
3.318489999999999895e+02 7.920000000000000000e+02 3.350591125488281250e+02
3.321850000000000023e+02 6.350000000000000000e+02 3.350585937500000000e+02
3.325219999999999914e+02 6.550000000000000000e+02 3.350649108886718750e+02
3.328580000000000041e+02 5.410000000000000000e+02 3.350627746582031250e+02
3.331940000000000168e+02 8.370000000000000000e+02 3.350596008300781250e+02
3.335310000000000059e+02 9.600000000000000000e+02 3.350595397949218750e+02
3.338670000000000186e+02 7.940000000000000000e+02 3.350602111816406250e+02
3.342029999999999745e+02 8.110000000000000000e+02 3.350621337890625000e+02
3.345389999999999873e+02 8.390000000000000000e+02 3.350582275390625000e+02
3.348759999999999764e+02 7.540000000000000000e+02 3.350573730468750000e+02
3.352119999999999891e+02 6.710000000000000000e+02 3.350603332519531250e+02
3.355480000000000018e+02 8.250000000000000000e+02 3.350593872070312500e+02
3.358849999999999909e+02 8.080000000000000000e+02 3.350627441406250000e+02
3.362210000000000036e+02 7.460000000000000000e+02 3.350610656738281250e+02
3.365570000000000164e+02 8.730000000000000000e+02 3.350617370605468750e+02
3.368940000000000055e+02 8.690000000000000000e+02 3.350581970214843750e+02
3.372300000000000182e+02 9.150000000000000000e+02 3.350608520507812500e+02
3.375670000000000073e+02 7.500000000000000000e+02 3.350563964843750000e+02
3.379030000000000200e+02 7.110000000000000000e+02 3.350623779296875000e+02
3.382389999999999759e+02 6.560000000000000000e+02 3.350605773925781250e+02
3.385760000000000218e+02 6.130000000000000000e+02 3.350544738769531250e+02
3.389119999999999777e+02 7.350000000000000000e+02 3.350571289062500000e+02
3.392479999999999905e+02 6.330000000000000000e+02 3.350645446777343750e+02
3.395840000000000032e+02 6.120000000000000000e+02 3.350564880371093750e+02
3.399209999999999923e+02 6.500000000000000000e+02 3.350588073730468750e+02
3.402570000000000050e+02 7.690000000000000000e+02 3.350576782226562500e+02
3.405930000000000177e+02 9.440000000000000000e+02 3.350607910156250000e+02
3.409300000000000068e+02 6.340000000000000000e+02 3.350592346191406250e+02
3.412679999999999723e+02 9.580000000000000000e+02 3.350590515136718750e+02
3.416039999999999850e+02 8.240000000000000000e+02 3.350585632324218750e+02
3.419399999999999977e+02 8.650000000000000000e+02 3.350592041015625000e+02
3.422760000000000105e+02 9.960000000000000000e+02 3.350633544921875000e+02
3.426129999999999995e+02 1.053000000000000000e+03 3.350606079101562500e+02
3.429490000000000123e+02 1.087000000000000000e+03 3.350581665039062500e+02
3.432850000000000250e+02 1.197000000000000000e+03 3.350537414550781250e+02
3.436220000000000141e+02 7.220000000000000000e+02 3.350613403320312500e+02
3.439580000000000268e+02 9.160000000000000000e+02 3.350552978515625000e+02
3.442939999999999827e+02 8.760000000000000000e+02 3.350604858398437500e+02
3.446299999999999955e+02 6.680000000000000000e+02 3.350617675781250000e+02
3.449669999999999845e+02 8.460000000000000000e+02 3.350537109375000000e+02
3.453029999999999973e+02 1.101000000000000000e+03 3.350625000000000000e+02
3.456390000000000100e+02 1.078000000000000000e+03 3.350590209960937500e+02
