3.284839999999999804e+02 6.340000000000000000e+02 3.751875915527343750e+02
3.288210000000000264e+02 7.790000000000000000e+02 3.751911926269531250e+02
3.291569999999999823e+02 9.660000000000000000e+02 3.751858825683593750e+02
3.294929999999999950e+02 1.131000000000000000e+03 3.751875000000000000e+02
3.298299999999999841e+02 1.347000000000000000e+03 3.751911010742187500e+02
3.301659999999999968e+02 1.783000000000000000e+03 3.751946411132812500e+02
3.305020000000000095e+02 2.533000000000000000e+03 3.751937561035156250e+02
3.308389999999999986e+02 2.767000000000000000e+03 3.751963195800781250e+02
3.311759999999999877e+02 2.502000000000000000e+03 3.751960754394531250e+02
3.315129999999999768e+02 3.204000000000000000e+03 3.751946411132812500e+02
3.318489999999999895e+02 2.844000000000000000e+03 3.751957397460937500e+02
3.321850000000000023e+02 2.933000000000000000e+03 3.751964416503906250e+02
3.325219999999999914e+02 3.324000000000000000e+03 3.751966857910156250e+02
3.328580000000000041e+02 3.536000000000000000e+03 3.751962585449218750e+02
3.331940000000000168e+02 4.014000000000000000e+03 3.751957397460937500e+02
3.335310000000000059e+02 4.307000000000000000e+03 3.751942138671875000e+02
3.338670000000000186e+02 4.750000000000000000e+03 3.751960754394531250e+02
3.342029999999999745e+02 4.615000000000000000e+03 3.751968688964843750e+02
3.345389999999999873e+02 4.901000000000000000e+03 3.751947937011718750e+02
3.348759999999999764e+02 4.420000000000000000e+03 3.751976928710937500e+02
3.352119999999999891e+02 4.304000000000000000e+03 3.751957397460937500e+02
3.355480000000000018e+02 3.920000000000000000e+03 3.751926879882812500e+02
3.358849999999999909e+02 3.751000000000000000e+03 3.751956176757812500e+02
3.362210000000000036e+02 2.949000000000000000e+03 3.751964111328125000e+02
3.365570000000000164e+02 2.265000000000000000e+03 3.751948852539062500e+02
3.368940000000000055e+02 2.130000000000000000e+03 3.751927795410156250e+02
3.372300000000000182e+02 1.588000000000000000e+03 3.751907043457031250e+02
3.375670000000000073e+02 1.232000000000000000e+03 3.751934204101562500e+02
3.379030000000000200e+02 1.215000000000000000e+03 3.751925354003906250e+02
3.382389999999999759e+02 9.410000000000000000e+02 3.751921997070312500e+02
3.385760000000000218e+02 5.900000000000000000e+02 3.751929016113281250e+02
3.389119999999999777e+02 4.770000000000000000e+02 3.751961975097656250e+02
3.392479999999999905e+02 4.070000000000000000e+02 3.751868591308593750e+02
3.395840000000000032e+02 4.460000000000000000e+02 3.751888427734375000e+02
3.399209999999999923e+02 3.990000000000000000e+02 3.751935424804687500e+02
