2.850910000000000082e+02 1.620000000000000000e+02 1.200522994995117188e+02
2.854270000000000209e+02 1.320000000000000000e+02 1.200531692504882812e+02
2.857629999999999768e+02 3.060000000000000000e+02 1.200529098510742188e+02
2.861000000000000227e+02 4.030000000000000000e+02 1.200526885986328125e+02
2.864359999999999786e+02 3.140000000000000000e+02 1.200559844970703125e+02
2.867719999999999914e+02 4.990000000000000000e+02 1.200502090454101562e+02
2.871089999999999804e+02 5.210000000000000000e+02 1.200530853271484375e+02
2.874449999999999932e+02 5.490000000000000000e+02 1.200515060424804688e+02
2.877810000000000059e+02 4.550000000000000000e+02 1.200541152954101562e+02
2.881170000000000186e+02 5.150000000000000000e+02 1.200524215698242188e+02
2.884540000000000077e+02 5.110000000000000000e+02 1.200541763305664062e+02
2.887900000000000205e+02 3.180000000000000000e+02 1.200546722412109375e+02
2.891259999999999764e+02 3.020000000000000000e+02 1.200499572753906250e+02
2.894630000000000223e+02 3.510000000000000000e+02 1.200536117553710938e+02
2.897989999999999782e+02 4.060000000000000000e+02 1.200539093017578125e+02
2.901360000000000241e+02 3.320000000000000000e+02 1.200538024902343750e+02
2.904719999999999800e+02 2.370000000000000000e+02 1.200521087646484375e+02
2.908100000000000023e+02 4.530000000000000000e+02 1.200560302734375000e+02
2.911460000000000150e+02 3.170000000000000000e+02 1.200547103881835938e+02
2.914830000000000041e+02 4.140000000000000000e+02 1.200528869628906250e+02
2.918190000000000168e+02 2.330000000000000000e+02 1.200524139404296875e+02
2.921549999999999727e+02 2.650000000000000000e+02 1.200533142089843750e+02
2.924920000000000186e+02 2.020000000000000000e+02 1.200500488281250000e+02
2.928279999999999745e+02 1.420000000000000000e+02 1.200604476928710938e+02
2.931639999999999873e+02 2.250000000000000000e+02 1.200538864135742188e+02
2.935009999999999764e+02 7.800000000000000000e+01 1.200593872070312500e+02
2.938369999999999891e+02 7.200000000000000000e+01 1.200497665405273438e+02
2.941730000000000018e+02 3.600000000000000000e+01 1.200529785156250000e+02
