4.700960000000000036e+02 2.110000000000000000e+02 5.041547851562500000e+02
4.704329999999999927e+02 1.960000000000000000e+02 5.041469421386718750e+02
4.707690000000000055e+02 1.850000000000000000e+02 5.041577453613281250e+02
4.711050000000000182e+02 2.390000000000000000e+02 5.041349487304687500e+02
4.714420000000000073e+02 3.010000000000000000e+02 5.041489868164062500e+02
4.717780000000000200e+02 3.100000000000000000e+02 5.041506042480468750e+02
4.721139999999999759e+02 5.440000000000000000e+02 5.041532287597656250e+02
4.724519999999999982e+02 3.110000000000000000e+02 5.041454772949218750e+02
4.727880000000000109e+02 2.310000000000000000e+02 5.041429748535156250e+02
4.731250000000000000e+02 3.670000000000000000e+02 5.041410217285156250e+02
4.734610000000000127e+02 1.820000000000000000e+02 5.041468811035156250e+02
4.737970000000000255e+02 1.160000000000000000e+02 5.041395263671875000e+02
4.741340000000000146e+02 9.600000000000000000e+01 5.041516113281250000e+02
