3.742320000000000277e+02 2.440000000000000000e+02 5.761795043945312500e+02
3.745679999999999836e+02 3.030000000000000000e+02 5.761693725585937500e+02
3.749039999999999964e+02 1.720000000000000000e+02 5.761834106445312500e+02
3.752409999999999854e+02 2.060000000000000000e+02 5.761934204101562500e+02
3.755769999999999982e+02 2.770000000000000000e+02 5.761752319335937500e+02
3.759130000000000109e+02 5.350000000000000000e+02 5.761802368164062500e+02
3.762500000000000000e+02 4.810000000000000000e+02 5.761759643554687500e+02
3.765860000000000127e+02 3.380000000000000000e+02 5.761815185546875000e+02
3.769220000000000255e+02 4.610000000000000000e+02 5.761763305664062500e+02
3.772579999999999814e+02 3.860000000000000000e+02 5.761755371093750000e+02
3.775950000000000273e+02 3.110000000000000000e+02 5.761697998046875000e+02
3.779309999999999832e+02 2.650000000000000000e+02 5.761763916015625000e+02
3.782669999999999959e+02 1.570000000000000000e+02 5.761920166015625000e+02
3.786039999999999850e+02 2.130000000000000000e+02 5.761828613281250000e+02
