9.460739999999999554e+02 5.600000000000000000e+02 5.754931640625000000e+02
9.464160000000000537e+02 4.710000000000000000e+02 5.754996948242187500e+02
9.467519999999999527e+02 4.690000000000000000e+02 5.754949951171875000e+02
9.470879999999999654e+02 5.230000000000000000e+02 5.754902343750000000e+02
9.474239999999999782e+02 4.210000000000000000e+02 5.754960937500000000e+02
9.477599999999999909e+02 5.480000000000000000e+02 5.754978637695312500e+02
9.480960000000000036e+02 4.590000000000000000e+02 5.754985351562500000e+02
9.484320000000000164e+02 6.830000000000000000e+02 5.754980468750000000e+02
9.487680000000000291e+02 5.010000000000000000e+02 5.754986572265625000e+02
9.491040000000000418e+02 3.990000000000000000e+02 5.754956054687500000e+02
9.494400000000000546e+02 4.830000000000000000e+02 5.754976806640625000e+02
9.497759999999999536e+02 6.630000000000000000e+02 5.754972534179687500e+02
9.501119999999999663e+02 5.030000000000000000e+02 5.754936523437500000e+02
9.504539999999999509e+02 4.410000000000000000e+02 5.755056152343750000e+02
9.507899999999999636e+02 6.630000000000000000e+02 5.754998779296875000e+02
9.511259999999999764e+02 4.120000000000000000e+02 5.755007934570312500e+02
9.514619999999999891e+02 5.970000000000000000e+02 5.754959106445312500e+02
9.517980000000000018e+02 4.970000000000000000e+02 5.755004272460937500e+02
9.521340000000000146e+02 3.720000000000000000e+02 5.754915161132812500e+02
9.524700000000000273e+02 5.420000000000000000e+02 5.754959716796875000e+02
9.528060000000000400e+02 4.650000000000000000e+02 5.754945678710937500e+02
9.531420000000000528e+02 6.670000000000000000e+02 5.754885864257812500e+02
9.534779999999999518e+02 4.980000000000000000e+02 5.754968261718750000e+02
9.538139999999999645e+02 4.970000000000000000e+02 5.754958496093750000e+02
9.541499999999999773e+02 4.640000000000000000e+02 5.754956665039062500e+02
9.544859999999999900e+02 6.360000000000000000e+02 5.754873046875000000e+02
9.548220000000000027e+02 5.930000000000000000e+02 5.754989013671875000e+02
9.551580000000000155e+02 3.490000000000000000e+02 5.754943237304687500e+02
9.554940000000000282e+02 4.340000000000000000e+02 5.755028076171875000e+02
9.558300000000000409e+02 5.250000000000000000e+02 5.754978637695312500e+02
9.561660000000000537e+02 5.710000000000000000e+02 5.754965820312500000e+02
9.565019999999999527e+02 5.530000000000000000e+02 5.754946289062500000e+02
9.568440000000000509e+02 5.590000000000000000e+02 5.754920654296875000e+02
9.571799999999999500e+02 5.350000000000000000e+02 5.754984130859375000e+02
9.575159999999999627e+02 3.900000000000000000e+02 5.755019531250000000e+02
9.578519999999999754e+02 3.640000000000000000e+02 5.754942626953125000e+02
9.581879999999999882e+02 4.970000000000000000e+02 5.754937744140625000e+02
9.585240000000000009e+02 4.430000000000000000e+02 5.754990844726562500e+02
9.588600000000000136e+02 4.160000000000000000e+02 5.754940185546875000e+02
9.591960000000000264e+02 4.370000000000000000e+02 5.754942626953125000e+02
9.595320000000000391e+02 3.980000000000000000e+02 5.754851074218750000e+02
9.598680000000000518e+02 4.420000000000000000e+02 5.754882202148437500e+02
9.602039999999999509e+02 3.640000000000000000e+02 5.754996337890625000e+02
9.605399999999999636e+02 5.110000000000000000e+02 5.755007324218750000e+02
9.608759999999999764e+02 5.160000000000000000e+02 5.754959716796875000e+02
9.612119999999999891e+02 3.820000000000000000e+02 5.754981689453125000e+02
9.615480000000000018e+02 4.500000000000000000e+02 5.755000610351562500e+02
9.618899999999999864e+02 3.500000000000000000e+02 5.754979858398437500e+02
9.622259999999999991e+02 5.070000000000000000e+02 5.754969482421875000e+02
9.625560000000000400e+02 5.480000000000000000e+02 5.754919433593750000e+02
9.628980000000000246e+02 4.640000000000000000e+02 5.754976806640625000e+02
9.632340000000000373e+02 3.660000000000000000e+02 5.754953002929687500e+02
9.635700000000000500e+02 4.590000000000000000e+02 5.754950561523437500e+02
9.639059999999999491e+02 5.850000000000000000e+02 5.754938964843750000e+02
9.642419999999999618e+02 5.400000000000000000e+02 5.754976196289062500e+02
9.645779999999999745e+02 5.110000000000000000e+02 5.754996337890625000e+02
9.649139999999999873e+02 6.040000000000000000e+02 5.754891967773437500e+02
9.652500000000000000e+02 3.940000000000000000e+02 5.754934692382812500e+02
9.655860000000000127e+02 3.300000000000000000e+02 5.754970092773437500e+02
9.659220000000000255e+02 5.400000000000000000e+02 5.754937133789062500e+02
9.662580000000000382e+02 5.170000000000000000e+02 5.754915161132812500e+02
9.665940000000000509e+02 5.530000000000000000e+02 5.754902954101562500e+02
9.669360000000000355e+02 4.000000000000000000e+02 5.754991455078125000e+02
9.672720000000000482e+02 4.100000000000000000e+02 5.755035400390625000e+02
9.676079999999999472e+02 4.960000000000000000e+02 5.755014038085937500e+02
9.679439999999999600e+02 6.030000000000000000e+02 5.754929809570312500e+02
9.682799999999999727e+02 4.060000000000000000e+02 5.754901733398437500e+02
9.686159999999999854e+02 3.780000000000000000e+02 5.754924316406250000e+02
9.689519999999999982e+02 5.290000000000000000e+02 5.754970092773437500e+02
9.692880000000000109e+02 6.050000000000000000e+02 5.754939575195312500e+02
9.696240000000000236e+02 4.170000000000000000e+02 5.754992065429687500e+02
9.699600000000000364e+02 4.940000000000000000e+02 5.754889526367187500e+02
9.702960000000000491e+02 3.760000000000000000e+02 5.755104370117187500e+02
9.706319999999999482e+02 4.160000000000000000e+02 5.754963989257812500e+02
9.709679999999999609e+02 4.650000000000000000e+02 5.754999389648437500e+02
9.713039999999999736e+02 3.630000000000000000e+02 5.755058593750000000e+02
9.716399999999999864e+02 4.830000000000000000e+02 5.754981689453125000e+02
9.719819999999999709e+02 3.690000000000000000e+02 5.754909667968750000e+02
9.723120000000000118e+02 3.160000000000000000e+02 5.754929199218750000e+02
9.726539999999999964e+02 4.270000000000000000e+02 5.754994506835937500e+02
9.729900000000000091e+02 3.550000000000000000e+02 5.754992065429687500e+02
9.733260000000000218e+02 4.510000000000000000e+02 5.754993286132812500e+02
9.736620000000000346e+02 4.710000000000000000e+02 5.754948730468750000e+02
9.739980000000000473e+02 4.810000000000000000e+02 5.754993286132812500e+02
9.743339999999999463e+02 4.380000000000000000e+02 5.754999389648437500e+02
9.746699999999999591e+02 4.760000000000000000e+02 5.755018920898437500e+02
9.750059999999999718e+02 3.590000000000000000e+02 5.755006103515625000e+02
9.753419999999999845e+02 4.210000000000000000e+02 5.754967651367187500e+02
