3.305020000000000095e+02 2.970000000000000000e+02 3.771782226562500000e+02
3.308389999999999986e+02 2.650000000000000000e+02 3.771873168945312500e+02
3.311759999999999877e+02 2.770000000000000000e+02 3.771878356933593750e+02
3.315129999999999768e+02 1.820000000000000000e+02 3.771847839355468750e+02
3.318489999999999895e+02 2.350000000000000000e+02 3.771791687011718750e+02
3.321850000000000023e+02 1.520000000000000000e+02 3.771808166503906250e+02
3.325219999999999914e+02 1.900000000000000000e+02 3.771800231933593750e+02
3.328580000000000041e+02 2.650000000000000000e+02 3.771823120117187500e+02
3.331940000000000168e+02 5.080000000000000000e+02 3.771962890625000000e+02
3.335310000000000059e+02 2.780000000000000000e+02 3.771895141601562500e+02
3.338670000000000186e+02 2.110000000000000000e+02 3.771869812011718750e+02
