4.121300000000000097e+01 4.920000000000000000e+02 4.940085754394531250e+02
4.154899999999999949e+01 4.020000000000000000e+02 4.940123596191406250e+02
4.188499999999999801e+01 3.410000000000000000e+02 4.940114440917968750e+02
4.222200000000000131e+01 5.060000000000000000e+02 4.940080261230468750e+02
4.255799999999999983e+01 2.100000000000000000e+02 4.940162353515625000e+02
4.289399999999999835e+01 2.420000000000000000e+02 4.940186157226562500e+02
4.323100000000000165e+01 2.990000000000000000e+02 4.940139160156250000e+02
4.356700000000000017e+01 2.710000000000000000e+02 4.940188903808593750e+02
4.390299999999999869e+01 2.560000000000000000e+02 4.940149230957031250e+02
4.424000000000000199e+01 2.980000000000000000e+02 4.940183410644531250e+02
4.457600000000000051e+01 4.210000000000000000e+02 4.940154113769531250e+02
