3.476569999999999823e+02 2.100000000000000000e+02 4.011477966308593750e+02
3.479940000000000282e+02 1.490000000000000000e+02 4.011375732421875000e+02
3.483299999999999841e+02 2.430000000000000000e+02 4.011307373046875000e+02
3.486659999999999968e+02 1.760000000000000000e+02 4.011549072265625000e+02
3.490029999999999859e+02 2.430000000000000000e+02 4.011444091796875000e+02
3.493389999999999986e+02 2.220000000000000000e+02 4.011494445800781250e+02
3.496750000000000114e+02 1.530000000000000000e+02 4.011556701660156250e+02
3.500110000000000241e+02 2.220000000000000000e+02 4.011461181640625000e+02
3.503480000000000132e+02 3.360000000000000000e+02 4.011444091796875000e+02
3.506840000000000259e+02 3.200000000000000000e+02 4.011353454589843750e+02
3.510199999999999818e+02 3.290000000000000000e+02 4.011514587402343750e+02
3.513580000000000041e+02 3.140000000000000000e+02 4.011533813476562500e+02
3.516940000000000168e+02 2.700000000000000000e+02 4.011417541503906250e+02
3.520310000000000059e+02 3.400000000000000000e+02 4.011413879394531250e+02
3.523670000000000186e+02 2.740000000000000000e+02 4.011539611816406250e+02
3.527040000000000077e+02 3.070000000000000000e+02 4.011349182128906250e+02
3.530400000000000205e+02 4.280000000000000000e+02 4.011472167968750000e+02
3.533759999999999764e+02 3.000000000000000000e+02 4.011424560546875000e+02
3.537130000000000223e+02 2.510000000000000000e+02 4.011537170410156250e+02
3.540489999999999782e+02 3.190000000000000000e+02 4.011459350585937500e+02
3.543849999999999909e+02 4.700000000000000000e+02 4.011485900878906250e+02
3.547219999999999800e+02 2.320000000000000000e+02 4.011376342773437500e+02
3.550579999999999927e+02 3.890000000000000000e+02 4.011399536132812500e+02
