3.900400000000000205e+02 1.120000000000000000e+02 1.811083679199218750e+02
3.903759999999999764e+02 1.420000000000000000e+02 1.811097869873046875e+02
3.907130000000000223e+02 5.200000000000000000e+01 1.811187591552734375e+02
3.910489999999999782e+02 1.670000000000000000e+02 1.811209106445312500e+02
3.913849999999999909e+02 1.420000000000000000e+02 1.811170501708984375e+02
3.917230000000000132e+02 2.100000000000000000e+02 1.811201324462890625e+02
3.920590000000000259e+02 4.610000000000000000e+02 1.811158599853515625e+02
3.923960000000000150e+02 2.560000000000000000e+02 1.811162109375000000e+02
3.927320000000000277e+02 2.890000000000000000e+02 1.811155548095703125e+02
3.930679999999999836e+02 3.260000000000000000e+02 1.811171112060546875e+02
3.934049999999999727e+02 2.710000000000000000e+02 1.811200714111328125e+02
3.937409999999999854e+02 2.840000000000000000e+02 1.811172332763671875e+02
3.940769999999999982e+02 2.020000000000000000e+02 1.811123809814453125e+02
3.944139999999999873e+02 2.670000000000000000e+02 1.811179809570312500e+02
3.947500000000000000e+02 1.790000000000000000e+02 1.811170349121093750e+02
3.950860000000000127e+02 1.440000000000000000e+02 1.811234283447265625e+02
3.954230000000000018e+02 1.190000000000000000e+02 1.811150512695312500e+02
3.957590000000000146e+02 1.590000000000000000e+02 1.811335144042968750e+02
3.960950000000000273e+02 1.080000000000000000e+02 1.811153411865234375e+02
3.964309999999999832e+02 7.500000000000000000e+01 1.811137237548828125e+02
3.967679999999999723e+02 1.460000000000000000e+02 1.811100463867187500e+02
