8.115299999999999727e+02 2.310000000000000000e+02 5.754990844726562500e+02
8.118659999999999854e+02 2.810000000000000000e+02 5.754948120117187500e+02
8.122019999999999982e+02 2.490000000000000000e+02 5.755005493164062500e+02
8.125380000000000109e+02 2.610000000000000000e+02 5.754995727539062500e+02
8.128740000000000236e+02 3.910000000000000000e+02 5.754949951171875000e+02
8.132100000000000364e+02 3.390000000000000000e+02 5.754949951171875000e+02
8.135460000000000491e+02 2.800000000000000000e+02 5.754946899414062500e+02
8.138819999999999482e+02 1.860000000000000000e+02 5.754912719726562500e+02
8.142179999999999609e+02 2.200000000000000000e+02 5.754998168945312500e+02
8.145539999999999736e+02 2.590000000000000000e+02 5.754872436523437500e+02
8.148899999999999864e+02 2.210000000000000000e+02 5.754929809570312500e+02
8.152259999999999991e+02 3.110000000000000000e+02 5.755008544921875000e+02
8.155679999999999836e+02 3.770000000000000000e+02 5.754906616210937500e+02
8.159039999999999964e+02 3.430000000000000000e+02 5.754911499023437500e+02
8.162340000000000373e+02 3.220000000000000000e+02 5.755015258789062500e+02
8.165700000000000500e+02 3.270000000000000000e+02 5.754935302734375000e+02
8.169120000000000346e+02 3.110000000000000000e+02 5.754948120117187500e+02
8.172480000000000473e+02 2.420000000000000000e+02 5.755020141601562500e+02
8.175839999999999463e+02 2.270000000000000000e+02 5.754970703125000000e+02
8.179199999999999591e+02 2.760000000000000000e+02 5.755046997070312500e+02
8.182559999999999718e+02 3.810000000000000000e+02 5.754981079101562500e+02
8.185919999999999845e+02 2.590000000000000000e+02 5.755020141601562500e+02
8.189279999999999973e+02 2.180000000000000000e+02 5.754954833984375000e+02
8.192640000000000100e+02 4.060000000000000000e+02 5.754960937500000000e+02
8.196000000000000227e+02 3.320000000000000000e+02 5.754938354492187500e+02
8.199360000000000355e+02 2.380000000000000000e+02 5.755006103515625000e+02
8.202720000000000482e+02 2.770000000000000000e+02 5.755050659179687500e+02
8.206079999999999472e+02 3.430000000000000000e+02 5.755032958984375000e+02
8.209439999999999600e+02 2.380000000000000000e+02 5.754963989257812500e+02
8.212799999999999727e+02 3.650000000000000000e+02 5.754923095703125000e+02
8.216159999999999854e+02 2.400000000000000000e+02 5.755037841796875000e+02
8.219519999999999982e+02 1.990000000000000000e+02 5.754940185546875000e+02
8.222939999999999827e+02 2.820000000000000000e+02 5.754920654296875000e+02
8.226299999999999955e+02 3.270000000000000000e+02 5.754936523437500000e+02
8.229600000000000364e+02 2.740000000000000000e+02 5.754887084960937500e+02
8.232960000000000491e+02 3.480000000000000000e+02 5.754932861328125000e+02
8.236380000000000337e+02 3.280000000000000000e+02 5.754887695312500000e+02
8.239740000000000464e+02 2.630000000000000000e+02 5.754938964843750000e+02
8.243099999999999454e+02 2.650000000000000000e+02 5.754942626953125000e+02
8.246459999999999582e+02 2.350000000000000000e+02 5.754934082031250000e+02
8.249819999999999709e+02 2.830000000000000000e+02 5.754912109375000000e+02
8.253179999999999836e+02 2.740000000000000000e+02 5.754922485351562500e+02
8.256539999999999964e+02 3.150000000000000000e+02 5.754934082031250000e+02
8.259900000000000091e+02 2.790000000000000000e+02 5.754926147460937500e+02
8.263260000000000218e+02 4.600000000000000000e+02 5.754966430664062500e+02
8.266620000000000346e+02 2.280000000000000000e+02 5.755025634765625000e+02
8.269980000000000473e+02 2.760000000000000000e+02 5.754957885742187500e+02
8.273400000000000318e+02 2.810000000000000000e+02 5.754976196289062500e+02
8.276699999999999591e+02 3.410000000000000000e+02 5.754870605468750000e+02
8.280119999999999436e+02 2.690000000000000000e+02 5.754933471679687500e+02
8.283479999999999563e+02 2.360000000000000000e+02 5.754925537109375000e+02
8.286839999999999691e+02 3.180000000000000000e+02 5.754927978515625000e+02
8.290199999999999818e+02 2.870000000000000000e+02 5.754910888671875000e+02
8.293559999999999945e+02 2.840000000000000000e+02 5.755067138671875000e+02
8.296920000000000073e+02 3.780000000000000000e+02 5.754888916015625000e+02
8.300280000000000200e+02 2.090000000000000000e+02 5.754985351562500000e+02
8.303640000000000327e+02 2.120000000000000000e+02 5.754993286132812500e+02
8.307000000000000455e+02 3.660000000000000000e+02 5.754984130859375000e+02
8.310359999999999445e+02 1.740000000000000000e+02 5.754923095703125000e+02
8.313719999999999573e+02 3.520000000000000000e+02 5.754926147460937500e+02
8.317079999999999700e+02 3.740000000000000000e+02 5.754982910156250000e+02
8.320439999999999827e+02 3.260000000000000000e+02 5.754879150390625000e+02
8.323799999999999955e+02 2.160000000000000000e+02 5.754998779296875000e+02
8.327160000000000082e+02 2.990000000000000000e+02 5.755015869140625000e+02
8.330520000000000209e+02 2.980000000000000000e+02 5.754859619140625000e+02
8.333880000000000337e+02 2.930000000000000000e+02 5.755022583007812500e+02
8.337240000000000464e+02 3.510000000000000000e+02 5.754925537109375000e+02
8.340660000000000309e+02 2.910000000000000000e+02 5.755007324218750000e+02
8.343959999999999582e+02 3.350000000000000000e+02 5.754879760742187500e+02
8.347380000000000564e+02 2.720000000000000000e+02 5.755008544921875000e+02
8.350739999999999554e+02 2.030000000000000000e+02 5.754949340820312500e+02
8.354099999999999682e+02 2.640000000000000000e+02 5.755012207031250000e+02
8.357459999999999809e+02 3.070000000000000000e+02 5.755017089843750000e+02
8.360819999999999936e+02 3.440000000000000000e+02 5.755018310546875000e+02
8.364180000000000064e+02 4.070000000000000000e+02 5.754916992187500000e+02
8.367540000000000191e+02 3.760000000000000000e+02 5.754960327148437500e+02
8.370900000000000318e+02 3.320000000000000000e+02 5.754914550781250000e+02
8.374260000000000446e+02 3.110000000000000000e+02 5.754987792968750000e+02
8.377619999999999436e+02 3.680000000000000000e+02 5.754924316406250000e+02
8.380979999999999563e+02 4.160000000000000000e+02 5.754897460937500000e+02
8.384400000000000546e+02 2.400000000000000000e+02 5.754920043945312500e+02
8.387759999999999536e+02 3.380000000000000000e+02 5.754931640625000000e+02
8.391119999999999663e+02 2.780000000000000000e+02 5.754986572265625000e+02
8.394479999999999791e+02 4.730000000000000000e+02 5.754938964843750000e+02
8.397839999999999918e+02 3.510000000000000000e+02 5.754918212890625000e+02
8.401200000000000045e+02 2.750000000000000000e+02 5.755042724609375000e+02
8.404560000000000173e+02 3.750000000000000000e+02 5.754936523437500000e+02
8.407920000000000300e+02 3.160000000000000000e+02 5.754942016601562500e+02
