9.301380000000000337e+01 1.920000000000000000e+02 3.431104736328125000e+02
9.334980000000000189e+01 1.710000000000000000e+02 3.431220092773437500e+02
9.368580000000000041e+01 1.520000000000000000e+02 3.431128540039062500e+02
9.402179999999999893e+01 2.950000000000000000e+02 3.431132507324218750e+02
9.435899999999999466e+01 1.440000000000000000e+02 3.431120910644531250e+02
9.469499999999999318e+01 1.610000000000000000e+02 3.431010437011718750e+02
9.503100000000000591e+01 3.410000000000000000e+02 3.431125183105468750e+02
9.536820000000000164e+01 1.380000000000000000e+02 3.431155395507812500e+02
9.570420000000000016e+01 2.540000000000000000e+02 3.431084899902343750e+02
9.604019999999999868e+01 3.400000000000000000e+02 3.431144714355468750e+02
9.637680000000000291e+01 2.410000000000000000e+02 3.431176757812500000e+02
9.671280000000000143e+01 3.760000000000000000e+02 3.431175231933593750e+02
9.704879999999999995e+01 2.060000000000000000e+02 3.431167297363281250e+02
9.738599999999999568e+01 2.400000000000000000e+02 3.431105041503906250e+02
9.772199999999999420e+01 4.090000000000000000e+02 3.431159057617187500e+02
9.805800000000000693e+01 2.380000000000000000e+02 3.431221618652343750e+02
9.839400000000000546e+01 4.450000000000000000e+02 3.431144104003906250e+02
9.873120000000000118e+01 1.880000000000000000e+02 3.431192016601562500e+02
9.906900000000000261e+01 3.840000000000000000e+02 3.431103820800781250e+02
9.940500000000000114e+01 3.310000000000000000e+02 3.431145935058593750e+02
9.974099999999999966e+01 3.090000000000000000e+02 3.431062316894531250e+02
1.000769999999999982e+02 3.140000000000000000e+02 3.431221008300781250e+02
1.004140000000000015e+02 4.140000000000000000e+02 3.431091308593750000e+02
1.007500000000000000e+02 2.980000000000000000e+02 3.431122436523437500e+02
1.010870000000000033e+02 2.860000000000000000e+02 3.431117248535156250e+02
1.014230000000000018e+02 3.230000000000000000e+02 3.431143493652343750e+02
1.017600000000000051e+02 4.210000000000000000e+02 3.431144104003906250e+02
1.020960000000000036e+02 2.020000000000000000e+02 3.431128540039062500e+02
1.024330000000000069e+02 2.450000000000000000e+02 3.431173400878906250e+02
1.027690000000000055e+02 1.920000000000000000e+02 3.431141357421875000e+02
1.031050000000000040e+02 2.140000000000000000e+02 3.431140747070312500e+02
1.034419999999999931e+02 1.650000000000000000e+02 3.431123046875000000e+02
1.037780000000000058e+02 1.620000000000000000e+02 3.431240539550781250e+02
1.041140000000000043e+02 2.300000000000000000e+02 3.431113586425781250e+02
1.044509999999999934e+02 1.530000000000000000e+02 3.431207885742187500e+02
1.047870000000000061e+02 1.740000000000000000e+02 3.431032104492187500e+02
