1.989730000000000132e+02 1.680000000000000000e+02 3.490985107421875000e+02
1.993100000000000023e+02 2.090000000000000000e+02 3.491001586914062500e+02
1.996459999999999866e+02 2.430000000000000000e+02 3.490922546386718750e+02
1.999840000000000089e+02 1.760000000000000000e+02 3.490782775878906250e+02
2.003199999999999932e+02 2.730000000000000000e+02 3.490868530273437500e+02
2.006560000000000059e+02 4.420000000000000000e+02 3.490914306640625000e+02
2.009929999999999950e+02 3.760000000000000000e+02 3.490897521972656250e+02
2.013300000000000125e+02 3.470000000000000000e+02 3.490860290527343750e+02
2.016659999999999968e+02 2.510000000000000000e+02 3.490896911621093750e+02
2.020020000000000095e+02 1.530000000000000000e+02 3.491002197265625000e+02
2.023379999999999939e+02 2.730000000000000000e+02 3.490972290039062500e+02
2.026750000000000114e+02 1.900000000000000000e+02 3.490996704101562500e+02
2.030109999999999957e+02 1.290000000000000000e+02 3.490831909179687500e+02
