6.096960000000000264e+02 6.700000000000000000e+01 2.451089019775390625e+02
6.100320000000000391e+02 9.300000000000000000e+01 2.451134796142578125e+02
6.103740000000000236e+02 2.500000000000000000e+02 2.451146392822265625e+02
6.107100000000000364e+02 1.910000000000000000e+02 2.451092987060546875e+02
6.110399999999999636e+02 2.460000000000000000e+02 2.451164703369140625e+02
6.113819999999999482e+02 2.280000000000000000e+02 2.451149597167968750e+02
6.117179999999999609e+02 3.530000000000000000e+02 2.451098022460937500e+02
6.120539999999999736e+02 3.260000000000000000e+02 2.451092529296875000e+02
6.123899999999999864e+02 4.180000000000000000e+02 2.451103820800781250e+02
6.127259999999999991e+02 4.270000000000000000e+02 2.451100921630859375e+02
6.130620000000000118e+02 4.120000000000000000e+02 2.451053466796875000e+02
6.133980000000000246e+02 3.700000000000000000e+02 2.451134338378906250e+02
6.137340000000000373e+02 4.360000000000000000e+02 2.451111145019531250e+02
6.140700000000000500e+02 4.390000000000000000e+02 2.451155242919921875e+02
6.144059999999999491e+02 2.960000000000000000e+02 2.451199645996093750e+02
6.147419999999999618e+02 3.430000000000000000e+02 2.451102600097656250e+02
6.150839999999999463e+02 2.150000000000000000e+02 2.451138763427734375e+02
6.154199999999999591e+02 2.240000000000000000e+02 2.451143646240234375e+02
6.157559999999999718e+02 1.600000000000000000e+02 2.451162414550781250e+02
6.160919999999999845e+02 1.830000000000000000e+02 2.451294860839843750e+02
6.164279999999999973e+02 1.670000000000000000e+02 2.451174621582031250e+02
6.167640000000000100e+02 8.400000000000000000e+01 2.451100921630859375e+02
6.171000000000000227e+02 8.000000000000000000e+01 2.451206359863281250e+02
6.174360000000000355e+02 1.400000000000000000e+02 2.451151580810546875e+02
6.177720000000000482e+02 1.680000000000000000e+02 2.451170959472656250e+02
6.181079999999999472e+02 1.280000000000000000e+02 2.451146850585937500e+02
6.184439999999999600e+02 1.040000000000000000e+02 2.451114807128906250e+02
6.187799999999999727e+02 7.400000000000000000e+01 2.451088104248046875e+02
6.191159999999999854e+02 7.200000000000000000e+01 2.451164245605468750e+02
6.194519999999999982e+02 1.470000000000000000e+02 2.451175079345703125e+02
6.197880000000000109e+02 5.700000000000000000e+01 2.450973968505859375e+02
