5.399399999999999977e+01 2.480000000000000000e+02 2.510361785888671875e+02
5.433100000000000307e+01 1.970000000000000000e+02 2.510102844238281250e+02
5.466700000000000159e+01 2.800000000000000000e+02 2.510252990722656250e+02
5.500399999999999778e+01 3.380000000000000000e+02 2.510175018310546875e+02
5.534000000000000341e+01 2.920000000000000000e+02 2.510233917236328125e+02
5.567600000000000193e+01 1.780000000000000000e+02 2.510282897949218750e+02
5.601299999999999812e+01 2.360000000000000000e+02 2.510334014892578125e+02
5.634899999999999665e+01 4.430000000000000000e+02 2.510314331054687500e+02
5.668500000000000227e+01 3.150000000000000000e+02 2.510318450927734375e+02
5.702100000000000080e+01 4.150000000000000000e+02 2.510380096435546875e+02
5.735799999999999699e+01 4.270000000000000000e+02 2.510281372070312500e+02
5.769400000000000261e+01 3.570000000000000000e+02 2.510178222656250000e+02
5.803000000000000114e+01 3.130000000000000000e+02 2.510287475585937500e+02
5.836699999999999733e+01 2.600000000000000000e+02 2.510442504882812500e+02
5.870499999999999829e+01 2.860000000000000000e+02 2.510177307128906250e+02
5.904099999999999682e+01 2.980000000000000000e+02 2.510311584472656250e+02
5.937700000000000244e+01 3.190000000000000000e+02 2.510271301269531250e+02
5.971300000000000097e+01 3.260000000000000000e+02 2.510313262939453125e+02
6.004979999999999762e+01 2.580000000000000000e+02 2.510281982421875000e+02
6.038580000000000325e+01 2.110000000000000000e+02 2.510132446289062500e+02
6.072180000000000177e+01 2.150000000000000000e+02 2.510274658203125000e+02
6.105899999999999750e+01 2.570000000000000000e+02 2.510370483398437500e+02
6.139500000000000313e+01 2.380000000000000000e+02 2.510193481445312500e+02
6.173100000000000165e+01 2.660000000000000000e+02 2.510229034423828125e+02
6.206700000000000017e+01 3.430000000000000000e+02 2.510237274169921875e+02
6.240420000000000300e+01 3.260000000000000000e+02 2.510250244140625000e+02
6.274020000000000152e+01 2.430000000000000000e+02 2.510310668945312500e+02
6.307620000000000005e+01 1.030000000000000000e+02 2.510420989990234375e+02
6.341279999999999717e+01 2.890000000000000000e+02 2.510381622314453125e+02
6.374880000000000280e+01 3.170000000000000000e+02 2.510361633300781250e+02
6.408480000000000132e+01 2.090000000000000000e+02 2.510215301513671875e+02
