3.515699999999999648e+01 2.610000000000000000e+02 2.080007934570312500e+02
3.549300000000000210e+01 2.140000000000000000e+02 2.080035552978515625e+02
3.582900000000000063e+01 3.810000000000000000e+02 2.080104827880859375e+02
3.616599999999999682e+01 3.060000000000000000e+02 2.080037994384765625e+02
3.650200000000000244e+01 2.750000000000000000e+02 2.080102844238281250e+02
3.683800000000000097e+01 2.950000000000000000e+02 2.080006866455078125e+02
3.717499999999999716e+01 4.120000000000000000e+02 2.079989929199218750e+02
3.751100000000000279e+01 2.190000000000000000e+02 2.079945983886718750e+02
3.784700000000000131e+01 3.760000000000000000e+02 2.079903717041015625e+02
3.818399999999999750e+01 9.600000000000000000e+01 2.080040740966796875e+02
3.852199999999999847e+01 1.890000000000000000e+02 2.080092010498046875e+02
3.885900000000000176e+01 4.000000000000000000e+02 2.080114593505859375e+02
3.919500000000000028e+01 3.000000000000000000e+02 2.080170288085937500e+02
