2.635620000000000118e+02 8.500000000000000000e+01 6.141301269531250000e+02
2.638980000000000246e+02 2.480000000000000000e+02 6.141373291015625000e+02
2.642339999999999804e+02 6.050000000000000000e+02 6.141257324218750000e+02
2.645710000000000264e+02 1.292000000000000000e+03 6.141323852539062500e+02
2.649069999999999823e+02 1.769000000000000000e+03 6.141269531250000000e+02
2.652429999999999950e+02 2.331000000000000000e+03 6.141284790039062500e+02
2.655799999999999841e+02 2.569000000000000000e+03 6.141240844726562500e+02
2.659159999999999968e+02 2.081000000000000000e+03 6.141300048828125000e+02
2.662529999999999859e+02 2.398000000000000000e+03 6.141272583007812500e+02
2.665889999999999986e+02 1.523000000000000000e+03 6.141297607421875000e+02
2.669250000000000114e+02 9.690000000000000000e+02 6.141334838867187500e+02
2.672610000000000241e+02 9.980000000000000000e+02 6.141276855468750000e+02
2.675980000000000132e+02 4.040000000000000000e+02 6.141304931640625000e+02
2.679340000000000259e+02 4.540000000000000000e+02 6.141284790039062500e+02
2.682699999999999818e+02 2.380000000000000000e+02 6.141244506835937500e+02
2.686070000000000277e+02 1.650000000000000000e+02 6.141303710937500000e+02
