4.053999999999999915e+01 2.780000000000000000e+02 3.269978942871093750e+02
4.087700000000000244e+01 4.850000000000000000e+02 3.270089416503906250e+02
4.121300000000000097e+01 4.270000000000000000e+02 3.270054321289062500e+02
4.154899999999999949e+01 3.930000000000000000e+02 3.269936523437500000e+02
4.188499999999999801e+01 1.092000000000000000e+03 3.269952697753906250e+02
4.222200000000000131e+01 1.756000000000000000e+03 3.269921264648437500e+02
4.255799999999999983e+01 1.663000000000000000e+03 3.269910583496093750e+02
4.289399999999999835e+01 1.293000000000000000e+03 3.269937438964843750e+02
4.323100000000000165e+01 1.807000000000000000e+03 3.269970092773437500e+02
4.356700000000000017e+01 1.799000000000000000e+03 3.269974670410156250e+02
4.390299999999999869e+01 2.026000000000000000e+03 3.269936828613281250e+02
4.424000000000000199e+01 1.756000000000000000e+03 3.269990234375000000e+02
4.457600000000000051e+01 1.604000000000000000e+03 3.269977722167968750e+02
4.491199999999999903e+01 8.060000000000000000e+02 3.270029296875000000e+02
4.524799999999999756e+01 9.060000000000000000e+02 3.270029907226562500e+02
4.558500000000000085e+01 5.280000000000000000e+02 3.269991455078125000e+02
4.592099999999999937e+01 7.530000000000000000e+02 3.270051879882812500e+02
4.625699999999999790e+01 4.910000000000000000e+02 3.270050048828125000e+02
4.659400000000000119e+01 6.160000000000000000e+02 3.270020141601562500e+02
4.692999999999999972e+01 4.460000000000000000e+02 3.270045776367187500e+02
4.726599999999999824e+01 4.550000000000000000e+02 3.270075683593750000e+02
4.760300000000000153e+01 4.570000000000000000e+02 3.269918518066406250e+02
4.793900000000000006e+01 6.920000000000000000e+02 3.269991760253906250e+02
4.827499999999999858e+01 4.370000000000000000e+02 3.269937133789062500e+02
4.861299999999999955e+01 5.540000000000000000e+02 3.269983215332031250e+02
4.894899999999999807e+01 6.090000000000000000e+02 3.269970092773437500e+02
4.928600000000000136e+01 5.670000000000000000e+02 3.270006408691406250e+02
4.962199999999999989e+01 4.010000000000000000e+02 3.270044555664062500e+02
4.995799999999999841e+01 5.500000000000000000e+02 3.270114135742187500e+02
5.029500000000000171e+01 3.290000000000000000e+02 3.269956359863281250e+02
5.063100000000000023e+01 3.790000000000000000e+02 3.270100097656250000e+02
