4.233410000000000082e+02 3.300000000000000000e+02 3.090461425781250000e+02
4.236779999999999973e+02 4.230000000000000000e+02 3.090382385253906250e+02
4.240140000000000100e+02 6.390000000000000000e+02 3.090338439941406250e+02
4.243500000000000227e+02 1.271000000000000000e+03 3.090341796875000000e+02
4.246870000000000118e+02 1.528000000000000000e+03 3.090341491699218750e+02
4.250230000000000246e+02 1.707000000000000000e+03 3.090353698730468750e+02
4.253589999999999804e+02 1.951000000000000000e+03 3.090350952148437500e+02
4.256960000000000264e+02 1.549000000000000000e+03 3.090370788574218750e+02
4.260319999999999823e+02 1.478000000000000000e+03 3.090350646972656250e+02
4.263679999999999950e+02 1.596000000000000000e+03 3.090347900390625000e+02
4.267040000000000077e+02 1.373000000000000000e+03 3.090339355468750000e+02
4.270409999999999968e+02 9.080000000000000000e+02 3.090326538085937500e+02
4.273770000000000095e+02 9.960000000000000000e+02 3.090348815917968750e+02
4.277130000000000223e+02 6.460000000000000000e+02 3.090400695800781250e+02
4.280500000000000114e+02 5.060000000000000000e+02 3.090322570800781250e+02
4.283860000000000241e+02 2.810000000000000000e+02 3.090340270996093750e+02
4.287219999999999800e+02 2.200000000000000000e+02 3.090304260253906250e+02
4.290590000000000259e+02 1.990000000000000000e+02 3.090375976562500000e+02
4.293949999999999818e+02 1.120000000000000000e+02 3.090370788574218750e+02
4.297309999999999945e+02 9.600000000000000000e+01 3.090415039062500000e+02
4.300670000000000073e+02 6.300000000000000000e+01 3.090246276855468750e+02
4.304039999999999964e+02 7.000000000000000000e+01 3.090290832519531250e+02
