2.097369999999999948e+02 1.910000000000000000e+02 2.690578613281250000e+02
2.100749999999999886e+02 2.620000000000000000e+02 2.690654296875000000e+02
2.104110000000000014e+02 4.400000000000000000e+02 2.690581665039062500e+02
2.107479999999999905e+02 1.057000000000000000e+03 2.690561523437500000e+02
2.110840000000000032e+02 9.960000000000000000e+02 2.690552978515625000e+02
2.114209999999999923e+02 1.115000000000000000e+03 2.690583801269531250e+02
2.117580000000000098e+02 1.347000000000000000e+03 2.690578613281250000e+02
2.120939999999999941e+02 1.890000000000000000e+03 2.690572204589843750e+02
2.124300000000000068e+02 1.849000000000000000e+03 2.690563964843750000e+02
2.127669999999999959e+02 1.823000000000000000e+03 2.690556640625000000e+02
2.131030000000000086e+02 1.712000000000000000e+03 2.690559692382812500e+02
2.134389999999999930e+02 1.588000000000000000e+03 2.690578613281250000e+02
2.137750000000000057e+02 1.193000000000000000e+03 2.690560913085937500e+02
2.141119999999999948e+02 1.429000000000000000e+03 2.690564270019531250e+02
2.144480000000000075e+02 1.055000000000000000e+03 2.690597839355468750e+02
2.147839999999999918e+02 9.260000000000000000e+02 2.690544433593750000e+02
2.151210000000000093e+02 4.990000000000000000e+02 2.690616760253906250e+02
2.154569999999999936e+02 6.360000000000000000e+02 2.690575866699218750e+02
2.157930000000000064e+02 4.390000000000000000e+02 2.690585937500000000e+02
2.161289999999999907e+02 3.940000000000000000e+02 2.690601501464843750e+02
2.164660000000000082e+02 1.660000000000000000e+02 2.690663452148437500e+02
2.168029999999999973e+02 2.560000000000000000e+02 2.690585632324218750e+02
2.171390000000000100e+02 1.390000000000000000e+02 2.690433349609375000e+02
2.174749999999999943e+02 2.350000000000000000e+02 2.690468139648437500e+02
2.178120000000000118e+02 1.880000000000000000e+02 2.690585327148437500e+02
2.181479999999999961e+02 7.500000000000000000e+01 2.690652465820312500e+02
2.184840000000000089e+02 9.600000000000000000e+01 2.690531311035156250e+02
2.188209999999999980e+02 1.820000000000000000e+02 2.690568237304687500e+02
2.191570000000000107e+02 2.740000000000000000e+02 2.690590515136718750e+02
2.194929999999999950e+02 1.010000000000000000e+02 2.690744323730468750e+02
