2.733159999999999741e+02 1.100000000000000000e+02 8.003369750976562500e+02
2.736530000000000200e+02 3.160000000000000000e+02 8.003380737304687500e+02
2.739900000000000091e+02 5.850000000000000000e+02 8.003375854492187500e+02
2.743260000000000218e+02 8.660000000000000000e+02 8.003362426757812500e+02
2.746630000000000109e+02 1.233000000000000000e+03 8.003296508789062500e+02
2.749990000000000236e+02 1.402000000000000000e+03 8.003394165039062500e+02
2.753349999999999795e+02 1.492000000000000000e+03 8.003376464843750000e+02
2.756720000000000255e+02 1.609000000000000000e+03 8.003387451171875000e+02
2.760079999999999814e+02 1.878000000000000000e+03 8.003353271484375000e+02
2.763439999999999941e+02 1.445000000000000000e+03 8.003378295898437500e+02
2.766809999999999832e+02 1.246000000000000000e+03 8.003371582031250000e+02
2.770169999999999959e+02 8.470000000000000000e+02 8.003452758789062500e+02
2.773530000000000086e+02 8.820000000000000000e+02 8.003388671875000000e+02
2.776899999999999977e+02 6.760000000000000000e+02 8.003420410156250000e+02
2.780260000000000105e+02 5.500000000000000000e+02 8.003382568359375000e+02
2.783620000000000232e+02 3.900000000000000000e+02 8.003393554687500000e+02
