3.611109999999999900e+02 2.520000000000000000e+02 5.661842651367187500e+02
3.614490000000000123e+02 2.170000000000000000e+02 5.661935424804687500e+02
3.617850000000000250e+02 2.780000000000000000e+02 5.661911621093750000e+02
3.621220000000000141e+02 1.420000000000000000e+02 5.661823120117187500e+02
3.624580000000000268e+02 2.150000000000000000e+02 5.661959228515625000e+02
3.627939999999999827e+02 2.480000000000000000e+02 5.661856079101562500e+02
3.631309999999999718e+02 2.310000000000000000e+02 5.661912231445312500e+02
3.634669999999999845e+02 2.480000000000000000e+02 5.661838378906250000e+02
3.638029999999999973e+02 3.280000000000000000e+02 5.661790771484375000e+02
3.641399999999999864e+02 2.390000000000000000e+02 5.661907348632812500e+02
3.644759999999999991e+02 3.150000000000000000e+02 5.661870117187500000e+02
3.648120000000000118e+02 2.470000000000000000e+02 5.661920776367187500e+02
3.651480000000000246e+02 2.870000000000000000e+02 5.661929931640625000e+02
3.654850000000000136e+02 3.260000000000000000e+02 5.661888427734375000e+02
3.658210000000000264e+02 2.960000000000000000e+02 5.661909179687500000e+02
3.661569999999999823e+02 3.680000000000000000e+02 5.661919555664062500e+02
3.664940000000000282e+02 2.810000000000000000e+02 5.661947631835937500e+02
3.668299999999999841e+02 3.570000000000000000e+02 5.661963500976562500e+02
3.671659999999999968e+02 2.770000000000000000e+02 5.661879882812500000e+02
3.675029999999999859e+02 4.100000000000000000e+02 5.661834716796875000e+02
3.678389999999999986e+02 3.240000000000000000e+02 5.661838989257812500e+02
3.681759999999999877e+02 3.840000000000000000e+02 5.661909179687500000e+02
3.685120000000000005e+02 5.600000000000000000e+02 5.661772460937500000e+02
3.688480000000000132e+02 4.010000000000000000e+02 5.661905517578125000e+02
3.691850000000000023e+02 4.750000000000000000e+02 5.661749877929687500e+02
3.695210000000000150e+02 2.520000000000000000e+02 5.661868896484375000e+02
3.698570000000000277e+02 5.230000000000000000e+02 5.661875000000000000e+02
3.701929999999999836e+02 4.100000000000000000e+02 5.661896972656250000e+02
3.705299999999999727e+02 2.580000000000000000e+02 5.661907958984375000e+02
3.708659999999999854e+02 2.710000000000000000e+02 5.661853637695312500e+02
3.712019999999999982e+02 2.190000000000000000e+02 5.661875610351562500e+02
3.715400000000000205e+02 2.710000000000000000e+02 5.661773681640625000e+02
3.718759999999999764e+02 3.320000000000000000e+02 5.661771240234375000e+02
3.722130000000000223e+02 2.950000000000000000e+02 5.661967163085937500e+02
3.725489999999999782e+02 4.630000000000000000e+02 5.661831054687500000e+02
3.728870000000000005e+02 2.920000000000000000e+02 5.661826171875000000e+02
3.732230000000000132e+02 5.620000000000000000e+02 5.661936035156250000e+02
3.735590000000000259e+02 6.570000000000000000e+02 5.661865234375000000e+02
3.738949999999999818e+02 4.980000000000000000e+02 5.661820068359375000e+02
3.742320000000000277e+02 9.130000000000000000e+02 5.661882934570312500e+02
3.745679999999999836e+02 1.273000000000000000e+03 5.661822509765625000e+02
3.749039999999999964e+02 1.051000000000000000e+03 5.661885986328125000e+02
3.752409999999999854e+02 1.320000000000000000e+03 5.661870727539062500e+02
3.755769999999999982e+02 1.302000000000000000e+03 5.661838989257812500e+02
3.759130000000000109e+02 1.508000000000000000e+03 5.661925659179687500e+02
3.762500000000000000e+02 1.092000000000000000e+03 5.661815795898437500e+02
3.765860000000000127e+02 1.214000000000000000e+03 5.661903076171875000e+02
3.769220000000000255e+02 1.303000000000000000e+03 5.661855468750000000e+02
3.772579999999999814e+02 9.500000000000000000e+02 5.661882934570312500e+02
3.775950000000000273e+02 7.220000000000000000e+02 5.661898193359375000e+02
3.779309999999999832e+02 5.370000000000000000e+02 5.661919555664062500e+02
3.782669999999999959e+02 3.580000000000000000e+02 5.661813354492187500e+02
3.786039999999999850e+02 3.690000000000000000e+02 5.661910400390625000e+02
3.789399999999999977e+02 2.540000000000000000e+02 5.661889038085937500e+02
3.792760000000000105e+02 2.550000000000000000e+02 5.661896972656250000e+02
3.796129999999999995e+02 1.850000000000000000e+02 5.661954956054687500e+02
3.799490000000000123e+02 2.270000000000000000e+02 5.661779174804687500e+02
3.802850000000000250e+02 9.000000000000000000e+01 5.661998291015625000e+02
3.806209999999999809e+02 9.400000000000000000e+01 5.662008056640625000e+02
