4.929710000000000036e+02 4.610000000000000000e+02 5.011974182128906250e+02
4.933070000000000164e+02 5.650000000000000000e+02 5.011943054199218750e+02
4.936440000000000055e+02 5.170000000000000000e+02 5.011884765625000000e+02
4.939809999999999945e+02 6.340000000000000000e+02 5.011929321289062500e+02
4.943170000000000073e+02 6.400000000000000000e+02 5.011871948242187500e+02
4.946530000000000200e+02 3.630000000000000000e+02 5.012028503417968750e+02
4.949900000000000091e+02 4.000000000000000000e+02 5.011887817382812500e+02
4.953260000000000218e+02 2.640000000000000000e+02 5.011886596679687500e+02
4.956619999999999777e+02 5.240000000000000000e+02 5.011969909667968750e+02
4.959990000000000236e+02 4.530000000000000000e+02 5.011914978027343750e+02
4.963349999999999795e+02 3.390000000000000000e+02 5.012046203613281250e+02
4.966709999999999923e+02 4.120000000000000000e+02 5.011994628906250000e+02
4.970070000000000050e+02 5.100000000000000000e+02 5.011955566406250000e+02
4.973439999999999941e+02 5.400000000000000000e+02 5.011945495605468750e+02
4.976800000000000068e+02 3.530000000000000000e+02 5.011911621093750000e+02
4.980160000000000196e+02 4.510000000000000000e+02 5.011789245605468750e+02
4.983530000000000086e+02 5.240000000000000000e+02 5.011913757324218750e+02
4.986890000000000214e+02 4.500000000000000000e+02 5.011954650878906250e+02
4.990249999999999773e+02 6.670000000000000000e+02 5.011881103515625000e+02
4.993620000000000232e+02 7.790000000000000000e+02 5.011907958984375000e+02
4.996979999999999791e+02 6.080000000000000000e+02 5.011861267089843750e+02
5.000339999999999918e+02 8.010000000000000000e+02 5.011923522949218750e+02
5.003700000000000045e+02 7.570000000000000000e+02 5.011995239257812500e+02
5.007069999999999936e+02 8.680000000000000000e+02 5.011893005371093750e+02
5.010430000000000064e+02 1.007000000000000000e+03 5.011925659179687500e+02
5.013790000000000191e+02 1.219000000000000000e+03 5.011914062500000000e+02
5.017160000000000082e+02 1.016000000000000000e+03 5.011919555664062500e+02
5.020520000000000209e+02 8.730000000000000000e+02 5.011946716308593750e+02
5.023879999999999768e+02 9.390000000000000000e+02 5.011905212402343750e+02
5.027269999999999754e+02 1.107000000000000000e+03 5.011863708496093750e+02
5.030629999999999882e+02 9.600000000000000000e+02 5.011894836425781250e+02
5.033990000000000009e+02 5.480000000000000000e+02 5.011864624023437500e+02
5.037359999999999900e+02 6.140000000000000000e+02 5.011874084472656250e+02
5.040720000000000027e+02 7.400000000000000000e+02 5.011843566894531250e+02
5.044080000000000155e+02 5.310000000000000000e+02 5.011911926269531250e+02
5.047450000000000045e+02 5.140000000000000000e+02 5.011822509765625000e+02
5.050810000000000173e+02 6.880000000000000000e+02 5.011948547363281250e+02
5.054169999999999732e+02 5.760000000000000000e+02 5.011909790039062500e+02
5.057540000000000191e+02 6.450000000000000000e+02 5.011890869140625000e+02
5.060899999999999750e+02 9.270000000000000000e+02 5.011848144531250000e+02
5.064259999999999877e+02 8.640000000000000000e+02 5.011914672851562500e+02
5.067629999999999768e+02 9.630000000000000000e+02 5.011882934570312500e+02
5.070989999999999895e+02 1.120000000000000000e+03 5.011920776367187500e+02
5.074350000000000023e+02 1.302000000000000000e+03 5.011936340332031250e+02
5.077710000000000150e+02 1.503000000000000000e+03 5.011949768066406250e+02
5.081080000000000041e+02 1.105000000000000000e+03 5.011920776367187500e+02
5.084440000000000168e+02 1.390000000000000000e+03 5.011939086914062500e+02
5.087799999999999727e+02 1.020000000000000000e+03 5.011921386718750000e+02
5.091170000000000186e+02 9.100000000000000000e+02 5.011954345703125000e+02
5.094529999999999745e+02 8.150000000000000000e+02 5.011888732910156250e+02
5.097889999999999873e+02 5.070000000000000000e+02 5.011944885253906250e+02
5.101259999999999764e+02 6.980000000000000000e+02 5.011884765625000000e+02
5.104619999999999891e+02 4.020000000000000000e+02 5.011911010742187500e+02
5.107989999999999782e+02 4.000000000000000000e+02 5.011856994628906250e+02
5.111349999999999909e+02 3.350000000000000000e+02 5.011844787597656250e+02
5.114710000000000036e+02 3.170000000000000000e+02 5.011896362304687500e+02
5.118070000000000164e+02 2.510000000000000000e+02 5.011894226074218750e+02
5.121440000000000055e+02 3.350000000000000000e+02 5.012054748535156250e+02
5.124800000000000182e+02 1.760000000000000000e+02 5.011970520019531250e+02
5.128179999999999836e+02 2.590000000000000000e+02 5.011859741210937500e+02
5.131539999999999964e+02 3.160000000000000000e+02 5.011826477050781250e+02
5.134900000000000091e+02 3.050000000000000000e+02 5.011967163085937500e+02
5.138269999999999982e+02 2.090000000000000000e+02 5.011968688964843750e+02
5.141630000000000109e+02 3.030000000000000000e+02 5.012003173828125000e+02
5.144990000000000236e+02 3.640000000000000000e+02 5.011870422363281250e+02
5.148360000000000127e+02 3.810000000000000000e+02 5.011950073242187500e+02
5.151720000000000255e+02 3.980000000000000000e+02 5.011940917968750000e+02
5.155080000000000382e+02 5.090000000000000000e+02 5.011848144531250000e+02
5.158450000000000273e+02 5.140000000000000000e+02 5.011919250488281250e+02
5.161810000000000400e+02 4.390000000000000000e+02 5.011867065429687500e+02
5.165170000000000528e+02 3.300000000000000000e+02 5.011889343261718750e+02
5.168529999999999518e+02 4.480000000000000000e+02 5.011971130371093750e+02
5.171900000000000546e+02 4.750000000000000000e+02 5.011818847656250000e+02
5.175259999999999536e+02 2.300000000000000000e+02 5.012013549804687500e+02
5.178619999999999663e+02 1.800000000000000000e+02 5.012042236328125000e+02
5.181989999999999554e+02 2.190000000000000000e+02 5.011887207031250000e+02
5.185349999999999682e+02 2.400000000000000000e+02 5.011995849609375000e+02
5.188709999999999809e+02 1.780000000000000000e+02 5.012012023925781250e+02
5.192079999999999700e+02 1.640000000000000000e+02 5.012102050781250000e+02
