1.313600000000000136e+02 1.940000000000000000e+02 3.031302185058593750e+02
1.316959999999999980e+02 2.220000000000000000e+02 3.031315612792968750e+02
1.320320000000000107e+02 2.710000000000000000e+02 3.031240844726562500e+02
1.323679999999999950e+02 2.070000000000000000e+02 3.031201171875000000e+02
1.327050000000000125e+02 4.790000000000000000e+02 3.031306762695312500e+02
1.330409999999999968e+02 2.840000000000000000e+02 3.031324157714843750e+02
1.333779999999999859e+02 5.460000000000000000e+02 3.031307678222656250e+02
1.337139999999999986e+02 5.680000000000000000e+02 3.031354064941406250e+02
1.340500000000000114e+02 6.930000000000000000e+02 3.031373291015625000e+02
1.343870000000000005e+02 7.630000000000000000e+02 3.031385803222656250e+02
1.347230000000000132e+02 8.290000000000000000e+02 3.031329040527343750e+02
1.350589999999999975e+02 1.245000000000000000e+03 3.031398620605468750e+02
1.353959999999999866e+02 1.024000000000000000e+03 3.031373291015625000e+02
1.357319999999999993e+02 1.238000000000000000e+03 3.031383666992187500e+02
1.360680000000000121e+02 1.496000000000000000e+03 3.031375427246093750e+02
1.364050000000000011e+02 1.089000000000000000e+03 3.031366882324218750e+02
1.367410000000000139e+02 9.090000000000000000e+02 3.031357727050781250e+02
1.370769999999999982e+02 1.106000000000000000e+03 3.031351013183593750e+02
1.374139999999999873e+02 8.990000000000000000e+02 3.031361694335937500e+02
1.377500000000000000e+02 8.390000000000000000e+02 3.031376342773437500e+02
1.380860000000000127e+02 8.860000000000000000e+02 3.031386718750000000e+02
1.384230000000000018e+02 8.130000000000000000e+02 3.031361694335937500e+02
1.387589999999999861e+02 6.790000000000000000e+02 3.031330871582031250e+02
1.390949999999999989e+02 6.800000000000000000e+02 3.031371459960937500e+02
1.394329999999999927e+02 6.530000000000000000e+02 3.031359252929687500e+02
1.397690000000000055e+02 4.720000000000000000e+02 3.031459350585937500e+02
1.401059999999999945e+02 2.850000000000000000e+02 3.031375122070312500e+02
