7.215900000000000603e+01 3.260000000000000000e+02 2.891112060546875000e+02
7.249500000000000455e+01 3.370000000000000000e+02 2.891076965332031250e+02
7.283220000000000027e+01 3.990000000000000000e+02 2.891083068847656250e+02
7.316819999999999879e+01 4.170000000000000000e+02 2.891141052246093750e+02
7.350419999999999732e+01 3.670000000000000000e+02 2.891104125976562500e+02
7.384019999999999584e+01 3.390000000000000000e+02 2.891125183105468750e+02
7.417680000000000007e+01 5.060000000000000000e+02 2.891152038574218750e+02
7.451279999999999859e+01 3.940000000000000000e+02 2.891141662597656250e+02
7.484879999999999711e+01 5.470000000000000000e+02 2.891180725097656250e+02
7.518600000000000705e+01 6.390000000000000000e+02 2.891177978515625000e+02
7.552200000000000557e+01 5.730000000000000000e+02 2.891166381835937500e+02
7.585800000000000409e+01 7.370000000000000000e+02 2.891160278320312500e+02
7.619519999999999982e+01 6.500000000000000000e+02 2.891143798828125000e+02
7.653119999999999834e+01 7.080000000000000000e+02 2.891175231933593750e+02
7.686719999999999686e+01 6.000000000000000000e+02 2.891142578125000000e+02
7.720380000000000109e+01 7.770000000000000000e+02 2.891165771484375000e+02
7.753979999999999961e+01 6.130000000000000000e+02 2.891158142089843750e+02
7.787579999999999814e+01 7.380000000000000000e+02 2.891182250976562500e+02
7.821179999999999666e+01 5.790000000000000000e+02 2.891172790527343750e+02
7.854900000000000659e+01 6.090000000000000000e+02 2.891136169433593750e+02
7.888679999999999382e+01 5.960000000000000000e+02 2.891219482421875000e+02
7.922280000000000655e+01 6.130000000000000000e+02 2.891188964843750000e+02
7.955880000000000507e+01 6.240000000000000000e+02 2.891189575195312500e+02
7.989480000000000359e+01 5.930000000000000000e+02 2.891174621582031250e+02
8.023199999999999932e+01 7.200000000000000000e+02 2.891117553710937500e+02
8.056799999999999784e+01 6.250000000000000000e+02 2.891167602539062500e+02
8.090399999999999636e+01 8.860000000000000000e+02 2.891197204589843750e+02
8.124120000000000630e+01 8.130000000000000000e+02 2.891141967773437500e+02
8.157720000000000482e+01 7.810000000000000000e+02 2.891208190917968750e+02
8.191320000000000334e+01 9.880000000000000000e+02 2.891181335449218750e+02
8.224979999999999336e+01 9.930000000000000000e+02 2.891202697753906250e+02
8.258580000000000609e+01 1.132000000000000000e+03 2.891178894042968750e+02
8.292180000000000462e+01 7.960000000000000000e+02 2.891152648925781250e+02
8.325780000000000314e+01 9.280000000000000000e+02 2.891203002929687500e+02
8.359499999999999886e+01 1.127000000000000000e+03 2.891154174804687500e+02
8.393099999999999739e+01 8.900000000000000000e+02 2.891195983886718750e+02
8.426699999999999591e+01 9.360000000000000000e+02 2.891233825683593750e+02
8.460420000000000584e+01 1.077000000000000000e+03 2.891209716796875000e+02
8.494020000000000437e+01 9.880000000000000000e+02 2.891176147460937500e+02
8.527679999999999438e+01 7.940000000000000000e+02 2.891192321777343750e+02
8.561279999999999291e+01 1.372000000000000000e+03 2.891213378906250000e+02
8.595000000000000284e+01 8.270000000000000000e+02 2.891219177246093750e+02
8.628600000000000136e+01 9.200000000000000000e+02 2.891199645996093750e+02
8.662199999999999989e+01 9.220000000000000000e+02 2.891188659667968750e+02
8.695919999999999561e+01 8.640000000000000000e+02 2.891186218261718750e+02
8.729519999999999413e+01 6.540000000000000000e+02 2.891182250976562500e+02
8.763120000000000687e+01 5.280000000000000000e+02 2.891163635253906250e+02
8.796779999999999688e+01 8.080000000000000000e+02 2.891213073730468750e+02
8.830379999999999541e+01 6.210000000000000000e+02 2.891176452636718750e+02
8.863979999999999393e+01 4.860000000000000000e+02 2.891192626953125000e+02
8.897820000000000107e+01 6.420000000000000000e+02 2.891191101074218750e+02
8.931419999999999959e+01 4.520000000000000000e+02 2.891134338378906250e+02
8.965080000000000382e+01 4.960000000000000000e+02 2.891162414550781250e+02
8.998680000000000234e+01 3.730000000000000000e+02 2.891260681152343750e+02
