1.616339999999999861e+02 2.470000000000000000e+02 2.080546722412109375e+02
1.619710000000000036e+02 2.310000000000000000e+02 2.080566406250000000e+02
1.623069999999999879e+02 3.670000000000000000e+02 2.080618591308593750e+02
1.626430000000000007e+02 5.190000000000000000e+02 2.080615997314453125e+02
1.629799999999999898e+02 6.330000000000000000e+02 2.080588684082031250e+02
1.633160000000000025e+02 9.220000000000000000e+02 2.080605010986328125e+02
1.636519999999999868e+02 8.710000000000000000e+02 2.080600738525390625e+02
1.639890000000000043e+02 9.090000000000000000e+02 2.080581665039062500e+02
1.643249999999999886e+02 1.054000000000000000e+03 2.080593109130859375e+02
1.646620000000000061e+02 1.075000000000000000e+03 2.080585784912109375e+02
1.649979999999999905e+02 1.061000000000000000e+03 2.080565948486328125e+02
1.653350000000000080e+02 6.750000000000000000e+02 2.080637207031250000e+02
1.656709999999999923e+02 1.194000000000000000e+03 2.080612792968750000e+02
1.660070000000000050e+02 9.970000000000000000e+02 2.080603027343750000e+02
1.663429999999999893e+02 8.490000000000000000e+02 2.080593872070312500e+02
1.666800000000000068e+02 8.140000000000000000e+02 2.080586090087890625e+02
1.670159999999999911e+02 1.065000000000000000e+03 2.080595550537109375e+02
1.673520000000000039e+02 1.164000000000000000e+03 2.080569763183593750e+02
1.676889999999999930e+02 9.090000000000000000e+02 2.080591583251953125e+02
1.680250000000000057e+02 8.940000000000000000e+02 2.080572357177734375e+02
1.683609999999999900e+02 7.050000000000000000e+02 2.080596466064453125e+02
1.686980000000000075e+02 5.510000000000000000e+02 2.080583343505859375e+02
1.690339999999999918e+02 5.310000000000000000e+02 2.080583801269531250e+02
1.693700000000000045e+02 5.440000000000000000e+02 2.080593414306640625e+02
1.697079999999999984e+02 3.240000000000000000e+02 2.080569152832031250e+02
1.700440000000000111e+02 2.760000000000000000e+02 2.080615081787109375e+02
1.703810000000000002e+02 2.370000000000000000e+02 2.080609283447265625e+02
1.707170000000000130e+02 3.310000000000000000e+02 2.080643005371093750e+02
1.710529999999999973e+02 9.900000000000000000e+01 2.080543823242187500e+02
1.713899999999999864e+02 9.400000000000000000e+01 2.080697174072265625e+02
1.717259999999999991e+02 1.490000000000000000e+02 2.080623168945312500e+02
1.720620000000000118e+02 1.800000000000000000e+02 2.080599212646484375e+02
1.723990000000000009e+02 1.690000000000000000e+02 2.080639801025390625e+02
1.727350000000000136e+02 7.000000000000000000e+01 2.080767822265625000e+02
1.730709999999999980e+02 6.000000000000000000e+01 2.080510559082031250e+02
1.734079999999999870e+02 1.020000000000000000e+02 2.080565185546875000e+02
1.737450000000000045e+02 6.300000000000000000e+01 2.080647125244140625e+02
1.740809999999999889e+02 5.600000000000000000e+01 2.080547332763671875e+02
1.744170000000000016e+02 9.400000000000000000e+01 2.080479125976562500e+02
1.747529999999999859e+02 2.150000000000000000e+02 2.080542755126953125e+02
