5.264900000000000091e+01 4.370000000000000000e+02 3.090703430175781250e+02
5.298499999999999943e+01 5.710000000000000000e+02 3.090791625976562500e+02
5.332099999999999795e+01 7.570000000000000000e+02 3.090752563476562500e+02
5.365800000000000125e+01 6.810000000000000000e+02 3.090712890625000000e+02
5.399399999999999977e+01 8.370000000000000000e+02 3.090777282714843750e+02
5.433100000000000307e+01 8.110000000000000000e+02 3.090794372558593750e+02
5.466700000000000159e+01 9.590000000000000000e+02 3.090825500488281250e+02
5.500399999999999778e+01 8.240000000000000000e+02 3.090817260742187500e+02
5.534000000000000341e+01 9.770000000000000000e+02 3.090817565917968750e+02
5.567600000000000193e+01 8.330000000000000000e+02 3.090863342285156250e+02
5.601299999999999812e+01 9.530000000000000000e+02 3.090834960937500000e+02
5.634899999999999665e+01 1.101000000000000000e+03 3.090816345214843750e+02
5.668500000000000227e+01 1.055000000000000000e+03 3.090787353515625000e+02
5.702100000000000080e+01 9.240000000000000000e+02 3.090810241699218750e+02
5.735799999999999699e+01 8.980000000000000000e+02 3.090780334472656250e+02
5.769400000000000261e+01 1.185000000000000000e+03 3.090785522460937500e+02
5.803000000000000114e+01 7.530000000000000000e+02 3.090863342285156250e+02
5.836699999999999733e+01 7.390000000000000000e+02 3.090802612304687500e+02
5.870499999999999829e+01 5.000000000000000000e+02 3.090744628906250000e+02
5.904099999999999682e+01 5.630000000000000000e+02 3.090731201171875000e+02
5.937700000000000244e+01 7.160000000000000000e+02 3.090787963867187500e+02
5.971300000000000097e+01 7.380000000000000000e+02 3.090809020996093750e+02
6.004979999999999762e+01 6.890000000000000000e+02 3.090705871582031250e+02
6.038580000000000325e+01 3.650000000000000000e+02 3.090646972656250000e+02
6.072180000000000177e+01 4.800000000000000000e+02 3.090732116699218750e+02
6.105899999999999750e+01 4.110000000000000000e+02 3.090745239257812500e+02
