2.770749999999999886e+02 3.300000000000000000e+02 3.030562133789062500e+02
2.774110000000000014e+02 2.560000000000000000e+02 3.030602416992187500e+02
2.777470000000000141e+02 4.100000000000000000e+02 3.030539855957031250e+02
2.780849999999999795e+02 4.090000000000000000e+02 3.030511169433593750e+02
2.784209999999999923e+02 2.390000000000000000e+02 3.030489196777343750e+02
2.787579999999999814e+02 3.690000000000000000e+02 3.030518493652343750e+02
2.790939999999999941e+02 3.610000000000000000e+02 3.030560302734375000e+02
2.794300000000000068e+02 3.010000000000000000e+02 3.030585021972656250e+02
2.797669999999999959e+02 3.950000000000000000e+02 3.030549011230468750e+02
2.801030000000000086e+02 2.760000000000000000e+02 3.030614318847656250e+02
2.804390000000000214e+02 2.800000000000000000e+02 3.030603332519531250e+02
2.807760000000000105e+02 3.760000000000000000e+02 3.030566406250000000e+02
2.811120000000000232e+02 2.770000000000000000e+02 3.030582275390625000e+02
2.814479999999999791e+02 2.700000000000000000e+02 3.030656127929687500e+02
2.817839999999999918e+02 5.620000000000000000e+02 3.030616760253906250e+02
2.821209999999999809e+02 6.680000000000000000e+02 3.030557861328125000e+02
2.824569999999999936e+02 6.980000000000000000e+02 3.030567321777343750e+02
2.827930000000000064e+02 1.095000000000000000e+03 3.030547790527343750e+02
2.831299999999999955e+02 1.630000000000000000e+03 3.030523681640625000e+02
2.834660000000000082e+02 1.534000000000000000e+03 3.030567016601562500e+02
2.838020000000000209e+02 1.838000000000000000e+03 3.030522155761718750e+02
2.841390000000000100e+02 1.463000000000000000e+03 3.030578613281250000e+02
2.844750000000000227e+02 1.166000000000000000e+03 3.030567016601562500e+02
2.848109999999999786e+02 1.190000000000000000e+03 3.030507202148437500e+02
2.851469999999999914e+02 1.000000000000000000e+03 3.030536499023437500e+02
2.854839999999999804e+02 8.280000000000000000e+02 3.030507507324218750e+02
2.858199999999999932e+02 5.740000000000000000e+02 3.030549926757812500e+02
