7.221179999999999666e+01 1.965000000000000000e+03 3.810777587890625000e+02
7.254779999999999518e+01 1.793000000000000000e+03 3.810850219726562500e+02
7.288379999999999370e+01 1.839000000000000000e+03 3.810772705078125000e+02
7.322100000000000364e+01 1.692000000000000000e+03 3.810777587890625000e+02
7.355700000000000216e+01 1.738000000000000000e+03 3.810821838378906250e+02
7.389300000000000068e+01 1.514000000000000000e+03 3.810804443359375000e+02
7.423019999999999641e+01 1.856000000000000000e+03 3.810784606933593750e+02
7.456619999999999493e+01 1.686000000000000000e+03 3.810770263671875000e+02
7.490219999999999345e+01 1.702000000000000000e+03 3.810791320800781250e+02
7.523820000000000618e+01 1.718000000000000000e+03 3.810791320800781250e+02
7.557479999999999620e+01 1.437000000000000000e+03 3.810786437988281250e+02
7.591079999999999472e+01 1.529000000000000000e+03 3.810809020996093750e+02
7.624920000000000186e+01 1.466000000000000000e+03 3.810803833007812500e+02
7.658520000000000039e+01 1.409000000000000000e+03 3.810789184570312500e+02
7.692180000000000462e+01 1.200000000000000000e+03 3.810815124511718750e+02
7.725780000000000314e+01 1.493000000000000000e+03 3.810791625976562500e+02
7.759380000000000166e+01 1.548000000000000000e+03 3.810830993652343750e+02
7.792980000000000018e+01 1.577000000000000000e+03 3.810788574218750000e+02
7.826699999999999591e+01 1.163000000000000000e+03 3.810772399902343750e+02
7.860299999999999443e+01 1.395000000000000000e+03 3.810795593261718750e+02
7.893899999999999295e+01 1.244000000000000000e+03 3.810779724121093750e+02
7.927620000000000289e+01 1.261000000000000000e+03 3.810773315429687500e+02
7.961220000000000141e+01 1.263000000000000000e+03 3.810796813964843750e+02
7.994819999999999993e+01 9.750000000000000000e+02 3.810814514160156250e+02
8.028480000000000416e+01 1.107000000000000000e+03 3.810812988281250000e+02
8.062080000000000268e+01 1.232000000000000000e+03 3.810758361816406250e+02
8.095680000000000121e+01 1.260000000000000000e+03 3.810797729492187500e+02
8.129279999999999973e+01 1.109000000000000000e+03 3.810788879394531250e+02
8.162999999999999545e+01 9.400000000000000000e+02 3.810804138183593750e+02
8.196599999999999397e+01 9.990000000000000000e+02 3.810750122070312500e+02
8.230200000000000671e+01 1.055000000000000000e+03 3.810774230957031250e+02
8.263920000000000243e+01 1.004000000000000000e+03 3.810797119140625000e+02
8.297520000000000095e+01 1.098000000000000000e+03 3.810790405273437500e+02
8.331119999999999948e+01 1.340000000000000000e+03 3.810816345214843750e+02
8.364780000000000371e+01 1.082000000000000000e+03 3.810767822265625000e+02
8.398380000000000223e+01 1.130000000000000000e+03 3.810787353515625000e+02
8.432099999999999795e+01 1.253000000000000000e+03 3.810770263671875000e+02
8.465699999999999648e+01 9.620000000000000000e+02 3.810738220214843750e+02
8.499420000000000641e+01 1.189000000000000000e+03 3.810775451660156250e+02
8.533020000000000493e+01 9.760000000000000000e+02 3.810777587890625000e+02
8.566620000000000346e+01 7.550000000000000000e+02 3.810856018066406250e+02
8.600279999999999347e+01 8.100000000000000000e+02 3.810802307128906250e+02
8.634120000000000061e+01 1.105000000000000000e+03 3.810758361816406250e+02
8.667719999999999914e+01 8.680000000000000000e+02 3.810809020996093750e+02
8.701319999999999766e+01 1.108000000000000000e+03 3.810799255371093750e+02
8.734980000000000189e+01 8.800000000000000000e+02 3.810765991210937500e+02
8.768580000000000041e+01 8.100000000000000000e+02 3.810809631347656250e+02
8.802179999999999893e+01 8.950000000000000000e+02 3.810814208984375000e+02
8.835779999999999745e+01 1.000000000000000000e+03 3.810808410644531250e+02
8.869499999999999318e+01 1.061000000000000000e+03 3.810810546875000000e+02
8.903100000000000591e+01 8.380000000000000000e+02 3.810828247070312500e+02
8.936820000000000164e+01 7.240000000000000000e+02 3.810744628906250000e+02
8.970420000000000016e+01 8.980000000000000000e+02 3.810769348144531250e+02
9.004019999999999868e+01 8.700000000000000000e+02 3.810775756835937500e+02
9.037619999999999720e+01 6.110000000000000000e+02 3.810792846679687500e+02
9.071280000000000143e+01 7.830000000000000000e+02 3.810782775878906250e+02
9.104879999999999995e+01 6.270000000000000000e+02 3.810787963867187500e+02
9.138479999999999848e+01 6.780000000000000000e+02 3.810777893066406250e+02
9.172199999999999420e+01 6.120000000000000000e+02 3.810762939453125000e+02
9.205800000000000693e+01 6.510000000000000000e+02 3.810816040039062500e+02
9.239400000000000546e+01 8.030000000000000000e+02 3.810766601562500000e+02
9.273120000000000118e+01 6.410000000000000000e+02 3.810777282714843750e+02
9.306719999999999970e+01 7.420000000000000000e+02 3.810816040039062500e+02
9.340319999999999823e+01 7.840000000000000000e+02 3.810780944824218750e+02
9.373980000000000246e+01 6.750000000000000000e+02 3.810763549804687500e+02
9.407580000000000098e+01 6.880000000000000000e+02 3.810747985839843750e+02
9.441179999999999950e+01 7.250000000000000000e+02 3.810793762207031250e+02
9.474779999999999802e+01 6.180000000000000000e+02 3.810751953125000000e+02
9.508499999999999375e+01 7.400000000000000000e+02 3.810760192871093750e+02
9.542100000000000648e+01 7.540000000000000000e+02 3.810798034667968750e+02
9.575700000000000500e+01 6.570000000000000000e+02 3.810820617675781250e+02
9.609420000000000073e+01 6.190000000000000000e+02 3.810779113769531250e+02
9.643200000000000216e+01 6.660000000000000000e+02 3.810784912109375000e+02
9.676800000000000068e+01 5.780000000000000000e+02 3.810823669433593750e+02
9.710399999999999920e+01 6.960000000000000000e+02 3.810818481445312500e+02
9.744119999999999493e+01 5.090000000000000000e+02 3.810789184570312500e+02
9.777719999999999345e+01 6.890000000000000000e+02 3.810800476074218750e+02
9.811379999999999768e+01 5.200000000000000000e+02 3.810728149414062500e+02
9.844979999999999620e+01 6.340000000000000000e+02 3.810776367187500000e+02
9.878579999999999472e+01 4.450000000000000000e+02 3.810774230957031250e+02
9.912300000000000466e+01 3.840000000000000000e+02 3.810808715820312500e+02
9.945900000000000318e+01 6.380000000000000000e+02 3.810816650390625000e+02
9.979500000000000171e+01 4.930000000000000000e+02 3.810786132812500000e+02
1.001320000000000050e+02 5.030000000000000000e+02 3.810762329101562500e+02
1.004680000000000035e+02 5.650000000000000000e+02 3.810864562988281250e+02
1.008040000000000020e+02 4.950000000000000000e+02 3.810810241699218750e+02
1.011410000000000053e+02 5.960000000000000000e+02 3.810812072753906250e+02
1.014770000000000039e+02 3.820000000000000000e+02 3.810886840820312500e+02
