6.925320000000000391e+02 9.800000000000000000e+01 2.351618652343750000e+02
6.928680000000000518e+02 1.430000000000000000e+02 2.351652374267578125e+02
6.932039999999999509e+02 1.510000000000000000e+02 2.351696777343750000e+02
6.935399999999999636e+02 2.920000000000000000e+02 2.351660308837890625e+02
6.938759999999999764e+02 5.250000000000000000e+02 2.351676635742187500e+02
6.942119999999999891e+02 4.770000000000000000e+02 2.351699981689453125e+02
6.945539999999999736e+02 8.190000000000000000e+02 2.351697387695312500e+02
6.948899999999999864e+02 8.340000000000000000e+02 2.351693267822265625e+02
6.952259999999999991e+02 6.180000000000000000e+02 2.351705017089843750e+02
6.955560000000000400e+02 9.030000000000000000e+02 2.351704101562500000e+02
6.958980000000000246e+02 9.130000000000000000e+02 2.351709747314453125e+02
6.962340000000000373e+02 1.008000000000000000e+03 2.351684722900390625e+02
6.965700000000000500e+02 9.100000000000000000e+02 2.351712799072265625e+02
6.969059999999999491e+02 7.520000000000000000e+02 2.351705780029296875e+02
6.972419999999999618e+02 6.970000000000000000e+02 2.351685791015625000e+02
6.975779999999999745e+02 4.370000000000000000e+02 2.351645965576171875e+02
6.979139999999999873e+02 4.860000000000000000e+02 2.351723785400390625e+02
6.982500000000000000e+02 3.740000000000000000e+02 2.351713714599609375e+02
6.985860000000000127e+02 2.580000000000000000e+02 2.351697692871093750e+02
6.989220000000000255e+02 1.320000000000000000e+02 2.351531372070312500e+02
6.992580000000000382e+02 1.070000000000000000e+02 2.351779937744140625e+02
6.995940000000000509e+02 1.340000000000000000e+02 2.351667633056640625e+02
6.999299999999999500e+02 1.420000000000000000e+02 2.351698455810546875e+02
