1.196419999999999959e+02 4.700000000000000000e+01 1.800477294921875000e+02
1.199779999999999944e+02 5.700000000000000000e+01 1.800590972900390625e+02
1.203139999999999930e+02 4.710000000000000000e+02 1.800499267578125000e+02
1.206500000000000057e+02 1.003000000000000000e+03 1.800525207519531250e+02
1.209869999999999948e+02 1.755000000000000000e+03 1.800508728027343750e+02
1.213229999999999933e+02 2.589000000000000000e+03 1.800527496337890625e+02
1.216590000000000060e+02 4.214000000000000000e+03 1.800513000488281250e+02
1.219959999999999951e+02 5.401000000000000000e+03 1.800518035888671875e+02
1.223319999999999936e+02 6.193000000000000000e+03 1.800514526367187500e+02
1.226680000000000064e+02 7.384000000000000000e+03 1.800507659912109375e+02
1.230049999999999955e+02 7.437000000000000000e+03 1.800508117675781250e+02
1.233409999999999940e+02 7.642000000000000000e+03 1.800519714355468750e+02
1.236770000000000067e+02 8.384000000000000000e+03 1.800504913330078125e+02
1.240139999999999958e+02 8.539000000000000000e+03 1.800507507324218750e+02
1.243499999999999943e+02 8.505000000000000000e+03 1.800525207519531250e+02
1.246860000000000070e+02 8.693000000000000000e+03 1.800511016845703125e+02
1.250229999999999961e+02 8.857000000000000000e+03 1.800502777099609375e+02
1.253589999999999947e+02 7.672000000000000000e+03 1.800515441894531250e+02
1.256959999999999980e+02 8.204000000000000000e+03 1.800518798828125000e+02
1.260319999999999965e+02 7.912000000000000000e+03 1.800513305664062500e+02
1.263679999999999950e+02 9.448000000000000000e+03 1.800513153076171875e+02
1.267060000000000031e+02 7.815000000000000000e+03 1.800511322021484375e+02
1.270430000000000064e+02 8.101000000000000000e+03 1.800506744384765625e+02
1.273790000000000049e+02 8.829000000000000000e+03 1.800503692626953125e+02
1.277150000000000034e+02 8.145000000000000000e+03 1.800513610839843750e+02
1.280519999999999925e+02 9.193000000000000000e+03 1.800503845214843750e+02
1.283880000000000052e+02 8.494000000000000000e+03 1.800510559082031250e+02
1.287239999999999895e+02 8.577000000000000000e+03 1.800519561767578125e+02
1.290610000000000070e+02 7.904000000000000000e+03 1.800515747070312500e+02
1.293969999999999914e+02 7.808000000000000000e+03 1.800514221191406250e+02
1.297340000000000089e+02 7.774000000000000000e+03 1.800515441894531250e+02
1.300699999999999932e+02 7.568000000000000000e+03 1.800510711669921875e+02
1.304070000000000107e+02 7.572000000000000000e+03 1.800508880615234375e+02
1.307439999999999998e+02 7.769000000000000000e+03 1.800511932373046875e+02
1.310800000000000125e+02 6.709000000000000000e+03 1.800514526367187500e+02
1.314170000000000016e+02 7.603000000000000000e+03 1.800512542724609375e+02
1.317529999999999859e+02 7.070000000000000000e+03 1.800514831542968750e+02
1.320900000000000034e+02 6.320000000000000000e+03 1.800512084960937500e+02
1.324259999999999877e+02 7.077000000000000000e+03 1.800504150390625000e+02
1.327630000000000052e+02 7.086000000000000000e+03 1.800506134033203125e+02
1.330989999999999895e+02 6.290000000000000000e+03 1.800515899658203125e+02
1.334350000000000023e+02 6.808000000000000000e+03 1.800513458251953125e+02
1.337719999999999914e+02 6.081000000000000000e+03 1.800517272949218750e+02
1.341080000000000041e+02 6.402000000000000000e+03 1.800522460937500000e+02
1.344439999999999884e+02 7.284000000000000000e+03 1.800507354736328125e+02
1.347810000000000059e+02 6.690000000000000000e+03 1.800504608154296875e+02
1.351169999999999902e+02 6.294000000000000000e+03 1.800509033203125000e+02
1.354530000000000030e+02 5.877000000000000000e+03 1.800509490966796875e+02
1.357899999999999920e+02 5.891000000000000000e+03 1.800516052246093750e+02
1.361260000000000048e+02 6.315000000000000000e+03 1.800513610839843750e+02
1.364619999999999891e+02 5.529000000000000000e+03 1.800516967773437500e+02
1.368000000000000114e+02 5.818000000000000000e+03 1.800511016845703125e+02
1.371359999999999957e+02 6.022000000000000000e+03 1.800509338378906250e+02
1.374730000000000132e+02 5.080000000000000000e+03 1.800518493652343750e+02
1.378089999999999975e+02 5.729000000000000000e+03 1.800506744384765625e+02
1.381450000000000102e+02 5.613000000000000000e+03 1.800502624511718750e+02
1.384809999999999945e+02 5.259000000000000000e+03 1.800515289306640625e+02
1.388180000000000121e+02 5.373000000000000000e+03 1.800512237548828125e+02
1.391539999999999964e+02 5.034000000000000000e+03 1.800512695312500000e+02
1.394900000000000091e+02 5.514000000000000000e+03 1.800514678955078125e+02
1.398269999999999982e+02 4.354000000000000000e+03 1.800507354736328125e+02
1.401630000000000109e+02 5.048000000000000000e+03 1.800506591796875000e+02
1.404989999999999952e+02 4.825000000000000000e+03 1.800513000488281250e+02
1.408360000000000127e+02 4.658000000000000000e+03 1.800499877929687500e+02
