2.918759999999999764e+02 2.190000000000000000e+02 3.881473388671875000e+02
2.922119999999999891e+02 3.540000000000000000e+02 3.881606750488281250e+02
2.925489999999999782e+02 2.120000000000000000e+02 3.881515197753906250e+02
2.928849999999999909e+02 3.860000000000000000e+02 3.881460571289062500e+02
2.932210000000000036e+02 3.400000000000000000e+02 3.881466674804687500e+02
2.935579999999999927e+02 3.180000000000000000e+02 3.881452941894531250e+02
2.938940000000000055e+02 5.090000000000000000e+02 3.881422424316406250e+02
2.942300000000000182e+02 4.270000000000000000e+02 3.881502380371093750e+02
2.945670000000000073e+02 7.690000000000000000e+02 3.881413269042968750e+02
2.949030000000000200e+02 5.890000000000000000e+02 3.881441650390625000e+02
2.952389999999999759e+02 8.030000000000000000e+02 3.881444702148437500e+02
2.955749999999999886e+02 9.580000000000000000e+02 3.881462402343750000e+02
2.959119999999999777e+02 5.530000000000000000e+02 3.881519775390625000e+02
2.962479999999999905e+02 6.180000000000000000e+02 3.881434020996093750e+02
2.965840000000000032e+02 5.850000000000000000e+02 3.881395874023437500e+02
2.969209999999999923e+02 4.170000000000000000e+02 3.881552429199218750e+02
2.972570000000000050e+02 3.910000000000000000e+02 3.881481628417968750e+02
2.975930000000000177e+02 2.280000000000000000e+02 3.881452331542968750e+02
2.979300000000000068e+02 3.440000000000000000e+02 3.881545104980468750e+02
2.982679999999999723e+02 2.040000000000000000e+02 3.881654968261718750e+02
2.986039999999999850e+02 2.010000000000000000e+02 3.881557617187500000e+02
