1.916310000000000002e+02 1.710000000000000000e+02 1.490631408691406250e+02
1.919679999999999893e+02 3.110000000000000000e+02 1.490669860839843750e+02
1.923040000000000020e+02 2.390000000000000000e+02 1.490685119628906250e+02
1.926399999999999864e+02 4.990000000000000000e+02 1.490636291503906250e+02
1.929759999999999991e+02 6.490000000000000000e+02 1.490664062500000000e+02
1.933129999999999882e+02 6.060000000000000000e+02 1.490663146972656250e+02
1.936490000000000009e+02 8.090000000000000000e+02 1.490648040771484375e+02
1.939850000000000136e+02 9.360000000000000000e+02 1.490642089843750000e+02
1.943220000000000027e+02 6.380000000000000000e+02 1.490659179687500000e+02
1.946589999999999918e+02 5.520000000000000000e+02 1.490660400390625000e+02
1.949950000000000045e+02 5.110000000000000000e+02 1.490678558349609375e+02
1.953319999999999936e+02 4.110000000000000000e+02 1.490645446777343750e+02
1.956680000000000064e+02 3.750000000000000000e+02 1.490660095214843750e+02
1.960039999999999907e+02 3.040000000000000000e+02 1.490615539550781250e+02
1.963410000000000082e+02 2.070000000000000000e+02 1.490660095214843750e+02
1.966769999999999925e+02 9.600000000000000000e+01 1.490689849853515625e+02
1.970130000000000052e+02 1.950000000000000000e+02 1.490606994628906250e+02
1.973509999999999991e+02 3.340000000000000000e+02 1.490650177001953125e+02
1.976870000000000118e+02 8.220000000000000000e+02 1.490612792968750000e+02
1.980240000000000009e+02 9.790000000000000000e+02 1.490627593994140625e+02
1.983600000000000136e+02 1.175000000000000000e+03 1.490609130859375000e+02
1.986959999999999980e+02 1.791000000000000000e+03 1.490616455078125000e+02
1.990329999999999870e+02 2.486000000000000000e+03 1.490618286132812500e+02
1.993689999999999998e+02 3.258000000000000000e+03 1.490620422363281250e+02
1.997050000000000125e+02 3.731000000000000000e+03 1.490612792968750000e+02
2.000420000000000016e+02 3.775000000000000000e+03 1.490616302490234375e+02
2.003779999999999859e+02 3.659000000000000000e+03 1.490610198974609375e+02
2.007139999999999986e+02 3.721000000000000000e+03 1.490619506835937500e+02
2.010509999999999877e+02 3.219000000000000000e+03 1.490620574951171875e+02
2.013870000000000005e+02 3.060000000000000000e+03 1.490618438720703125e+02
2.017230000000000132e+02 2.295000000000000000e+03 1.490619812011718750e+02
2.020600000000000023e+02 1.829000000000000000e+03 1.490623779296875000e+02
2.023959999999999866e+02 1.640000000000000000e+03 1.490622406005859375e+02
2.027319999999999993e+02 1.170000000000000000e+03 1.490613861083984375e+02
2.030680000000000121e+02 1.256000000000000000e+03 1.490601501464843750e+02
2.034050000000000011e+02 9.560000000000000000e+02 1.490623016357421875e+02
2.037410000000000139e+02 8.490000000000000000e+02 1.490616149902343750e+02
2.040769999999999982e+02 8.410000000000000000e+02 1.490635375976562500e+02
2.044139999999999873e+02 6.400000000000000000e+02 1.490626525878906250e+02
2.047500000000000000e+02 6.630000000000000000e+02 1.490578613281250000e+02
2.050860000000000127e+02 5.280000000000000000e+02 1.490589904785156250e+02
2.054230000000000018e+02 6.130000000000000000e+02 1.490633392333984375e+02
2.057589999999999861e+02 5.090000000000000000e+02 1.490600433349609375e+02
2.060949999999999989e+02 4.810000000000000000e+02 1.490619354248046875e+02
2.064319999999999879e+02 4.330000000000000000e+02 1.490612335205078125e+02
2.067680000000000007e+02 4.380000000000000000e+02 1.490622711181640625e+02
2.071040000000000134e+02 3.500000000000000000e+02 1.490641937255859375e+02
2.074420000000000073e+02 4.390000000000000000e+02 1.490597076416015625e+02
2.077779999999999916e+02 4.840000000000000000e+02 1.490650177001953125e+02
2.081150000000000091e+02 3.490000000000000000e+02 1.490610961914062500e+02
2.084509999999999934e+02 4.890000000000000000e+02 1.490655822753906250e+02
