3.827019999999999982e+02 5.110000000000000000e+02 3.231402893066406250e+02
3.830389999999999873e+02 5.330000000000000000e+02 3.231277160644531250e+02
3.833750000000000000e+02 5.830000000000000000e+02 3.231315002441406250e+02
3.837119999999999891e+02 7.410000000000000000e+02 3.231295166015625000e+02
3.840480000000000018e+02 8.600000000000000000e+02 3.231244812011718750e+02
3.843840000000000146e+02 9.320000000000000000e+02 3.231322631835937500e+02
3.847210000000000036e+02 6.990000000000000000e+02 3.231368713378906250e+02
3.850570000000000164e+02 7.150000000000000000e+02 3.231283264160156250e+02
3.853929999999999723e+02 5.860000000000000000e+02 3.231307373046875000e+02
3.857300000000000182e+02 4.010000000000000000e+02 3.231369628906250000e+02
