2.982799999999999940e+01 2.330000000000000000e+02 4.171890258789062500e+02
3.016400000000000148e+01 4.500000000000000000e+02 4.171929321289062500e+02
3.050100000000000122e+01 7.600000000000000000e+02 4.171943969726562500e+02
3.083699999999999974e+01 6.750000000000000000e+02 4.171882629394531250e+02
3.117299999999999827e+01 8.740000000000000000e+02 4.171878051757812500e+02
3.151000000000000156e+01 9.240000000000000000e+02 4.171909484863281250e+02
3.184600000000000009e+01 5.840000000000000000e+02 4.171846008300781250e+02
3.218200000000000216e+01 5.090000000000000000e+02 4.171872558593750000e+02
3.251899999999999835e+01 6.220000000000000000e+02 4.171864013671875000e+02
3.285499999999999687e+01 5.470000000000000000e+02 4.171875610351562500e+02
3.319100000000000250e+01 5.780000000000000000e+02 4.171878051757812500e+02
