7.086599999999999966e+01 5.680000000000000000e+02 2.810665588378906250e+02
7.120319999999999538e+01 5.570000000000000000e+02 2.810668334960937500e+02
7.153919999999999391e+01 5.620000000000000000e+02 2.810679016113281250e+02
7.187520000000000664e+01 6.860000000000000000e+02 2.810640258789062500e+02
7.221179999999999666e+01 4.660000000000000000e+02 2.810698547363281250e+02
7.254779999999999518e+01 7.680000000000000000e+02 2.810690917968750000e+02
7.288379999999999370e+01 6.560000000000000000e+02 2.810680847167968750e+02
7.322100000000000364e+01 8.240000000000000000e+02 2.810632019042968750e+02
7.355700000000000216e+01 7.780000000000000000e+02 2.810672607421875000e+02
7.389300000000000068e+01 8.520000000000000000e+02 2.810681457519531250e+02
7.423019999999999641e+01 5.430000000000000000e+02 2.810690002441406250e+02
7.456619999999999493e+01 5.680000000000000000e+02 2.810679321289062500e+02
7.490219999999999345e+01 7.330000000000000000e+02 2.810690002441406250e+02
7.523820000000000618e+01 5.960000000000000000e+02 2.810631713867187500e+02
7.557479999999999620e+01 4.100000000000000000e+02 2.810656127929687500e+02
7.591079999999999472e+01 8.410000000000000000e+02 2.810714111328125000e+02
7.624920000000000186e+01 4.620000000000000000e+02 2.810693969726562500e+02
7.658520000000000039e+01 5.660000000000000000e+02 2.810683593750000000e+02
7.692180000000000462e+01 6.850000000000000000e+02 2.810718078613281250e+02
7.725780000000000314e+01 7.090000000000000000e+02 2.810682067871093750e+02
7.759380000000000166e+01 8.290000000000000000e+02 2.810667114257812500e+02
7.792980000000000018e+01 6.810000000000000000e+02 2.810697631835937500e+02
7.826699999999999591e+01 6.680000000000000000e+02 2.810716552734375000e+02
7.860299999999999443e+01 6.850000000000000000e+02 2.810660705566406250e+02
7.893899999999999295e+01 5.530000000000000000e+02 2.810671691894531250e+02
7.927620000000000289e+01 7.810000000000000000e+02 2.810675354003906250e+02
7.961220000000000141e+01 6.470000000000000000e+02 2.810654907226562500e+02
7.994819999999999993e+01 5.860000000000000000e+02 2.810644836425781250e+02
8.028480000000000416e+01 5.090000000000000000e+02 2.810685119628906250e+02
8.062080000000000268e+01 7.730000000000000000e+02 2.810657348632812500e+02
8.095680000000000121e+01 7.630000000000000000e+02 2.810635070800781250e+02
8.129279999999999973e+01 5.190000000000000000e+02 2.810665283203125000e+02
8.162999999999999545e+01 6.310000000000000000e+02 2.810664367675781250e+02
8.196599999999999397e+01 6.420000000000000000e+02 2.810693664550781250e+02
8.230200000000000671e+01 5.790000000000000000e+02 2.810688781738281250e+02
8.263920000000000243e+01 6.730000000000000000e+02 2.810665893554687500e+02
8.297520000000000095e+01 6.380000000000000000e+02 2.810666809082031250e+02
8.331119999999999948e+01 3.930000000000000000e+02 2.810702819824218750e+02
8.364780000000000371e+01 6.320000000000000000e+02 2.810670166015625000e+02
8.398380000000000223e+01 3.800000000000000000e+02 2.810681457519531250e+02
8.432099999999999795e+01 4.170000000000000000e+02 2.810648498535156250e+02
8.465699999999999648e+01 5.330000000000000000e+02 2.810649414062500000e+02
8.499420000000000641e+01 5.200000000000000000e+02 2.810721740722656250e+02
8.533020000000000493e+01 4.890000000000000000e+02 2.810675659179687500e+02
8.566620000000000346e+01 9.240000000000000000e+02 2.810668640136718750e+02
8.600279999999999347e+01 3.810000000000000000e+02 2.810662536621093750e+02
8.634120000000000061e+01 4.310000000000000000e+02 2.810712585449218750e+02
8.667719999999999914e+01 5.990000000000000000e+02 2.810652465820312500e+02
8.701319999999999766e+01 3.680000000000000000e+02 2.810670776367187500e+02
8.734980000000000189e+01 5.590000000000000000e+02 2.810668334960937500e+02
8.768580000000000041e+01 5.200000000000000000e+02 2.810698547363281250e+02
8.802179999999999893e+01 8.060000000000000000e+02 2.810659179687500000e+02
8.835779999999999745e+01 4.510000000000000000e+02 2.810680541992187500e+02
8.869499999999999318e+01 7.230000000000000000e+02 2.810666809082031250e+02
8.903100000000000591e+01 5.890000000000000000e+02 2.810695190429687500e+02
8.936820000000000164e+01 5.270000000000000000e+02 2.810702514648437500e+02
8.970420000000000016e+01 4.040000000000000000e+02 2.810663452148437500e+02
9.004019999999999868e+01 6.080000000000000000e+02 2.810676879882812500e+02
9.037619999999999720e+01 6.170000000000000000e+02 2.810692749023437500e+02
9.071280000000000143e+01 4.940000000000000000e+02 2.810728759765625000e+02
9.104879999999999995e+01 6.000000000000000000e+02 2.810675354003906250e+02
9.138479999999999848e+01 6.570000000000000000e+02 2.810695495605468750e+02
9.172199999999999420e+01 4.320000000000000000e+02 2.810673217773437500e+02
9.205800000000000693e+01 5.280000000000000000e+02 2.810691528320312500e+02
9.239400000000000546e+01 2.440000000000000000e+02 2.810749816894531250e+02
9.273120000000000118e+01 5.080000000000000000e+02 2.810667724609375000e+02
9.306719999999999970e+01 5.360000000000000000e+02 2.810684509277343750e+02
9.340319999999999823e+01 5.550000000000000000e+02 2.810673522949218750e+02
9.373980000000000246e+01 4.290000000000000000e+02 2.810719909667968750e+02
9.407580000000000098e+01 4.540000000000000000e+02 2.810691833496093750e+02
9.441179999999999950e+01 4.640000000000000000e+02 2.810666198730468750e+02
9.474779999999999802e+01 5.710000000000000000e+02 2.810675048828125000e+02
9.508499999999999375e+01 3.290000000000000000e+02 2.810628356933593750e+02
9.542100000000000648e+01 4.700000000000000000e+02 2.810703430175781250e+02
9.575700000000000500e+01 5.180000000000000000e+02 2.810693969726562500e+02
9.609420000000000073e+01 4.160000000000000000e+02 2.810735473632812500e+02
9.643200000000000216e+01 4.730000000000000000e+02 2.810650329589843750e+02
9.676800000000000068e+01 6.320000000000000000e+02 2.810656738281250000e+02
9.710399999999999920e+01 4.090000000000000000e+02 2.810663452148437500e+02
9.744119999999999493e+01 2.950000000000000000e+02 2.810670776367187500e+02
9.777719999999999345e+01 2.730000000000000000e+02 2.810686035156250000e+02
9.811379999999999768e+01 2.400000000000000000e+02 2.810714416503906250e+02
9.844979999999999620e+01 5.620000000000000000e+02 2.810680847167968750e+02
9.878579999999999472e+01 5.020000000000000000e+02 2.810646667480468750e+02
9.912300000000000466e+01 3.800000000000000000e+02 2.810688781738281250e+02
9.945900000000000318e+01 3.850000000000000000e+02 2.810670166015625000e+02
9.979500000000000171e+01 3.630000000000000000e+02 2.810700378417968750e+02
1.001320000000000050e+02 3.510000000000000000e+02 2.810651245117187500e+02
