9.431699999999999591e+02 9.200000000000000000e+01 2.852911376953125000e+02
9.435059999999999718e+02 1.210000000000000000e+02 2.852855529785156250e+02
9.438419999999999845e+02 1.690000000000000000e+02 2.853055114746093750e+02
9.441779999999999973e+02 2.760000000000000000e+02 2.852955017089843750e+02
9.445140000000000100e+02 2.580000000000000000e+02 2.853041381835937500e+02
9.448500000000000227e+02 4.480000000000000000e+02 2.853012084960937500e+02
9.451860000000000355e+02 6.310000000000000000e+02 2.852959899902343750e+02
9.455220000000000482e+02 5.450000000000000000e+02 2.852988586425781250e+02
9.458579999999999472e+02 7.960000000000000000e+02 2.853001098632812500e+02
9.462000000000000455e+02 9.030000000000000000e+02 2.852996215820312500e+02
9.465359999999999445e+02 5.800000000000000000e+02 2.853004455566406250e+02
9.468719999999999573e+02 8.330000000000000000e+02 2.852973327636718750e+02
9.472079999999999700e+02 6.070000000000000000e+02 2.852991638183593750e+02
9.475439999999999827e+02 6.570000000000000000e+02 2.853000488281250000e+02
9.478799999999999955e+02 5.120000000000000000e+02 2.852976074218750000e+02
9.482160000000000082e+02 5.920000000000000000e+02 2.853026428222656250e+02
9.485520000000000209e+02 2.600000000000000000e+02 2.853003845214843750e+02
9.488880000000000337e+02 3.090000000000000000e+02 2.852979125976562500e+02
9.492240000000000464e+02 3.740000000000000000e+02 2.852985534667968750e+02
9.495599999999999454e+02 2.730000000000000000e+02 2.853042602539062500e+02
9.498959999999999582e+02 2.810000000000000000e+02 2.852969970703125000e+02
9.502319999999999709e+02 1.390000000000000000e+02 2.852911376953125000e+02
9.505679999999999836e+02 1.250000000000000000e+02 2.852802734375000000e+02
9.509039999999999964e+02 1.330000000000000000e+02 2.852919311523437500e+02
9.512400000000000091e+02 1.400000000000000000e+02 2.852931213378906250e+02
9.515760000000000218e+02 1.860000000000000000e+02 2.852918395996093750e+02
9.519180000000000064e+02 1.560000000000000000e+02 2.852880249023437500e+02
