9.320700000000000500e+02 2.800000000000000000e+01 5.794246215820312500e+02
9.324059999999999491e+02 5.400000000000000000e+01 5.794396972656250000e+02
9.327419999999999618e+02 1.220000000000000000e+02 5.794358520507812500e+02
9.330779999999999745e+02 1.920000000000000000e+02 5.794271850585937500e+02
9.334139999999999873e+02 1.290000000000000000e+02 5.794390869140625000e+02
9.337500000000000000e+02 3.500000000000000000e+02 5.794378662109375000e+02
9.340860000000000127e+02 4.270000000000000000e+02 5.794352416992187500e+02
9.344220000000000255e+02 8.930000000000000000e+02 5.794356689453125000e+02
9.347580000000000382e+02 7.880000000000000000e+02 5.794378051757812500e+02
9.350940000000000509e+02 7.930000000000000000e+02 5.794323120117187500e+02
9.354299999999999500e+02 6.640000000000000000e+02 5.794374389648437500e+02
9.357720000000000482e+02 7.390000000000000000e+02 5.794349975585937500e+02
9.361079999999999472e+02 8.520000000000000000e+02 5.794350585937500000e+02
9.364439999999999600e+02 5.010000000000000000e+02 5.794328613281250000e+02
9.367799999999999727e+02 5.780000000000000000e+02 5.794354248046875000e+02
9.371159999999999854e+02 4.560000000000000000e+02 5.794456787109375000e+02
9.374519999999999982e+02 3.480000000000000000e+02 5.794349365234375000e+02
9.377880000000000109e+02 2.060000000000000000e+02 5.794427490234375000e+02
9.381240000000000236e+02 1.820000000000000000e+02 5.794476928710937500e+02
9.384600000000000364e+02 9.800000000000000000e+01 5.794356079101562500e+02
9.387960000000000491e+02 5.900000000000000000e+01 5.794271850585937500e+02
