3.238349999999999795e+02 1.820000000000000000e+02 4.347774658203125000e+02
3.241709999999999923e+02 1.440000000000000000e+02 4.347680053710937500e+02
3.245079999999999814e+02 1.940000000000000000e+02 4.347673645019531250e+02
3.248439999999999941e+02 4.380000000000000000e+02 4.347760620117187500e+02
3.251800000000000068e+02 6.540000000000000000e+02 4.347797546386718750e+02
3.255169999999999959e+02 6.290000000000000000e+02 4.347800598144531250e+02
3.258530000000000086e+02 8.890000000000000000e+02 4.347754211425781250e+02
3.261890000000000214e+02 6.810000000000000000e+02 4.347795410156250000e+02
3.265249999999999773e+02 6.060000000000000000e+02 4.347818298339843750e+02
3.268620000000000232e+02 6.100000000000000000e+02 4.347763977050781250e+02
3.271979999999999791e+02 4.800000000000000000e+02 4.347726135253906250e+02
3.275339999999999918e+02 2.290000000000000000e+02 4.347772216796875000e+02
3.278709999999999809e+02 3.430000000000000000e+02 4.347726745605468750e+02
3.282069999999999936e+02 2.540000000000000000e+02 4.347839660644531250e+02
3.285450000000000159e+02 1.500000000000000000e+02 4.347718505859375000e+02
3.288809999999999718e+02 1.470000000000000000e+02 4.347750549316406250e+02
