2.296430000000000007e+02 1.395000000000000000e+03 3.251534729003906250e+02
2.299799999999999898e+02 1.391000000000000000e+03 3.251531372070312500e+02
2.303160000000000025e+02 1.493000000000000000e+03 3.251558837890625000e+02
2.306519999999999868e+02 1.127000000000000000e+03 3.251533813476562500e+02
2.309890000000000043e+02 1.213000000000000000e+03 3.251541137695312500e+02
2.313249999999999886e+02 1.152000000000000000e+03 3.251524658203125000e+02
2.316610000000000014e+02 1.089000000000000000e+03 3.251477050781250000e+02
2.319979999999999905e+02 8.330000000000000000e+02 3.251419982910156250e+02
2.323340000000000032e+02 7.750000000000000000e+02 3.251469421386718750e+02
2.326699999999999875e+02 7.420000000000000000e+02 3.251429138183593750e+02
2.330070000000000050e+02 7.070000000000000000e+02 3.251438293457031250e+02
2.333429999999999893e+02 8.410000000000000000e+02 3.251503601074218750e+02
2.336790000000000020e+02 7.990000000000000000e+02 3.251442260742187500e+02
2.340149999999999864e+02 7.590000000000000000e+02 3.251436462402343750e+02
2.343520000000000039e+02 7.660000000000000000e+02 3.251405029296875000e+02
2.346879999999999882e+02 7.890000000000000000e+02 3.251431274414062500e+02
2.350240000000000009e+02 5.570000000000000000e+02 3.251324157714843750e+02
2.353609999999999900e+02 8.460000000000000000e+02 3.251355895996093750e+02
2.356980000000000075e+02 8.100000000000000000e+02 3.251271667480468750e+02
2.360339999999999918e+02 7.770000000000000000e+02 3.251346435546875000e+02
2.363710000000000093e+02 6.180000000000000000e+02 3.251392517089843750e+02
2.367069999999999936e+02 5.390000000000000000e+02 3.251284790039062500e+02
2.370430000000000064e+02 7.280000000000000000e+02 3.251195068359375000e+02
2.373799999999999955e+02 5.120000000000000000e+02 3.251321411132812500e+02
2.377179999999999893e+02 5.830000000000000000e+02 3.251450805664062500e+02
2.380540000000000020e+02 4.780000000000000000e+02 3.251431579589843750e+02
2.383899999999999864e+02 4.750000000000000000e+02 3.251379699707031250e+02
2.387259999999999991e+02 4.670000000000000000e+02 3.251495361328125000e+02
2.390629999999999882e+02 2.860000000000000000e+02 3.251484375000000000e+02
2.393990000000000009e+02 2.400000000000000000e+02 3.251419677734375000e+02
2.397359999999999900e+02 3.700000000000000000e+02 3.251412658691406250e+02
2.400720000000000027e+02 3.930000000000000000e+02 3.251484375000000000e+02
2.404089999999999918e+02 2.820000000000000000e+02 3.251376953125000000e+02
2.407450000000000045e+02 3.660000000000000000e+02 3.251456298828125000e+02
2.410809999999999889e+02 4.650000000000000000e+02 3.251483764648437500e+02
2.414180000000000064e+02 4.140000000000000000e+02 3.251378479003906250e+02
2.417539999999999907e+02 1.460000000000000000e+02 3.251469726562500000e+02
2.420900000000000034e+02 2.550000000000000000e+02 3.251252746582031250e+02
2.424269999999999925e+02 4.130000000000000000e+02 3.251450500488281250e+02
2.427630000000000052e+02 2.890000000000000000e+02 3.251448059082031250e+02
2.430989999999999895e+02 4.480000000000000000e+02 3.251492614746093750e+02
2.434360000000000070e+02 2.240000000000000000e+02 3.251505432128906250e+02
2.437719999999999914e+02 3.890000000000000000e+02 3.251388854980468750e+02
2.441080000000000041e+02 3.660000000000000000e+02 3.251337890625000000e+02
