4.910190000000000055e+02 1.700000000000000000e+02 2.721783447265625000e+02
4.913559999999999945e+02 1.810000000000000000e+02 2.721937561035156250e+02
4.916920000000000073e+02 1.660000000000000000e+02 2.721801147460937500e+02
4.920280000000000200e+02 2.610000000000000000e+02 2.721907653808593750e+02
4.923639999999999759e+02 3.900000000000000000e+02 2.721878051757812500e+02
4.927010000000000218e+02 3.960000000000000000e+02 2.721906433105468750e+02
4.930369999999999777e+02 5.120000000000000000e+02 2.721870117187500000e+02
4.933740000000000236e+02 5.680000000000000000e+02 2.721903381347656250e+02
4.937110000000000127e+02 6.590000000000000000e+02 2.721904602050781250e+02
4.940470000000000255e+02 7.770000000000000000e+02 2.721929931640625000e+02
4.943829999999999814e+02 8.500000000000000000e+02 2.721887817382812500e+02
4.947200000000000273e+02 7.730000000000000000e+02 2.721894531250000000e+02
4.950559999999999832e+02 8.930000000000000000e+02 2.721889648437500000e+02
4.953919999999999959e+02 8.250000000000000000e+02 2.721901550292968750e+02
4.957289999999999850e+02 7.920000000000000000e+02 2.721928100585937500e+02
4.960649999999999977e+02 8.260000000000000000e+02 2.721901550292968750e+02
4.964010000000000105e+02 7.890000000000000000e+02 2.721891479492187500e+02
4.967379999999999995e+02 6.400000000000000000e+02 2.721907653808593750e+02
4.970740000000000123e+02 4.960000000000000000e+02 2.721905517578125000e+02
4.974100000000000250e+02 6.970000000000000000e+02 2.721872863769531250e+02
4.977470000000000141e+02 7.550000000000000000e+02 2.721902160644531250e+02
4.980830000000000268e+02 5.600000000000000000e+02 2.721923217773437500e+02
4.984189999999999827e+02 3.760000000000000000e+02 2.721875305175781250e+02
4.987559999999999718e+02 4.070000000000000000e+02 2.721861572265625000e+02
4.990919999999999845e+02 2.330000000000000000e+02 2.721950683593750000e+02
4.994279999999999973e+02 3.390000000000000000e+02 2.721822509765625000e+02
4.997649999999999864e+02 2.220000000000000000e+02 2.721904296875000000e+02
5.001019999999999754e+02 2.060000000000000000e+02 2.721832275390625000e+02
5.004390000000000214e+02 2.510000000000000000e+02 2.721824951171875000e+02
5.007749999999999773e+02 1.680000000000000000e+02 2.721911621093750000e+02
5.011109999999999900e+02 9.000000000000000000e+01 2.721795654296875000e+02
