2.511799999999999855e+01 2.250000000000000000e+02 4.270653991699218750e+02
2.545499999999999829e+01 3.250000000000000000e+02 4.270677490234375000e+02
2.579299999999999926e+01 6.600000000000000000e+02 4.270707092285156250e+02
2.612900000000000134e+01 6.890000000000000000e+02 4.270716552734375000e+02
2.646499999999999986e+01 4.510000000000000000e+02 4.270791015625000000e+02
2.680099999999999838e+01 5.960000000000000000e+02 4.270662231445312500e+02
2.713800000000000168e+01 4.950000000000000000e+02 4.270686340332031250e+02
2.747400000000000020e+01 5.950000000000000000e+02 4.270737915039062500e+02
2.780999999999999872e+01 7.240000000000000000e+02 4.270763244628906250e+02
2.814699999999999847e+01 7.770000000000000000e+02 4.270714416503906250e+02
2.848300000000000054e+01 7.540000000000000000e+02 4.270715637207031250e+02
2.881899999999999906e+01 8.100000000000000000e+02 4.270708923339843750e+02
2.915599999999999881e+01 6.280000000000000000e+02 4.270776977539062500e+02
2.949200000000000088e+01 5.720000000000000000e+02 4.270757751464843750e+02
2.982799999999999940e+01 5.130000000000000000e+02 4.270773925781250000e+02
3.016400000000000148e+01 3.070000000000000000e+02 4.270693969726562500e+02
3.050100000000000122e+01 1.850000000000000000e+02 4.270801391601562500e+02
