7.244940000000000282e+02 1.080000000000000000e+02 4.112342529296875000e+02
7.248300000000000409e+02 1.380000000000000000e+02 4.112397155761718750e+02
7.251660000000000537e+02 1.270000000000000000e+02 4.112316589355468750e+02
7.255019999999999527e+02 1.300000000000000000e+02 4.112371826171875000e+02
7.258379999999999654e+02 3.630000000000000000e+02 4.112381591796875000e+02
7.261739999999999782e+02 3.560000000000000000e+02 4.112460632324218750e+02
7.265099999999999909e+02 4.980000000000000000e+02 4.112466125488281250e+02
7.268460000000000036e+02 4.900000000000000000e+02 4.112367858886718750e+02
7.271820000000000164e+02 4.110000000000000000e+02 4.112411193847656250e+02
7.275180000000000291e+02 6.060000000000000000e+02 4.112413330078125000e+02
7.278540000000000418e+02 8.040000000000000000e+02 4.112456665039062500e+02
7.281900000000000546e+02 5.500000000000000000e+02 4.112341308593750000e+02
7.285259999999999536e+02 6.200000000000000000e+02 4.112342834472656250e+02
7.288619999999999663e+02 4.930000000000000000e+02 4.112405700683593750e+02
7.292039999999999509e+02 3.600000000000000000e+02 4.112401733398437500e+02
7.295399999999999636e+02 5.340000000000000000e+02 4.112390747070312500e+02
7.298759999999999764e+02 3.880000000000000000e+02 4.112394714355468750e+02
7.302119999999999891e+02 3.080000000000000000e+02 4.112375183105468750e+02
7.305480000000000018e+02 3.250000000000000000e+02 4.112358398437500000e+02
7.308840000000000146e+02 2.070000000000000000e+02 4.112434997558593750e+02
7.312200000000000273e+02 9.600000000000000000e+01 4.112505493164062500e+02
7.315560000000000400e+02 1.260000000000000000e+02 4.112443542480468750e+02
7.318920000000000528e+02 1.240000000000000000e+02 4.112513122558593750e+02
7.322279999999999518e+02 7.400000000000000000e+01 4.112379760742187500e+02
7.325639999999999645e+02 1.460000000000000000e+02 4.112474365234375000e+02
