6.286079999999999472e+02 5.500000000000000000e+01 3.062823791503906250e+02
6.289439999999999600e+02 7.700000000000000000e+01 3.062902526855468750e+02
6.292799999999999727e+02 2.410000000000000000e+02 3.062771301269531250e+02
6.296219999999999573e+02 2.520000000000000000e+02 3.062773742675781250e+02
6.299579999999999700e+02 5.650000000000000000e+02 3.062842712402343750e+02
6.302939999999999827e+02 4.420000000000000000e+02 3.062824707031250000e+02
6.306299999999999955e+02 7.140000000000000000e+02 3.062820129394531250e+02
6.309660000000000082e+02 6.460000000000000000e+02 3.062816467285156250e+02
6.313020000000000209e+02 5.710000000000000000e+02 3.062815246582031250e+02
6.316380000000000337e+02 6.990000000000000000e+02 3.062803955078125000e+02
6.319740000000000464e+02 6.660000000000000000e+02 3.062809753417968750e+02
6.323099999999999454e+02 7.720000000000000000e+02 3.062795715332031250e+02
6.326459999999999582e+02 6.500000000000000000e+02 3.062793273925781250e+02
6.329819999999999709e+02 7.950000000000000000e+02 3.062814941406250000e+02
6.333179999999999836e+02 3.870000000000000000e+02 3.062868957519531250e+02
6.336539999999999964e+02 3.710000000000000000e+02 3.062832641601562500e+02
6.339959999999999809e+02 2.120000000000000000e+02 3.062744140625000000e+02
6.343319999999999936e+02 2.710000000000000000e+02 3.062776489257812500e+02
6.346680000000000064e+02 1.060000000000000000e+02 3.062722473144531250e+02
6.350040000000000191e+02 1.170000000000000000e+02 3.062814331054687500e+02
6.353400000000000318e+02 9.100000000000000000e+01 3.062824401855468750e+02
6.356760000000000446e+02 7.200000000000000000e+01 3.062747497558593750e+02
6.360119999999999436e+02 1.270000000000000000e+02 3.062807617187500000e+02
6.363479999999999563e+02 6.800000000000000000e+01 3.062838439941406250e+02
