3.588199999999999932e+02 4.250000000000000000e+02 3.211620483398437500e+02
3.591560000000000059e+02 6.030000000000000000e+02 3.211562500000000000e+02
3.594929999999999950e+02 5.560000000000000000e+02 3.211697387695312500e+02
3.598290000000000077e+02 5.110000000000000000e+02 3.211724548339843750e+02
3.601650000000000205e+02 4.550000000000000000e+02 3.211599426269531250e+02
3.605020000000000095e+02 4.750000000000000000e+02 3.211635131835937500e+02
3.608380000000000223e+02 6.270000000000000000e+02 3.211595764160156250e+02
3.611739999999999782e+02 4.110000000000000000e+02 3.211614074707031250e+02
3.615099999999999909e+02 3.810000000000000000e+02 3.211666259765625000e+02
3.618469999999999800e+02 5.620000000000000000e+02 3.211662597656250000e+02
3.621829999999999927e+02 4.410000000000000000e+02 3.211764526367187500e+02
3.625190000000000055e+02 2.560000000000000000e+02 3.211667785644531250e+02
3.628559999999999945e+02 3.820000000000000000e+02 3.211609802246093750e+02
3.631920000000000073e+02 4.660000000000000000e+02 3.211724243164062500e+02
3.635280000000000200e+02 5.800000000000000000e+02 3.211607055664062500e+02
3.638650000000000091e+02 4.760000000000000000e+02 3.211682739257812500e+02
3.642010000000000218e+02 4.050000000000000000e+02 3.211604919433593750e+02
3.645369999999999777e+02 4.510000000000000000e+02 3.211762084960937500e+02
3.648729999999999905e+02 4.710000000000000000e+02 3.211722106933593750e+02
3.652099999999999795e+02 6.820000000000000000e+02 3.211702880859375000e+02
3.655459999999999923e+02 3.790000000000000000e+02 3.211575317382812500e+02
3.658820000000000050e+02 5.040000000000000000e+02 3.211698303222656250e+02
3.662189999999999941e+02 4.130000000000000000e+02 3.211586608886718750e+02
3.665550000000000068e+02 3.650000000000000000e+02 3.211702270507812500e+02
3.668910000000000196e+02 2.060000000000000000e+02 3.211593322753906250e+02
3.672280000000000086e+02 5.000000000000000000e+02 3.211685485839843750e+02
3.675640000000000214e+02 3.520000000000000000e+02 3.211666259765625000e+02
3.679010000000000105e+02 4.560000000000000000e+02 3.211673278808593750e+02
3.682370000000000232e+02 2.930000000000000000e+02 3.211601867675781250e+02
3.685740000000000123e+02 5.030000000000000000e+02 3.211739501953125000e+02
3.689119999999999777e+02 5.830000000000000000e+02 3.211633300781250000e+02
3.692479999999999905e+02 3.870000000000000000e+02 3.211665954589843750e+02
3.695840000000000032e+02 4.810000000000000000e+02 3.211713867187500000e+02
3.699200000000000159e+02 4.080000000000000000e+02 3.211724853515625000e+02
3.702570000000000050e+02 3.500000000000000000e+02 3.211664733886718750e+02
3.705930000000000177e+02 3.270000000000000000e+02 3.211577758789062500e+02
3.709289999999999736e+02 2.800000000000000000e+02 3.211635742187500000e+02
3.712660000000000196e+02 4.020000000000000000e+02 3.211614990234375000e+02
3.716019999999999754e+02 2.850000000000000000e+02 3.211821899414062500e+02
3.719379999999999882e+02 3.980000000000000000e+02 3.211795654296875000e+02
3.722749999999999773e+02 3.800000000000000000e+02 3.211707153320312500e+02
3.726109999999999900e+02 4.760000000000000000e+02 3.211669311523437500e+02
3.729470000000000027e+02 4.410000000000000000e+02 3.211612854003906250e+02
3.732830000000000155e+02 3.940000000000000000e+02 3.211681823730468750e+02
3.736200000000000045e+02 7.900000000000000000e+02 3.211700134277343750e+02
3.739560000000000173e+02 3.390000000000000000e+02 3.211755065917968750e+02
3.742919999999999732e+02 5.020000000000000000e+02 3.211741638183593750e+02
3.746290000000000191e+02 4.500000000000000000e+02 3.211733398437500000e+02
3.749649999999999750e+02 3.090000000000000000e+02 3.211628112792968750e+02
3.753009999999999877e+02 4.300000000000000000e+02 3.211784057617187500e+02
3.756379999999999768e+02 4.960000000000000000e+02 3.211711730957031250e+02
3.759739999999999895e+02 3.040000000000000000e+02 3.211605834960937500e+02
3.763100000000000023e+02 3.320000000000000000e+02 3.211749267578125000e+02
3.766460000000000150e+02 4.800000000000000000e+02 3.211704406738281250e+02
3.769830000000000041e+02 4.710000000000000000e+02 3.211641235351562500e+02
3.773190000000000168e+02 6.760000000000000000e+02 3.211675720214843750e+02
3.776549999999999727e+02 3.660000000000000000e+02 3.211798706054687500e+02
3.779920000000000186e+02 5.440000000000000000e+02 3.211661987304687500e+02
3.783279999999999745e+02 4.530000000000000000e+02 3.211644897460937500e+02
3.786639999999999873e+02 3.470000000000000000e+02 3.211750183105468750e+02
3.790020000000000095e+02 3.790000000000000000e+02 3.211701049804687500e+02
3.793389999999999986e+02 4.640000000000000000e+02 3.211784057617187500e+02
3.796750000000000114e+02 5.390000000000000000e+02 3.211674804687500000e+02
3.800110000000000241e+02 4.240000000000000000e+02 3.211676940917968750e+02
3.803469999999999800e+02 5.670000000000000000e+02 3.211727294921875000e+02
3.806840000000000259e+02 3.980000000000000000e+02 3.211712341308593750e+02
3.810199999999999818e+02 4.120000000000000000e+02 3.211707763671875000e+02
3.813559999999999945e+02 3.780000000000000000e+02 3.211571960449218750e+02
3.816929999999999836e+02 3.880000000000000000e+02 3.211717224121093750e+02
3.820289999999999964e+02 3.460000000000000000e+02 3.211731872558593750e+02
3.823650000000000091e+02 4.300000000000000000e+02 3.211714477539062500e+02
3.827019999999999982e+02 4.060000000000000000e+02 3.211621398925781250e+02
3.830389999999999873e+02 4.230000000000000000e+02 3.211714477539062500e+02
3.833750000000000000e+02 2.930000000000000000e+02 3.211709899902343750e+02
3.837119999999999891e+02 3.630000000000000000e+02 3.211578063964843750e+02
3.840480000000000018e+02 4.050000000000000000e+02 3.211844177246093750e+02
3.843840000000000146e+02 2.970000000000000000e+02 3.211554260253906250e+02
3.847210000000000036e+02 3.490000000000000000e+02 3.211654663085937500e+02
3.850570000000000164e+02 3.780000000000000000e+02 3.211567687988281250e+02
3.853929999999999723e+02 3.620000000000000000e+02 3.211827087402343750e+02
3.857300000000000182e+02 4.180000000000000000e+02 3.211743774414062500e+02
3.860659999999999741e+02 3.870000000000000000e+02 3.211655578613281250e+02
3.864019999999999868e+02 2.560000000000000000e+02 3.211692504882812500e+02
3.867389999999999759e+02 4.080000000000000000e+02 3.211810607910156250e+02
3.870749999999999886e+02 3.100000000000000000e+02 3.211794738769531250e+02
3.874119999999999777e+02 3.800000000000000000e+02 3.211655273437500000e+02
3.877479999999999905e+02 4.940000000000000000e+02 3.211733703613281250e+02
3.880840000000000032e+02 5.760000000000000000e+02 3.211733398437500000e+02
