5.394610000000000127e+02 1.060000000000000000e+02 2.442528991699218750e+02
5.397980000000000018e+02 1.630000000000000000e+02 2.442673339843750000e+02
5.401340000000000146e+02 3.130000000000000000e+02 2.442646484375000000e+02
5.404719999999999800e+02 4.570000000000000000e+02 2.442663116455078125e+02
5.408079999999999927e+02 5.540000000000000000e+02 2.442644195556640625e+02
5.411449999999999818e+02 3.750000000000000000e+02 2.442634887695312500e+02
5.414809999999999945e+02 4.870000000000000000e+02 2.442624511718750000e+02
5.418179999999999836e+02 7.860000000000000000e+02 2.442612457275390625e+02
5.421539999999999964e+02 5.060000000000000000e+02 2.442647247314453125e+02
5.424900000000000091e+02 5.200000000000000000e+02 2.442653656005859375e+02
5.428269999999999982e+02 5.280000000000000000e+02 2.442604675292968750e+02
5.431630000000000109e+02 3.270000000000000000e+02 2.442654113769531250e+02
5.434990000000000236e+02 2.750000000000000000e+02 2.442641296386718750e+02
5.438350000000000364e+02 2.330000000000000000e+02 2.442649383544921875e+02
5.441720000000000255e+02 1.320000000000000000e+02 2.442770385742187500e+02
5.445080000000000382e+02 2.570000000000000000e+02 2.442656097412109375e+02
5.448440000000000509e+02 1.130000000000000000e+02 2.442643737792968750e+02
5.451810000000000400e+02 8.500000000000000000e+01 2.442669219970703125e+02
5.455170000000000528e+02 5.800000000000000000e+01 2.442638092041015625e+02
5.458529999999999518e+02 4.900000000000000000e+01 2.442696380615234375e+02
