2.747400000000000020e+01 5.200000000000000000e+01 4.901844787597656250e+02
2.780999999999999872e+01 3.100000000000000000e+01 4.901802368164062500e+02
2.814699999999999847e+01 2.010000000000000000e+02 4.901752319335937500e+02
2.848300000000000054e+01 3.100000000000000000e+02 4.901755676269531250e+02
2.881899999999999906e+01 6.630000000000000000e+02 4.901770019531250000e+02
2.915599999999999881e+01 1.240000000000000000e+03 4.901809997558593750e+02
2.949200000000000088e+01 2.709000000000000000e+03 4.901760559082031250e+02
2.982799999999999940e+01 3.864000000000000000e+03 4.901743164062500000e+02
3.016400000000000148e+01 5.106000000000000000e+03 4.901758422851562500e+02
3.050100000000000122e+01 6.370000000000000000e+03 4.901784973144531250e+02
3.083699999999999974e+01 7.579000000000000000e+03 4.901737060546875000e+02
3.117299999999999827e+01 7.168000000000000000e+03 4.901784362792968750e+02
3.151000000000000156e+01 7.040000000000000000e+03 4.901740417480468750e+02
3.184600000000000009e+01 6.318000000000000000e+03 4.901741333007812500e+02
3.218200000000000216e+01 5.991000000000000000e+03 4.901753540039062500e+02
3.251899999999999835e+01 5.388000000000000000e+03 4.901776123046875000e+02
3.285499999999999687e+01 5.099000000000000000e+03 4.901744689941406250e+02
3.319100000000000250e+01 4.438000000000000000e+03 4.901773376464843750e+02
3.352799999999999869e+01 4.493000000000000000e+03 4.901759643554687500e+02
3.386399999999999721e+01 3.508000000000000000e+03 4.901774902343750000e+02
3.420000000000000284e+01 2.991000000000000000e+03 4.901779479980468750e+02
3.453600000000000136e+01 2.294000000000000000e+03 4.901764221191406250e+02
3.487299999999999756e+01 1.857000000000000000e+03 4.901777343750000000e+02
3.520900000000000318e+01 1.697000000000000000e+03 4.901777343750000000e+02
3.554500000000000171e+01 1.489000000000000000e+03 4.901748046875000000e+02
3.588300000000000267e+01 1.196000000000000000e+03 4.901760864257812500e+02
3.622099999999999653e+01 1.148000000000000000e+03 4.901761474609375000e+02
3.655700000000000216e+01 8.570000000000000000e+02 4.901747131347656250e+02
3.689300000000000068e+01 8.250000000000000000e+02 4.901771850585937500e+02
3.722999999999999687e+01 5.380000000000000000e+02 4.901772460937500000e+02
3.756600000000000250e+01 4.920000000000000000e+02 4.901739807128906250e+02
3.790200000000000102e+01 4.820000000000000000e+02 4.901731262207031250e+02
3.823899999999999721e+01 4.260000000000000000e+02 4.901793823242187500e+02
3.857500000000000284e+01 3.450000000000000000e+02 4.901748657226562500e+02
3.891199999999999903e+01 2.640000000000000000e+02 4.901777343750000000e+02
3.924799999999999756e+01 2.590000000000000000e+02 4.901762390136718750e+02
3.958400000000000318e+01 1.900000000000000000e+02 4.901721191406250000e+02
3.992000000000000171e+01 2.750000000000000000e+02 4.901723327636718750e+02
4.025699999999999790e+01 2.040000000000000000e+02 4.901795043945312500e+02
4.059300000000000352e+01 1.830000000000000000e+02 4.901697082519531250e+02
4.092900000000000205e+01 1.780000000000000000e+02 4.901745300292968750e+02
4.126599999999999824e+01 1.100000000000000000e+02 4.901792602539062500e+02
4.160199999999999676e+01 3.800000000000000000e+01 4.901875305175781250e+02
4.193800000000000239e+01 2.350000000000000000e+02 4.901839294433593750e+02
4.227499999999999858e+01 1.490000000000000000e+02 4.901674499511718750e+02
4.261099999999999710e+01 1.690000000000000000e+02 4.901604003906250000e+02
4.294700000000000273e+01 1.440000000000000000e+02 4.901770019531250000e+02
