3.147509999999999764e+02 4.030000000000000000e+02 4.521510009765625000e+02
3.150869999999999891e+02 4.920000000000000000e+02 4.521440734863281250e+02
3.154239999999999782e+02 6.290000000000000000e+02 4.521321411132812500e+02
3.157599999999999909e+02 6.270000000000000000e+02 4.521390686035156250e+02
3.160960000000000036e+02 6.710000000000000000e+02 4.521409606933593750e+02
3.164329999999999927e+02 7.320000000000000000e+02 4.521371765136718750e+02
3.167690000000000055e+02 5.650000000000000000e+02 4.521398010253906250e+02
3.171050000000000182e+02 4.730000000000000000e+02 4.521469726562500000e+02
3.174420000000000073e+02 3.800000000000000000e+02 4.521387939453125000e+02
3.177780000000000200e+02 2.570000000000000000e+02 4.521502990722656250e+02
3.181159999999999854e+02 1.800000000000000000e+02 4.521423950195312500e+02
3.184540000000000077e+02 1.840000000000000000e+02 4.521510009765625000e+02
