3.184540000000000077e+02 3.650000000000000000e+02 4.031919250488281250e+02
3.187900000000000205e+02 3.680000000000000000e+02 4.031880187988281250e+02
3.191270000000000095e+02 3.520000000000000000e+02 4.031924743652343750e+02
3.194630000000000223e+02 3.140000000000000000e+02 4.032001953125000000e+02
3.197989999999999782e+02 4.450000000000000000e+02 4.031833801269531250e+02
3.201360000000000241e+02 3.740000000000000000e+02 4.031940917968750000e+02
3.204719999999999800e+02 3.560000000000000000e+02 4.032070312500000000e+02
3.208079999999999927e+02 3.160000000000000000e+02 4.031866455078125000e+02
3.211449999999999818e+02 3.420000000000000000e+02 4.031956481933593750e+02
3.214809999999999945e+02 3.450000000000000000e+02 4.032039794921875000e+02
3.218170000000000073e+02 3.360000000000000000e+02 4.032090454101562500e+02
3.221539999999999964e+02 3.280000000000000000e+02 4.031922912597656250e+02
3.224900000000000091e+02 4.080000000000000000e+02 4.032053833007812500e+02
3.228260000000000218e+02 4.850000000000000000e+02 4.031997375488281250e+02
3.231619999999999777e+02 4.000000000000000000e+02 4.031963500976562500e+02
3.234990000000000236e+02 4.750000000000000000e+02 4.031895751953125000e+02
3.238349999999999795e+02 7.290000000000000000e+02 4.031983337402343750e+02
3.241709999999999923e+02 4.420000000000000000e+02 4.032124938964843750e+02
3.245079999999999814e+02 4.820000000000000000e+02 4.032073974609375000e+02
3.248439999999999941e+02 5.770000000000000000e+02 4.031944274902343750e+02
3.251800000000000068e+02 5.200000000000000000e+02 4.031990051269531250e+02
3.255169999999999959e+02 4.100000000000000000e+02 4.031940917968750000e+02
3.258530000000000086e+02 4.350000000000000000e+02 4.031898193359375000e+02
3.261890000000000214e+02 3.530000000000000000e+02 4.031958618164062500e+02
3.265249999999999773e+02 4.320000000000000000e+02 4.031984252929687500e+02
3.268620000000000232e+02 2.780000000000000000e+02 4.031984558105468750e+02
3.271979999999999791e+02 2.760000000000000000e+02 4.031822814941406250e+02
3.275339999999999918e+02 4.270000000000000000e+02 4.031879577636718750e+02
3.278709999999999809e+02 3.280000000000000000e+02 4.032021484375000000e+02
3.282069999999999936e+02 3.820000000000000000e+02 4.032021179199218750e+02
3.285450000000000159e+02 2.940000000000000000e+02 4.031973876953125000e+02
