2.982799999999999940e+01 3.070000000000000000e+02 2.551029510498046875e+02
3.016400000000000148e+01 3.950000000000000000e+02 2.551039428710937500e+02
3.050100000000000122e+01 6.460000000000000000e+02 2.551032562255859375e+02
3.083699999999999974e+01 4.590000000000000000e+02 2.551077117919921875e+02
3.117299999999999827e+01 5.640000000000000000e+02 2.551053619384765625e+02
3.151000000000000156e+01 7.130000000000000000e+02 2.551013946533203125e+02
3.184600000000000009e+01 5.890000000000000000e+02 2.551039276123046875e+02
3.218200000000000216e+01 5.770000000000000000e+02 2.551057281494140625e+02
3.251899999999999835e+01 5.990000000000000000e+02 2.551051025390625000e+02
3.285499999999999687e+01 5.680000000000000000e+02 2.551058502197265625e+02
3.319100000000000250e+01 5.550000000000000000e+02 2.551108703613281250e+02
3.352799999999999869e+01 5.970000000000000000e+02 2.551080780029296875e+02
3.386399999999999721e+01 4.560000000000000000e+02 2.551120452880859375e+02
3.420000000000000284e+01 2.580000000000000000e+02 2.551159515380859375e+02
3.453600000000000136e+01 5.170000000000000000e+02 2.551079406738281250e+02
3.487299999999999756e+01 4.400000000000000000e+02 2.551091918945312500e+02
