3.668910000000000196e+02 3.180000000000000000e+02 4.712340698242187500e+02
3.672280000000000086e+02 1.880000000000000000e+02 4.712219543457031250e+02
3.675640000000000214e+02 1.560000000000000000e+02 4.712162475585937500e+02
3.679010000000000105e+02 3.270000000000000000e+02 4.712213439941406250e+02
3.682370000000000232e+02 3.950000000000000000e+02 4.712035217285156250e+02
3.685740000000000123e+02 2.070000000000000000e+02 4.712176513671875000e+02
3.689119999999999777e+02 3.140000000000000000e+02 4.712307739257812500e+02
3.692479999999999905e+02 2.850000000000000000e+02 4.712400207519531250e+02
3.695840000000000032e+02 4.000000000000000000e+02 4.712176513671875000e+02
3.699200000000000159e+02 6.960000000000000000e+02 4.712213134765625000e+02
3.702570000000000050e+02 4.540000000000000000e+02 4.712232055664062500e+02
3.705930000000000177e+02 5.640000000000000000e+02 4.712282714843750000e+02
3.709289999999999736e+02 6.250000000000000000e+02 4.712141418457031250e+02
3.712660000000000196e+02 6.130000000000000000e+02 4.712198181152343750e+02
3.716019999999999754e+02 4.590000000000000000e+02 4.712214660644531250e+02
3.719379999999999882e+02 4.470000000000000000e+02 4.712189025878906250e+02
3.722749999999999773e+02 5.600000000000000000e+02 4.712166748046875000e+02
3.726109999999999900e+02 3.720000000000000000e+02 4.712198181152343750e+02
3.729470000000000027e+02 2.460000000000000000e+02 4.712261657714843750e+02
3.732830000000000155e+02 2.710000000000000000e+02 4.712193298339843750e+02
