2.915599999999999881e+01 7.300000000000000000e+01 5.731144409179687500e+02
2.949200000000000088e+01 5.400000000000000000e+01 5.731166992187500000e+02
2.982799999999999940e+01 9.900000000000000000e+01 5.731182861328125000e+02
3.016400000000000148e+01 1.220000000000000000e+02 5.730881347656250000e+02
3.050100000000000122e+01 1.370000000000000000e+02 5.731002197265625000e+02
3.083699999999999974e+01 2.530000000000000000e+02 5.730965576171875000e+02
3.117299999999999827e+01 4.340000000000000000e+02 5.731024780273437500e+02
3.151000000000000156e+01 5.090000000000000000e+02 5.731046142578125000e+02
3.184600000000000009e+01 3.650000000000000000e+02 5.731018066406250000e+02
3.218200000000000216e+01 5.270000000000000000e+02 5.731063842773437500e+02
3.251899999999999835e+01 5.580000000000000000e+02 5.731062622070312500e+02
3.285499999999999687e+01 4.680000000000000000e+02 5.731018676757812500e+02
3.319100000000000250e+01 5.670000000000000000e+02 5.730994262695312500e+02
3.352799999999999869e+01 4.670000000000000000e+02 5.731066284179687500e+02
3.386399999999999721e+01 6.710000000000000000e+02 5.730989379882812500e+02
3.420000000000000284e+01 4.610000000000000000e+02 5.731145019531250000e+02
3.453600000000000136e+01 4.210000000000000000e+02 5.731030273437500000e+02
3.487299999999999756e+01 4.580000000000000000e+02 5.731013793945312500e+02
3.520900000000000318e+01 3.870000000000000000e+02 5.731023559570312500e+02
3.554500000000000171e+01 4.130000000000000000e+02 5.730979003906250000e+02
3.588300000000000267e+01 2.960000000000000000e+02 5.731041870117187500e+02
3.622099999999999653e+01 4.200000000000000000e+02 5.731095581054687500e+02
3.655700000000000216e+01 1.580000000000000000e+02 5.730942382812500000e+02
3.689300000000000068e+01 1.410000000000000000e+02 5.731173706054687500e+02
3.722999999999999687e+01 2.210000000000000000e+02 5.731065673828125000e+02
3.756600000000000250e+01 2.120000000000000000e+02 5.731087646484375000e+02
3.790200000000000102e+01 1.800000000000000000e+02 5.730957031250000000e+02
3.823899999999999721e+01 2.450000000000000000e+02 5.730942382812500000e+02
3.857500000000000284e+01 1.680000000000000000e+02 5.731082153320312500e+02
3.891199999999999903e+01 1.540000000000000000e+02 5.731038208007812500e+02
3.924799999999999756e+01 1.750000000000000000e+02 5.731015625000000000e+02
3.958400000000000318e+01 8.100000000000000000e+01 5.730960693359375000e+02
3.992000000000000171e+01 1.890000000000000000e+02 5.731033325195312500e+02
4.025699999999999790e+01 1.180000000000000000e+02 5.731079101562500000e+02
4.059300000000000352e+01 7.200000000000000000e+01 5.731173706054687500e+02
4.092900000000000205e+01 8.800000000000000000e+01 5.731126708984375000e+02
4.126599999999999824e+01 9.900000000000000000e+01 5.730895996093750000e+02
4.160199999999999676e+01 1.500000000000000000e+02 5.731091308593750000e+02
4.193800000000000239e+01 2.160000000000000000e+02 5.731005249023437500e+02
4.227499999999999858e+01 3.670000000000000000e+02 5.731012573242187500e+02
4.261099999999999710e+01 3.280000000000000000e+02 5.730942993164062500e+02
4.294700000000000273e+01 3.080000000000000000e+02 5.731113891601562500e+02
4.328300000000000125e+01 3.840000000000000000e+02 5.730957641601562500e+02
4.361999999999999744e+01 4.780000000000000000e+02 5.730901489257812500e+02
4.395600000000000307e+01 3.800000000000000000e+02 5.731017456054687500e+02
4.429200000000000159e+01 3.820000000000000000e+02 5.730996704101562500e+02
4.462899999999999778e+01 4.770000000000000000e+02 5.731002197265625000e+02
4.496500000000000341e+01 3.950000000000000000e+02 5.731018676757812500e+02
4.530100000000000193e+01 2.050000000000000000e+02 5.731005249023437500e+02
4.563799999999999812e+01 2.630000000000000000e+02 5.731013793945312500e+02
4.597599999999999909e+01 2.490000000000000000e+02 5.730985107421875000e+02
4.631199999999999761e+01 1.950000000000000000e+02 5.731004638671875000e+02
4.664800000000000324e+01 1.710000000000000000e+02 5.730976562500000000e+02
4.698400000000000176e+01 2.010000000000000000e+02 5.730892333984375000e+02
4.732099999999999795e+01 1.330000000000000000e+02 5.731065673828125000e+02
4.765699999999999648e+01 1.390000000000000000e+02 5.730863037109375000e+02
4.799300000000000210e+01 1.520000000000000000e+02 5.730964965820312500e+02
4.832999999999999829e+01 6.300000000000000000e+01 5.731110229492187500e+02
