2.545499999999999829e+01 6.800000000000000000e+01 2.130639038085937500e+02
2.579299999999999926e+01 1.480000000000000000e+02 2.130697937011718750e+02
2.612900000000000134e+01 2.970000000000000000e+02 2.130747070312500000e+02
2.646499999999999986e+01 6.090000000000000000e+02 2.130731353759765625e+02
2.680099999999999838e+01 3.820000000000000000e+02 2.130741271972656250e+02
2.713800000000000168e+01 5.150000000000000000e+02 2.130735015869140625e+02
2.747400000000000020e+01 4.550000000000000000e+02 2.130749816894531250e+02
2.780999999999999872e+01 5.180000000000000000e+02 2.130728454589843750e+02
2.814699999999999847e+01 6.610000000000000000e+02 2.130767059326171875e+02
2.848300000000000054e+01 2.760000000000000000e+02 2.130813751220703125e+02
2.881899999999999906e+01 4.580000000000000000e+02 2.130708007812500000e+02
2.915599999999999881e+01 2.810000000000000000e+02 2.130722045898437500e+02
2.949200000000000088e+01 2.180000000000000000e+02 2.130772399902343750e+02
2.982799999999999940e+01 1.400000000000000000e+02 2.130888977050781250e+02
