2.629460000000000264e+02 5.060000000000000000e+02 3.631705322265625000e+02
2.632819999999999823e+02 4.750000000000000000e+02 3.631663818359375000e+02
2.636190000000000282e+02 4.170000000000000000e+02 3.631608276367187500e+02
2.639549999999999841e+02 5.250000000000000000e+02 3.631693115234375000e+02
2.642909999999999968e+02 4.920000000000000000e+02 3.631756896972656250e+02
2.646279999999999859e+02 3.650000000000000000e+02 3.631734008789062500e+02
2.649639999999999986e+02 6.460000000000000000e+02 3.631746215820312500e+02
2.653000000000000114e+02 3.880000000000000000e+02 3.631676330566406250e+02
2.656360000000000241e+02 4.890000000000000000e+02 3.631756896972656250e+02
2.659730000000000132e+02 2.790000000000000000e+02 3.631716003417968750e+02
2.663090000000000259e+02 4.150000000000000000e+02 3.631862487792968750e+02
2.666449999999999818e+02 2.850000000000000000e+02 3.631870422363281250e+02
2.669820000000000277e+02 3.270000000000000000e+02 3.631782531738281250e+02
2.673179999999999836e+02 2.780000000000000000e+02 3.631835632324218750e+02
2.676539999999999964e+02 3.700000000000000000e+02 3.631840515136718750e+02
2.679920000000000186e+02 2.590000000000000000e+02 3.631815795898437500e+02
2.683290000000000077e+02 3.040000000000000000e+02 3.631874694824218750e+02
2.686650000000000205e+02 3.260000000000000000e+02 3.631818542480468750e+02
