3.827019999999999982e+02 2.330000000000000000e+02 1.450530853271484375e+02
3.830389999999999873e+02 4.030000000000000000e+02 1.450554046630859375e+02
3.833750000000000000e+02 5.150000000000000000e+02 1.450556030273437500e+02
3.837119999999999891e+02 6.460000000000000000e+02 1.450572052001953125e+02
3.840480000000000018e+02 4.180000000000000000e+02 1.450555877685546875e+02
3.843840000000000146e+02 3.550000000000000000e+02 1.450579376220703125e+02
3.847210000000000036e+02 3.730000000000000000e+02 1.450569915771484375e+02
3.850570000000000164e+02 4.680000000000000000e+02 1.450549774169921875e+02
3.853929999999999723e+02 4.700000000000000000e+02 1.450591583251953125e+02
3.857300000000000182e+02 4.130000000000000000e+02 1.450528869628906250e+02
3.860659999999999741e+02 2.520000000000000000e+02 1.450571289062500000e+02
3.864019999999999868e+02 3.130000000000000000e+02 1.450558166503906250e+02
3.867389999999999759e+02 1.750000000000000000e+02 1.450568542480468750e+02
