2.814479999999999791e+02 3.790000000000000000e+02 2.891614074707031250e+02
2.817839999999999918e+02 4.250000000000000000e+02 2.891485900878906250e+02
2.821209999999999809e+02 6.410000000000000000e+02 2.891478576660156250e+02
2.824569999999999936e+02 4.000000000000000000e+02 2.891618957519531250e+02
2.827930000000000064e+02 4.540000000000000000e+02 2.891440429687500000e+02
2.831299999999999955e+02 3.560000000000000000e+02 2.891505432128906250e+02
2.834660000000000082e+02 5.250000000000000000e+02 2.891426086425781250e+02
2.838020000000000209e+02 4.220000000000000000e+02 2.891470642089843750e+02
2.841390000000000100e+02 3.440000000000000000e+02 2.891471252441406250e+02
2.844750000000000227e+02 4.820000000000000000e+02 2.891392822265625000e+02
2.848109999999999786e+02 4.900000000000000000e+02 2.891401367187500000e+02
2.851469999999999914e+02 3.150000000000000000e+02 2.891545410156250000e+02
2.854839999999999804e+02 4.300000000000000000e+02 2.891496276855468750e+02
2.858199999999999932e+02 4.780000000000000000e+02 2.891495361328125000e+02
2.861560000000000059e+02 6.010000000000000000e+02 2.891470947265625000e+02
2.864929999999999950e+02 6.760000000000000000e+02 2.891492309570312500e+02
2.868290000000000077e+02 6.050000000000000000e+02 2.891401367187500000e+02
2.871650000000000205e+02 3.190000000000000000e+02 2.891543884277343750e+02
2.875020000000000095e+02 4.180000000000000000e+02 2.891373291015625000e+02
2.878380000000000223e+02 2.840000000000000000e+02 2.891527404785156250e+02
2.881759999999999877e+02 4.390000000000000000e+02 2.891319885253906250e+02
2.885120000000000005e+02 3.910000000000000000e+02 2.891399230957031250e+02
2.888489999999999895e+02 3.840000000000000000e+02 2.891494140625000000e+02
2.891850000000000023e+02 5.720000000000000000e+02 2.891384887695312500e+02
2.895219999999999914e+02 3.480000000000000000e+02 2.891445312500000000e+02
2.898580000000000041e+02 5.810000000000000000e+02 2.891439514160156250e+02
2.901949999999999932e+02 5.430000000000000000e+02 2.891468200683593750e+02
2.905310000000000059e+02 5.960000000000000000e+02 2.891422729492187500e+02
2.908670000000000186e+02 5.730000000000000000e+02 2.891459960937500000e+02
2.912040000000000077e+02 4.630000000000000000e+02 2.891494140625000000e+02
2.915400000000000205e+02 6.450000000000000000e+02 2.891417236328125000e+02
2.918759999999999764e+02 3.810000000000000000e+02 2.891472167968750000e+02
2.922119999999999891e+02 3.660000000000000000e+02 2.891508789062500000e+02
2.925489999999999782e+02 4.590000000000000000e+02 2.891434326171875000e+02
2.928849999999999909e+02 3.250000000000000000e+02 2.891547851562500000e+02
2.932210000000000036e+02 3.140000000000000000e+02 2.891495666503906250e+02
2.935579999999999927e+02 3.740000000000000000e+02 2.891552429199218750e+02
2.938940000000000055e+02 3.110000000000000000e+02 2.891555175781250000e+02
2.942300000000000182e+02 4.360000000000000000e+02 2.891473693847656250e+02
2.945670000000000073e+02 3.100000000000000000e+02 2.891574401855468750e+02
