1.468909999999999911e+02 9.340000000000000000e+02 4.780166015625000000e+02
1.472280000000000086e+02 6.960000000000000000e+02 4.780111389160156250e+02
1.475639999999999930e+02 8.250000000000000000e+02 4.780145568847656250e+02
1.479010000000000105e+02 6.510000000000000000e+02 4.780122070312500000e+02
1.482369999999999948e+02 7.010000000000000000e+02 4.780057373046875000e+02
1.485740000000000123e+02 7.120000000000000000e+02 4.780064697265625000e+02
1.489099999999999966e+02 6.240000000000000000e+02 4.780163879394531250e+02
1.492460000000000093e+02 6.180000000000000000e+02 4.780135192871093750e+02
1.495829999999999984e+02 6.030000000000000000e+02 4.780131530761718750e+02
1.499190000000000111e+02 5.370000000000000000e+02 4.780167846679687500e+02
1.502549999999999955e+02 5.410000000000000000e+02 4.780145568847656250e+02
1.505910000000000082e+02 5.540000000000000000e+02 4.780161437988281250e+02
1.509279999999999973e+02 5.190000000000000000e+02 4.780205993652343750e+02
1.512640000000000100e+02 4.480000000000000000e+02 4.780152587890625000e+02
1.515999999999999943e+02 4.030000000000000000e+02 4.780149841308593750e+02
1.519370000000000118e+02 4.650000000000000000e+02 4.780193786621093750e+02
1.522729999999999961e+02 4.870000000000000000e+02 4.780158691406250000e+02
1.526090000000000089e+02 4.440000000000000000e+02 4.780131530761718750e+02
1.529459999999999980e+02 5.360000000000000000e+02 4.780120239257812500e+02
1.532820000000000107e+02 5.860000000000000000e+02 4.780161437988281250e+02
1.536179999999999950e+02 6.420000000000000000e+02 4.780108337402343750e+02
1.539540000000000077e+02 4.350000000000000000e+02 4.780107727050781250e+02
1.542909999999999968e+02 5.100000000000000000e+02 4.780104980468750000e+02
1.546270000000000095e+02 6.460000000000000000e+02 4.780151062011718750e+02
1.549629999999999939e+02 5.310000000000000000e+02 4.780122375488281250e+02
1.553000000000000114e+02 4.740000000000000000e+02 4.780130004882812500e+02
1.556359999999999957e+02 4.980000000000000000e+02 4.780131530761718750e+02
1.559720000000000084e+02 5.410000000000000000e+02 4.780097351074218750e+02
1.563089999999999975e+02 6.870000000000000000e+02 4.780131225585937500e+02
1.566450000000000102e+02 6.550000000000000000e+02 4.780142517089843750e+02
1.569830000000000041e+02 6.030000000000000000e+02 4.780159912109375000e+02
1.573189999999999884e+02 5.210000000000000000e+02 4.780159301757812500e+02
1.576550000000000011e+02 4.630000000000000000e+02 4.780206604003906250e+02
1.579919999999999902e+02 5.520000000000000000e+02 4.780112609863281250e+02
1.583280000000000030e+02 4.610000000000000000e+02 4.780148620605468750e+02
1.586639999999999873e+02 4.710000000000000000e+02 4.780116577148437500e+02
1.590010000000000048e+02 4.250000000000000000e+02 4.780090332031250000e+02
1.593369999999999891e+02 6.140000000000000000e+02 4.780175170898437500e+02
1.596730000000000018e+02 5.760000000000000000e+02 4.780100708007812500e+02
1.600099999999999909e+02 5.530000000000000000e+02 4.780139160156250000e+02
1.603460000000000036e+02 4.970000000000000000e+02 4.780155029296875000e+02
1.606819999999999879e+02 4.280000000000000000e+02 4.780116577148437500e+02
1.610180000000000007e+02 4.700000000000000000e+02 4.780150146484375000e+02
1.613549999999999898e+02 4.010000000000000000e+02 4.780177307128906250e+02
1.616910000000000025e+02 6.270000000000000000e+02 4.780098571777343750e+02
1.620269999999999868e+02 4.910000000000000000e+02 4.780125122070312500e+02
1.623640000000000043e+02 4.240000000000000000e+02 4.780136718750000000e+02
1.626999999999999886e+02 2.520000000000000000e+02 4.780140380859375000e+02
1.630370000000000061e+02 4.280000000000000000e+02 4.780078735351562500e+02
1.633729999999999905e+02 3.570000000000000000e+02 4.780206298828125000e+02
1.637100000000000080e+02 1.890000000000000000e+02 4.780117797851562500e+02
1.640459999999999923e+02 3.620000000000000000e+02 4.780075988769531250e+02
1.643820000000000050e+02 2.750000000000000000e+02 4.780199584960937500e+02
1.647189999999999941e+02 4.730000000000000000e+02 4.780096130371093750e+02
1.650560000000000116e+02 2.700000000000000000e+02 4.780087280273437500e+02
1.653919999999999959e+02 1.580000000000000000e+02 4.780278930664062500e+02
1.657280000000000086e+02 2.090000000000000000e+02 4.780170898437500000e+02
1.660649999999999977e+02 2.520000000000000000e+02 4.780098571777343750e+02
1.664010000000000105e+02 1.560000000000000000e+02 4.780158386230468750e+02
1.667369999999999948e+02 2.520000000000000000e+02 4.780068359375000000e+02
1.670749999999999886e+02 1.220000000000000000e+02 4.780117187500000000e+02
1.674110000000000014e+02 1.410000000000000000e+02 4.780259399414062500e+02
1.677479999999999905e+02 2.980000000000000000e+02 4.780058593750000000e+02
1.680840000000000032e+02 2.120000000000000000e+02 4.780151367187500000e+02
1.684199999999999875e+02 1.490000000000000000e+02 4.780217285156250000e+02
1.687570000000000050e+02 3.160000000000000000e+02 4.780172729492187500e+02
1.690929999999999893e+02 1.970000000000000000e+02 4.780172729492187500e+02
