4.274409999999999741e+02 2.500000000000000000e+02 4.152143859863281250e+02
4.277769999999999868e+02 5.740000000000000000e+02 4.152219848632812500e+02
4.281139999999999759e+02 4.290000000000000000e+02 4.152077026367187500e+02
4.284499999999999886e+02 3.660000000000000000e+02 4.152164611816406250e+02
4.287860000000000014e+02 4.350000000000000000e+02 4.152222290039062500e+02
4.291229999999999905e+02 3.320000000000000000e+02 4.152035522460937500e+02
4.294599999999999795e+02 3.850000000000000000e+02 4.152296142578125000e+02
4.297970000000000255e+02 3.740000000000000000e+02 4.152244567871093750e+02
4.301329999999999814e+02 4.060000000000000000e+02 4.152089843750000000e+02
4.304700000000000273e+02 4.490000000000000000e+02 4.152163391113281250e+02
4.308059999999999832e+02 5.100000000000000000e+02 4.152297973632812500e+02
4.311429999999999723e+02 3.550000000000000000e+02 4.152131958007812500e+02
4.314789999999999850e+02 4.360000000000000000e+02 4.152250671386718750e+02
4.318149999999999977e+02 2.960000000000000000e+02 4.152206726074218750e+02
4.321519999999999868e+02 3.140000000000000000e+02 4.152256469726562500e+02
4.324879999999999995e+02 2.390000000000000000e+02 4.152119445800781250e+02
4.328240000000000123e+02 3.430000000000000000e+02 4.152289428710937500e+02
4.331610000000000014e+02 2.020000000000000000e+02 4.152239379882812500e+02
4.334970000000000141e+02 2.790000000000000000e+02 4.152380065917968750e+02
4.338330000000000268e+02 3.850000000000000000e+02 4.152207946777343750e+02
4.341700000000000159e+02 4.030000000000000000e+02 4.152123413085937500e+02
4.345059999999999718e+02 4.090000000000000000e+02 4.152168579101562500e+02
4.348419999999999845e+02 3.970000000000000000e+02 4.152116394042968750e+02
4.351779999999999973e+02 2.780000000000000000e+02 4.152171630859375000e+02
4.355149999999999864e+02 2.870000000000000000e+02 4.152256469726562500e+02
4.358509999999999991e+02 4.970000000000000000e+02 4.152260131835937500e+02
4.361870000000000118e+02 2.640000000000000000e+02 4.152137756347656250e+02
4.365240000000000009e+02 2.790000000000000000e+02 4.152189025878906250e+02
4.368600000000000136e+02 4.490000000000000000e+02 4.152152099609375000e+02
4.371960000000000264e+02 3.300000000000000000e+02 4.152042541503906250e+02
4.375330000000000155e+02 4.830000000000000000e+02 4.152202453613281250e+02
4.378690000000000282e+02 4.320000000000000000e+02 4.152073974609375000e+02
4.382049999999999841e+02 2.900000000000000000e+02 4.152279663085937500e+02
4.385419999999999732e+02 3.710000000000000000e+02 4.152105102539062500e+02
4.388779999999999859e+02 3.850000000000000000e+02 4.152223815917968750e+02
4.392139999999999986e+02 4.350000000000000000e+02 4.152177429199218750e+02
4.395520000000000209e+02 3.020000000000000000e+02 4.152255249023437500e+02
4.398890000000000100e+02 2.340000000000000000e+02 4.152325744628906250e+02
4.402250000000000227e+02 4.090000000000000000e+02 4.152215576171875000e+02
4.405609999999999786e+02 3.470000000000000000e+02 4.152202148437500000e+02
4.408969999999999914e+02 4.210000000000000000e+02 4.152120971679687500e+02
4.412339999999999804e+02 3.650000000000000000e+02 4.152204895019531250e+02
4.415699999999999932e+02 3.370000000000000000e+02 4.152138671875000000e+02
4.419060000000000059e+02 3.190000000000000000e+02 4.152194213867187500e+02
4.422429999999999950e+02 3.230000000000000000e+02 4.152280883789062500e+02
