1.277150000000000034e+02 5.380000000000000000e+02 3.980517578125000000e+02
1.280519999999999925e+02 5.810000000000000000e+02 3.980545043945312500e+02
1.283880000000000052e+02 4.670000000000000000e+02 3.980490112304687500e+02
1.287239999999999895e+02 4.990000000000000000e+02 3.980543212890625000e+02
1.290610000000000070e+02 5.350000000000000000e+02 3.980560913085937500e+02
1.293969999999999914e+02 6.450000000000000000e+02 3.980513610839843750e+02
1.297340000000000089e+02 6.310000000000000000e+02 3.980498657226562500e+02
1.300699999999999932e+02 5.480000000000000000e+02 3.980528259277343750e+02
1.304070000000000107e+02 4.520000000000000000e+02 3.980583496093750000e+02
1.307439999999999998e+02 4.010000000000000000e+02 3.980520019531250000e+02
1.310800000000000125e+02 5.270000000000000000e+02 3.980510864257812500e+02
1.314170000000000016e+02 5.210000000000000000e+02 3.980533752441406250e+02
1.317529999999999859e+02 5.140000000000000000e+02 3.980518188476562500e+02
1.320900000000000034e+02 4.690000000000000000e+02 3.980557250976562500e+02
1.324259999999999877e+02 5.410000000000000000e+02 3.980502014160156250e+02
1.327630000000000052e+02 5.140000000000000000e+02 3.980535278320312500e+02
1.330989999999999895e+02 5.950000000000000000e+02 3.980522460937500000e+02
1.334350000000000023e+02 4.540000000000000000e+02 3.980542907714843750e+02
1.337719999999999914e+02 3.370000000000000000e+02 3.980494995117187500e+02
1.341080000000000041e+02 5.110000000000000000e+02 3.980531921386718750e+02
1.344439999999999884e+02 3.890000000000000000e+02 3.980530090332031250e+02
1.347810000000000059e+02 3.980000000000000000e+02 3.980525817871093750e+02
1.351169999999999902e+02 4.630000000000000000e+02 3.980553588867187500e+02
1.354530000000000030e+02 6.020000000000000000e+02 3.980548706054687500e+02
1.357899999999999920e+02 4.570000000000000000e+02 3.980515136718750000e+02
1.361260000000000048e+02 4.230000000000000000e+02 3.980512695312500000e+02
1.364619999999999891e+02 6.460000000000000000e+02 3.980539245605468750e+02
1.368000000000000114e+02 4.790000000000000000e+02 3.980567016601562500e+02
1.371359999999999957e+02 4.720000000000000000e+02 3.980488281250000000e+02
1.374730000000000132e+02 5.050000000000000000e+02 3.980500793457031250e+02
1.378089999999999975e+02 3.720000000000000000e+02 3.980525207519531250e+02
1.381450000000000102e+02 3.660000000000000000e+02 3.980471496582031250e+02
1.384809999999999945e+02 5.160000000000000000e+02 3.980562133789062500e+02
1.388180000000000121e+02 4.830000000000000000e+02 3.980529174804687500e+02
1.391539999999999964e+02 4.270000000000000000e+02 3.980497131347656250e+02
1.394900000000000091e+02 2.450000000000000000e+02 3.980483703613281250e+02
1.398269999999999982e+02 3.260000000000000000e+02 3.980548095703125000e+02
1.401630000000000109e+02 3.390000000000000000e+02 3.980533752441406250e+02
1.404989999999999952e+02 4.200000000000000000e+02 3.980541687011718750e+02
1.408360000000000127e+02 4.130000000000000000e+02 3.980480651855468750e+02
1.411719999999999970e+02 3.740000000000000000e+02 3.980469055175781250e+02
1.415080000000000098e+02 4.750000000000000000e+02 3.980442810058593750e+02
1.418449999999999989e+02 3.660000000000000000e+02 3.980532531738281250e+02
1.421810000000000116e+02 3.600000000000000000e+02 3.980493774414062500e+02
1.425169999999999959e+02 5.690000000000000000e+02 3.980512695312500000e+02
1.428530000000000086e+02 2.420000000000000000e+02 3.980544128417968750e+02
1.431899999999999977e+02 2.000000000000000000e+02 3.980462951660156250e+02
1.435260000000000105e+02 2.840000000000000000e+02 3.980543518066406250e+02
1.438619999999999948e+02 2.650000000000000000e+02 3.980522155761718750e+02
1.441990000000000123e+02 2.340000000000000000e+02 3.980545654296875000e+02
1.445349999999999966e+02 2.950000000000000000e+02 3.980510559082031250e+02
1.448710000000000093e+02 2.460000000000000000e+02 3.980475769042968750e+02
1.452079999999999984e+02 1.900000000000000000e+02 3.980502929687500000e+02
1.455440000000000111e+02 4.110000000000000000e+02 3.980554809570312500e+02
1.458799999999999955e+02 2.980000000000000000e+02 3.980498352050781250e+02
1.462170000000000130e+02 1.880000000000000000e+02 3.980490417480468750e+02
1.465529999999999973e+02 2.420000000000000000e+02 3.980506286621093750e+02
1.468909999999999911e+02 1.790000000000000000e+02 3.980400695800781250e+02
1.472280000000000086e+02 1.690000000000000000e+02 3.980525512695312500e+02
1.475639999999999930e+02 2.650000000000000000e+02 3.980486450195312500e+02
1.479010000000000105e+02 1.680000000000000000e+02 3.980375671386718750e+02
