4.129769999999999754e+02 4.190000000000000000e+02 3.051683044433593750e+02
4.133129999999999882e+02 5.150000000000000000e+02 3.051735839843750000e+02
4.136490000000000009e+02 3.640000000000000000e+02 3.051648864746093750e+02
4.139859999999999900e+02 4.310000000000000000e+02 3.051733398437500000e+02
4.143220000000000027e+02 3.270000000000000000e+02 3.051543273925781250e+02
4.146580000000000155e+02 3.990000000000000000e+02 3.051719055175781250e+02
4.149950000000000045e+02 4.510000000000000000e+02 3.051567077636718750e+02
4.153310000000000173e+02 4.170000000000000000e+02 3.051695251464843750e+02
4.156680000000000064e+02 3.620000000000000000e+02 3.051657104492187500e+02
4.160040000000000191e+02 4.250000000000000000e+02 3.051677856445312500e+02
4.163399999999999750e+02 3.370000000000000000e+02 3.051708068847656250e+02
4.166770000000000209e+02 2.880000000000000000e+02 3.051685180664062500e+02
4.170129999999999768e+02 4.590000000000000000e+02 3.051622009277343750e+02
4.173489999999999895e+02 5.660000000000000000e+02 3.051665344238281250e+02
4.176859999999999786e+02 2.110000000000000000e+02 3.051643371582031250e+02
4.180219999999999914e+02 2.900000000000000000e+02 3.051793518066406250e+02
4.183580000000000041e+02 5.050000000000000000e+02 3.051606750488281250e+02
4.186949999999999932e+02 5.210000000000000000e+02 3.051723327636718750e+02
4.190310000000000059e+02 4.410000000000000000e+02 3.051675415039062500e+02
4.193690000000000282e+02 5.020000000000000000e+02 3.051711120605468750e+02
4.197049999999999841e+02 3.400000000000000000e+02 3.051656799316406250e+02
4.200419999999999732e+02 5.490000000000000000e+02 3.051686096191406250e+02
4.203779999999999859e+02 4.950000000000000000e+02 3.051610717773437500e+02
4.207149999999999750e+02 3.460000000000000000e+02 3.051779785156250000e+02
4.210509999999999877e+02 3.240000000000000000e+02 3.051639404296875000e+02
4.213870000000000005e+02 4.130000000000000000e+02 3.051718750000000000e+02
4.217230000000000132e+02 3.590000000000000000e+02 3.051573791503906250e+02
4.220600000000000023e+02 4.860000000000000000e+02 3.051635131835937500e+02
4.223960000000000150e+02 3.870000000000000000e+02 3.051682434082031250e+02
4.227320000000000277e+02 4.060000000000000000e+02 3.051703186035156250e+02
4.230690000000000168e+02 3.250000000000000000e+02 3.051652221679687500e+02
4.234049999999999727e+02 2.960000000000000000e+02 3.051575317382812500e+02
