1.334350000000000023e+02 9.400000000000000000e+01 2.100936279296875000e+02
1.337719999999999914e+02 1.070000000000000000e+02 2.100868225097656250e+02
1.341080000000000041e+02 1.630000000000000000e+02 2.100956878662109375e+02
1.344439999999999884e+02 1.720000000000000000e+02 2.100882873535156250e+02
1.347810000000000059e+02 1.960000000000000000e+02 2.100859832763671875e+02
1.351169999999999902e+02 2.950000000000000000e+02 2.100797576904296875e+02
1.354530000000000030e+02 2.420000000000000000e+02 2.100832672119140625e+02
1.357899999999999920e+02 3.070000000000000000e+02 2.100896911621093750e+02
1.361260000000000048e+02 2.950000000000000000e+02 2.100914154052734375e+02
1.364619999999999891e+02 3.080000000000000000e+02 2.100885162353515625e+02
1.368000000000000114e+02 3.050000000000000000e+02 2.100858764648437500e+02
1.371359999999999957e+02 1.670000000000000000e+02 2.100839691162109375e+02
1.374730000000000132e+02 1.910000000000000000e+02 2.100843353271484375e+02
1.378089999999999975e+02 2.290000000000000000e+02 2.100852508544921875e+02
1.381450000000000102e+02 1.860000000000000000e+02 2.100879821777343750e+02
1.384809999999999945e+02 2.620000000000000000e+02 2.100916137695312500e+02
1.388180000000000121e+02 2.910000000000000000e+02 2.100911102294921875e+02
1.391539999999999964e+02 2.680000000000000000e+02 2.100898590087890625e+02
1.394900000000000091e+02 1.760000000000000000e+02 2.100881500244140625e+02
1.398269999999999982e+02 2.300000000000000000e+02 2.100897521972656250e+02
1.401630000000000109e+02 1.980000000000000000e+02 2.100924987792968750e+02
1.404989999999999952e+02 2.580000000000000000e+02 2.100918426513671875e+02
1.408360000000000127e+02 2.610000000000000000e+02 2.100931396484375000e+02
1.411719999999999970e+02 2.990000000000000000e+02 2.100911254882812500e+02
1.415080000000000098e+02 3.740000000000000000e+02 2.100901641845703125e+02
1.418449999999999989e+02 3.990000000000000000e+02 2.100946655273437500e+02
1.421810000000000116e+02 4.020000000000000000e+02 2.100959777832031250e+02
1.425169999999999959e+02 4.070000000000000000e+02 2.100931091308593750e+02
1.428530000000000086e+02 3.220000000000000000e+02 2.100915222167968750e+02
1.431899999999999977e+02 4.190000000000000000e+02 2.100887908935546875e+02
1.435260000000000105e+02 5.880000000000000000e+02 2.100909118652343750e+02
1.438619999999999948e+02 5.410000000000000000e+02 2.100931396484375000e+02
1.441990000000000123e+02 7.000000000000000000e+02 2.100910339355468750e+02
1.445349999999999966e+02 9.860000000000000000e+02 2.100910034179687500e+02
1.448710000000000093e+02 1.285000000000000000e+03 2.100936737060546875e+02
1.452079999999999984e+02 1.875000000000000000e+03 2.100904998779296875e+02
1.455440000000000111e+02 1.928000000000000000e+03 2.100927886962890625e+02
1.458799999999999955e+02 2.340000000000000000e+03 2.100912780761718750e+02
1.462170000000000130e+02 3.514000000000000000e+03 2.100916290283203125e+02
1.465529999999999973e+02 3.615000000000000000e+03 2.100925140380859375e+02
1.468909999999999911e+02 4.317000000000000000e+03 2.100926055908203125e+02
1.472280000000000086e+02 4.386000000000000000e+03 2.100920410156250000e+02
1.475639999999999930e+02 4.858000000000000000e+03 2.100927124023437500e+02
1.479010000000000105e+02 4.525000000000000000e+03 2.100928039550781250e+02
1.482369999999999948e+02 5.395000000000000000e+03 2.100922088623046875e+02
1.485740000000000123e+02 5.150000000000000000e+03 2.100921325683593750e+02
1.489099999999999966e+02 5.038000000000000000e+03 2.100932922363281250e+02
1.492460000000000093e+02 4.603000000000000000e+03 2.100927429199218750e+02
1.495829999999999984e+02 5.194000000000000000e+03 2.100921325683593750e+02
1.499190000000000111e+02 3.974000000000000000e+03 2.100940399169921875e+02
1.502549999999999955e+02 4.077000000000000000e+03 2.100920104980468750e+02
1.505910000000000082e+02 3.576000000000000000e+03 2.100922241210937500e+02
1.509279999999999973e+02 3.197000000000000000e+03 2.100923767089843750e+02
1.512640000000000100e+02 2.924000000000000000e+03 2.100918426513671875e+02
1.515999999999999943e+02 2.789000000000000000e+03 2.100930938720703125e+02
1.519370000000000118e+02 2.396000000000000000e+03 2.100941009521484375e+02
1.522729999999999961e+02 2.415000000000000000e+03 2.100920562744140625e+02
1.526090000000000089e+02 1.798000000000000000e+03 2.100928802490234375e+02
1.529459999999999980e+02 1.880000000000000000e+03 2.100906524658203125e+02
1.532820000000000107e+02 1.746000000000000000e+03 2.100925445556640625e+02
1.536179999999999950e+02 1.641000000000000000e+03 2.100927886962890625e+02
1.539540000000000077e+02 1.410000000000000000e+03 2.100920410156250000e+02
1.542909999999999968e+02 1.351000000000000000e+03 2.100918426513671875e+02
1.546270000000000095e+02 1.904000000000000000e+03 2.100918273925781250e+02
1.549629999999999939e+02 1.314000000000000000e+03 2.100935974121093750e+02
1.553000000000000114e+02 1.420000000000000000e+03 2.100934295654296875e+02
1.556359999999999957e+02 1.702000000000000000e+03 2.100928802490234375e+02
1.559720000000000084e+02 1.592000000000000000e+03 2.100930786132812500e+02
1.563089999999999975e+02 1.366000000000000000e+03 2.100925750732421875e+02
1.566450000000000102e+02 1.553000000000000000e+03 2.100927124023437500e+02
1.569830000000000041e+02 1.629000000000000000e+03 2.100910797119140625e+02
1.573189999999999884e+02 1.536000000000000000e+03 2.100923309326171875e+02
1.576550000000000011e+02 1.762000000000000000e+03 2.100933227539062500e+02
1.579919999999999902e+02 1.241000000000000000e+03 2.100923461914062500e+02
1.583280000000000030e+02 1.639000000000000000e+03 2.100924835205078125e+02
1.586639999999999873e+02 1.473000000000000000e+03 2.100942077636718750e+02
1.590010000000000048e+02 1.776000000000000000e+03 2.100920715332031250e+02
1.593369999999999891e+02 1.437000000000000000e+03 2.100902099609375000e+02
1.596730000000000018e+02 1.189000000000000000e+03 2.100928955078125000e+02
1.600099999999999909e+02 1.494000000000000000e+03 2.100929565429687500e+02
1.603460000000000036e+02 1.499000000000000000e+03 2.100912322998046875e+02
1.606819999999999879e+02 1.126000000000000000e+03 2.100916595458984375e+02
1.610180000000000007e+02 1.223000000000000000e+03 2.100904388427734375e+02
1.613549999999999898e+02 1.018000000000000000e+03 2.100909423828125000e+02
1.616910000000000025e+02 1.244000000000000000e+03 2.100919494628906250e+02
1.620269999999999868e+02 8.370000000000000000e+02 2.100915374755859375e+02
1.623640000000000043e+02 8.920000000000000000e+02 2.100932617187500000e+02
1.626999999999999886e+02 8.780000000000000000e+02 2.100898132324218750e+02
