3.214809999999999945e+02 9.700000000000000000e+01 7.983306274414062500e+02
3.218170000000000073e+02 1.680000000000000000e+02 7.983494873046875000e+02
3.221539999999999964e+02 2.660000000000000000e+02 7.983272094726562500e+02
3.224900000000000091e+02 3.070000000000000000e+02 7.983304443359375000e+02
3.228260000000000218e+02 3.870000000000000000e+02 7.983450317382812500e+02
3.231619999999999777e+02 3.870000000000000000e+02 7.983375244140625000e+02
3.234990000000000236e+02 5.600000000000000000e+02 7.983332519531250000e+02
3.238349999999999795e+02 5.490000000000000000e+02 7.983371582031250000e+02
3.241709999999999923e+02 4.880000000000000000e+02 7.983327026367187500e+02
3.245079999999999814e+02 2.740000000000000000e+02 7.983398437500000000e+02
3.248439999999999941e+02 3.380000000000000000e+02 7.983370361328125000e+02
3.251800000000000068e+02 2.960000000000000000e+02 7.983294677734375000e+02
3.255169999999999959e+02 2.160000000000000000e+02 7.983433227539062500e+02
3.258530000000000086e+02 1.550000000000000000e+02 7.983388061523437500e+02
3.261890000000000214e+02 1.060000000000000000e+02 7.983137817382812500e+02
