7.473659999999999854e+02 2.620000000000000000e+02 2.292334747314453125e+02
7.477019999999999982e+02 2.810000000000000000e+02 2.292310028076171875e+02
7.480380000000000109e+02 2.340000000000000000e+02 2.292329101562500000e+02
7.483740000000000236e+02 3.730000000000000000e+02 2.292342987060546875e+02
7.487100000000000364e+02 5.100000000000000000e+02 2.292371673583984375e+02
7.490460000000000491e+02 3.200000000000000000e+02 2.292323303222656250e+02
7.493819999999999482e+02 3.560000000000000000e+02 2.292355041503906250e+02
7.497179999999999609e+02 5.580000000000000000e+02 2.292350311279296875e+02
7.500599999999999454e+02 4.610000000000000000e+02 2.292360534667968750e+02
7.503959999999999582e+02 3.820000000000000000e+02 2.292348022460937500e+02
7.507319999999999709e+02 2.660000000000000000e+02 2.292405548095703125e+02
7.510679999999999836e+02 3.050000000000000000e+02 2.292336578369140625e+02
7.514039999999999964e+02 2.310000000000000000e+02 2.292418975830078125e+02
7.517400000000000091e+02 1.490000000000000000e+02 2.292452239990234375e+02
7.520760000000000218e+02 1.350000000000000000e+02 2.292358856201171875e+02
