3.850570000000000164e+02 3.730000000000000000e+02 4.131948547363281250e+02
3.853929999999999723e+02 3.660000000000000000e+02 4.131986389160156250e+02
3.857300000000000182e+02 4.730000000000000000e+02 4.132012023925781250e+02
3.860659999999999741e+02 4.440000000000000000e+02 4.132073669433593750e+02
3.864019999999999868e+02 4.580000000000000000e+02 4.131986389160156250e+02
3.867389999999999759e+02 3.710000000000000000e+02 4.132005310058593750e+02
3.870749999999999886e+02 4.430000000000000000e+02 4.132009582519531250e+02
3.874119999999999777e+02 2.350000000000000000e+02 4.131924743652343750e+02
3.877479999999999905e+02 4.770000000000000000e+02 4.132079772949218750e+02
3.880840000000000032e+02 4.080000000000000000e+02 4.131987915039062500e+02
3.884209999999999923e+02 3.360000000000000000e+02 4.132089843750000000e+02
3.887570000000000050e+02 3.390000000000000000e+02 4.132051391601562500e+02
3.890950000000000273e+02 4.540000000000000000e+02 4.132017517089843750e+02
3.894309999999999832e+02 4.310000000000000000e+02 4.132020568847656250e+02
3.897679999999999723e+02 2.600000000000000000e+02 4.132142028808593750e+02
3.901039999999999850e+02 2.010000000000000000e+02 4.132041320800781250e+02
3.904399999999999977e+02 3.890000000000000000e+02 4.131985778808593750e+02
3.907760000000000105e+02 3.480000000000000000e+02 4.131984252929687500e+02
3.911129999999999995e+02 3.810000000000000000e+02 4.132084960937500000e+02
3.914490000000000123e+02 3.510000000000000000e+02 4.132056274414062500e+02
3.917850000000000250e+02 2.660000000000000000e+02 4.132131042480468750e+02
3.921220000000000141e+02 2.490000000000000000e+02 4.132048339843750000e+02
3.924580000000000268e+02 3.380000000000000000e+02 4.132113342285156250e+02
3.927939999999999827e+02 4.310000000000000000e+02 4.132020874023437500e+02
3.931309999999999718e+02 4.630000000000000000e+02 4.131974487304687500e+02
3.934669999999999845e+02 4.320000000000000000e+02 4.132116394042968750e+02
3.938029999999999973e+02 3.620000000000000000e+02 4.132063293457031250e+02
3.941399999999999864e+02 4.370000000000000000e+02 4.132047119140625000e+02
3.944759999999999991e+02 4.920000000000000000e+02 4.132029418945312500e+02
3.948120000000000118e+02 3.760000000000000000e+02 4.132056579589843750e+02
3.951480000000000246e+02 4.140000000000000000e+02 4.131943664550781250e+02
3.954850000000000136e+02 3.480000000000000000e+02 4.131998596191406250e+02
3.958210000000000264e+02 3.650000000000000000e+02 4.132028503417968750e+02
3.961569999999999823e+02 3.050000000000000000e+02 4.132092895507812500e+02
3.964940000000000282e+02 4.130000000000000000e+02 4.132098693847656250e+02
3.968299999999999841e+02 3.580000000000000000e+02 4.131964721679687500e+02
3.971659999999999968e+02 2.810000000000000000e+02 4.131981506347656250e+02
3.975029999999999859e+02 3.670000000000000000e+02 4.131958618164062500e+02
3.978389999999999986e+02 4.180000000000000000e+02 4.132188720703125000e+02
3.981750000000000114e+02 2.830000000000000000e+02 4.132102966308593750e+02
3.985110000000000241e+02 3.380000000000000000e+02 4.132080688476562500e+02
3.988480000000000132e+02 4.220000000000000000e+02 4.131985778808593750e+02
3.991859999999999786e+02 4.500000000000000000e+02 4.131968078613281250e+02
3.995230000000000246e+02 5.320000000000000000e+02 4.132027893066406250e+02
3.998589999999999804e+02 5.460000000000000000e+02 4.132066040039062500e+02
4.001960000000000264e+02 3.360000000000000000e+02 4.131976623535156250e+02
4.005319999999999823e+02 5.210000000000000000e+02 4.131991271972656250e+02
4.008679999999999950e+02 3.450000000000000000e+02 4.132005004882812500e+02
4.012049999999999841e+02 3.860000000000000000e+02 4.131982727050781250e+02
4.015409999999999968e+02 3.010000000000000000e+02 4.132073669433593750e+02
4.018770000000000095e+02 4.010000000000000000e+02 4.132039794921875000e+02
4.022139999999999986e+02 4.900000000000000000e+02 4.132052917480468750e+02
4.025500000000000114e+02 4.380000000000000000e+02 4.132081604003906250e+02
4.028860000000000241e+02 3.520000000000000000e+02 4.132041625976562500e+02
4.032219999999999800e+02 3.780000000000000000e+02 4.131953430175781250e+02
4.035590000000000259e+02 3.650000000000000000e+02 4.132180480957031250e+02
4.038949999999999818e+02 4.520000000000000000e+02 4.132073669433593750e+02
4.042309999999999945e+02 2.980000000000000000e+02 4.132077636718750000e+02
4.045679999999999836e+02 4.400000000000000000e+02 4.132079467773437500e+02
4.049039999999999964e+02 3.370000000000000000e+02 4.132109985351562500e+02
4.052400000000000091e+02 3.270000000000000000e+02 4.132031555175781250e+02
4.055769999999999982e+02 3.450000000000000000e+02 4.132020874023437500e+02
4.059130000000000109e+02 3.500000000000000000e+02 4.132098693847656250e+02
4.062490000000000236e+02 4.820000000000000000e+02 4.132007446289062500e+02
4.065860000000000127e+02 3.330000000000000000e+02 4.132074890136718750e+02
4.069220000000000255e+02 4.510000000000000000e+02 4.132104797363281250e+02
4.072579999999999814e+02 3.790000000000000000e+02 4.132143554687500000e+02
4.075939999999999941e+02 4.080000000000000000e+02 4.131958312988281250e+02
4.079309999999999832e+02 3.530000000000000000e+02 4.132125854492187500e+02
4.082669999999999959e+02 2.340000000000000000e+02 4.132060852050781250e+02
4.086030000000000086e+02 4.420000000000000000e+02 4.132093505859375000e+02
4.089399999999999977e+02 4.440000000000000000e+02 4.132015380859375000e+02
4.092780000000000200e+02 4.180000000000000000e+02 4.132123413085937500e+02
4.096139999999999759e+02 2.960000000000000000e+02 4.132171325683593750e+02
4.099499999999999886e+02 3.000000000000000000e+02 4.132094726562500000e+02
4.102860000000000014e+02 4.330000000000000000e+02 4.132084960937500000e+02
4.106229999999999905e+02 3.480000000000000000e+02 4.132091674804687500e+02
4.109590000000000032e+02 3.610000000000000000e+02 4.132007751464843750e+02
4.112950000000000159e+02 3.720000000000000000e+02 4.132097167968750000e+02
4.116320000000000050e+02 3.530000000000000000e+02 4.132087097167968750e+02
4.119680000000000177e+02 5.290000000000000000e+02 4.131996154785156250e+02
4.123039999999999736e+02 3.650000000000000000e+02 4.132047729492187500e+02
4.126410000000000196e+02 4.510000000000000000e+02 4.131994628906250000e+02
4.129769999999999754e+02 3.760000000000000000e+02 4.131982116699218750e+02
4.133129999999999882e+02 2.650000000000000000e+02 4.132074890136718750e+02
