2.363710000000000093e+02 1.042540000000000000e+05 3.101671447753906250e+02
2.367069999999999936e+02 8.882600000000000000e+04 3.101663818359375000e+02
2.370430000000000064e+02 7.693200000000000000e+04 3.101674499511718750e+02
2.373799999999999955e+02 6.343300000000000000e+04 3.101674804687500000e+02
2.377179999999999893e+02 5.239900000000000000e+04 3.101672363281250000e+02
2.380540000000000020e+02 4.283800000000000000e+04 3.101669311523437500e+02
2.383899999999999864e+02 3.603700000000000000e+04 3.101668090820312500e+02
2.387259999999999991e+02 3.029900000000000000e+04 3.101664733886718750e+02
2.390629999999999882e+02 2.481900000000000000e+04 3.101662292480468750e+02
2.393990000000000009e+02 2.191200000000000000e+04 3.101667175292968750e+02
2.397359999999999900e+02 1.923200000000000000e+04 3.101666870117187500e+02
2.400720000000000027e+02 1.789600000000000000e+04 3.101680603027343750e+02
2.404089999999999918e+02 1.561200000000000000e+04 3.101674804687500000e+02
2.407450000000000045e+02 1.572300000000000000e+04 3.101666259765625000e+02
2.410809999999999889e+02 1.562200000000000000e+04 3.101668701171875000e+02
2.414180000000000064e+02 1.511200000000000000e+04 3.101672668457031250e+02
2.417539999999999907e+02 1.375700000000000000e+04 3.101679382324218750e+02
2.420900000000000034e+02 1.373400000000000000e+04 3.101673278808593750e+02
2.424269999999999925e+02 1.336600000000000000e+04 3.101669311523437500e+02
2.427630000000000052e+02 1.266100000000000000e+04 3.101666564941406250e+02
2.430989999999999895e+02 1.211800000000000000e+04 3.101670227050781250e+02
2.434360000000000070e+02 1.126700000000000000e+04 3.101671752929687500e+02
2.437719999999999914e+02 1.113100000000000000e+04 3.101661071777343750e+02
2.441080000000000041e+02 1.005000000000000000e+04 3.101666564941406250e+02
2.444449999999999932e+02 1.009900000000000000e+04 3.101670227050781250e+02
2.447810000000000059e+02 9.826000000000000000e+03 3.101681213378906250e+02
2.451169999999999902e+02 9.627000000000000000e+03 3.101665039062500000e+02
2.454540000000000077e+02 8.771000000000000000e+03 3.101654968261718750e+02
2.457899999999999920e+02 8.231000000000000000e+03 3.101667785644531250e+02
2.461270000000000095e+02 6.680000000000000000e+03 3.101676635742187500e+02
2.464629999999999939e+02 6.955000000000000000e+03 3.101654968261718750e+02
2.467990000000000066e+02 5.511000000000000000e+03 3.101648864746093750e+02
2.471349999999999909e+02 5.762000000000000000e+03 3.101665344238281250e+02
2.474720000000000084e+02 5.357000000000000000e+03 3.101668395996093750e+02
2.478100000000000023e+02 5.528000000000000000e+03 3.101660461425781250e+02
2.481459999999999866e+02 5.088000000000000000e+03 3.101671142578125000e+02
2.484819999999999993e+02 5.251000000000000000e+03 3.101678771972656250e+02
2.488189999999999884e+02 5.762000000000000000e+03 3.101676940917968750e+02
2.491550000000000011e+02 4.986000000000000000e+03 3.101659240722656250e+02
2.494910000000000139e+02 5.070000000000000000e+03 3.101672058105468750e+02
2.498269999999999982e+02 4.795000000000000000e+03 3.101672668457031250e+02
2.501639999999999873e+02 4.700000000000000000e+03 3.101680908203125000e+02
2.505000000000000000e+02 4.046000000000000000e+03 3.101676635742187500e+02
2.508360000000000127e+02 4.607000000000000000e+03 3.101676940917968750e+02
2.511730000000000018e+02 5.212000000000000000e+03 3.101677551269531250e+02
2.515089999999999861e+02 4.206000000000000000e+03 3.101663513183593750e+02
2.518449999999999989e+02 3.889000000000000000e+03 3.101696777343750000e+02
2.521819999999999879e+02 4.236000000000000000e+03 3.101676025390625000e+02
2.525180000000000007e+02 4.061000000000000000e+03 3.101672363281250000e+02
2.528540000000000134e+02 4.319000000000000000e+03 3.101671752929687500e+02
2.531899999999999977e+02 4.141000000000000000e+03 3.101683654785156250e+02
2.535269999999999868e+02 3.763000000000000000e+03 3.101668090820312500e+02
2.538629999999999995e+02 4.213000000000000000e+03 3.101667785644531250e+02
2.541990000000000123e+02 3.969000000000000000e+03 3.101653137207031250e+02
2.545360000000000014e+02 3.825000000000000000e+03 3.101688537597656250e+02
2.548720000000000141e+02 3.749000000000000000e+03 3.101673889160156250e+02
2.552079999999999984e+02 3.444000000000000000e+03 3.101690368652343750e+02
2.555449999999999875e+02 3.883000000000000000e+03 3.101666564941406250e+02
2.558810000000000002e+02 3.571000000000000000e+03 3.101659240722656250e+02
2.562169999999999845e+02 3.400000000000000000e+03 3.101671142578125000e+02
2.565539999999999736e+02 2.956000000000000000e+03 3.101686401367187500e+02
2.568899999999999864e+02 3.030000000000000000e+03 3.101681213378906250e+02
2.572259999999999991e+02 2.755000000000000000e+03 3.101682128906250000e+02
2.575629999999999882e+02 2.877000000000000000e+03 3.101647949218750000e+02
2.579010000000000105e+02 2.423000000000000000e+03 3.101668701171875000e+02
2.582379999999999995e+02 2.514000000000000000e+03 3.101656494140625000e+02
2.585740000000000123e+02 2.612000000000000000e+03 3.101668701171875000e+02
2.589100000000000250e+02 2.532000000000000000e+03 3.101654663085937500e+02
2.592470000000000141e+02 2.410000000000000000e+03 3.101682128906250000e+02
2.595830000000000268e+02 2.351000000000000000e+03 3.101669616699218750e+02
2.599189999999999827e+02 2.704000000000000000e+03 3.101694030761718750e+02
2.602559999999999718e+02 2.835000000000000000e+03 3.101661682128906250e+02
2.605919999999999845e+02 2.502000000000000000e+03 3.101677551269531250e+02
2.609279999999999973e+02 2.460000000000000000e+03 3.101672058105468750e+02
2.612640000000000100e+02 2.488000000000000000e+03 3.101659545898437500e+02
2.616009999999999991e+02 2.532000000000000000e+03 3.101677551269531250e+02
2.619370000000000118e+02 2.592000000000000000e+03 3.101679992675781250e+02
2.622730000000000246e+02 2.100000000000000000e+03 3.101660461425781250e+02
2.626100000000000136e+02 2.477000000000000000e+03 3.101655883789062500e+02
2.629460000000000264e+02 2.100000000000000000e+03 3.101685485839843750e+02
2.632819999999999823e+02 2.164000000000000000e+03 3.101661682128906250e+02
2.636190000000000282e+02 2.289000000000000000e+03 3.101649169921875000e+02
2.639549999999999841e+02 2.015000000000000000e+03 3.101665954589843750e+02
2.642909999999999968e+02 2.314000000000000000e+03 3.101676025390625000e+02
2.646279999999999859e+02 1.943000000000000000e+03 3.101637573242187500e+02
2.649639999999999986e+02 1.830000000000000000e+03 3.101678466796875000e+02
2.653000000000000114e+02 1.884000000000000000e+03 3.101673278808593750e+02
2.656360000000000241e+02 1.654000000000000000e+03 3.101679382324218750e+02
