3.278709999999999809e+02 3.850000000000000000e+02 4.381502380371093750e+02
3.282069999999999936e+02 3.650000000000000000e+02 4.381542053222656250e+02
3.285450000000000159e+02 2.550000000000000000e+02 4.381515502929687500e+02
3.288809999999999718e+02 4.050000000000000000e+02 4.381535034179687500e+02
3.292180000000000177e+02 5.330000000000000000e+02 4.381509704589843750e+02
3.295539999999999736e+02 2.850000000000000000e+02 4.381553344726562500e+02
3.298899999999999864e+02 2.730000000000000000e+02 4.381518554687500000e+02
3.302259999999999991e+02 2.810000000000000000e+02 4.381533203125000000e+02
3.305629999999999882e+02 1.430000000000000000e+02 4.381480102539062500e+02
3.308990000000000009e+02 8.600000000000000000e+01 4.381462402343750000e+02
