2.515089999999999861e+02 2.280000000000000000e+02 2.240935974121093750e+02
2.518449999999999989e+02 3.010000000000000000e+02 2.240892181396484375e+02
2.521819999999999879e+02 3.350000000000000000e+02 2.240952911376953125e+02
2.525180000000000007e+02 4.690000000000000000e+02 2.240938415527343750e+02
2.528540000000000134e+02 4.140000000000000000e+02 2.240986785888671875e+02
2.531899999999999977e+02 3.690000000000000000e+02 2.241082763671875000e+02
2.535269999999999868e+02 2.870000000000000000e+02 2.241046447753906250e+02
2.538629999999999995e+02 3.770000000000000000e+02 2.241040802001953125e+02
2.541990000000000123e+02 4.030000000000000000e+02 2.241067504882812500e+02
2.545360000000000014e+02 5.060000000000000000e+02 2.241117858886718750e+02
2.548720000000000141e+02 1.660000000000000000e+02 2.240982208251953125e+02
2.552079999999999984e+02 3.510000000000000000e+02 2.241060028076171875e+02
2.555449999999999875e+02 2.900000000000000000e+02 2.241154785156250000e+02
2.558810000000000002e+02 3.340000000000000000e+02 2.240992584228515625e+02
2.562169999999999845e+02 3.890000000000000000e+02 2.241080780029296875e+02
2.565539999999999736e+02 2.740000000000000000e+02 2.241182861328125000e+02
2.568899999999999864e+02 3.970000000000000000e+02 2.241052093505859375e+02
2.572259999999999991e+02 3.240000000000000000e+02 2.240965881347656250e+02
2.575629999999999882e+02 4.580000000000000000e+02 2.241076965332031250e+02
2.579010000000000105e+02 3.860000000000000000e+02 2.241100921630859375e+02
2.582379999999999995e+02 3.640000000000000000e+02 2.241044311523437500e+02
2.585740000000000123e+02 3.350000000000000000e+02 2.240984344482421875e+02
2.589100000000000250e+02 2.290000000000000000e+02 2.241036529541015625e+02
2.592470000000000141e+02 3.000000000000000000e+02 2.240987091064453125e+02
2.595830000000000268e+02 4.350000000000000000e+02 2.241110076904296875e+02
2.599189999999999827e+02 4.160000000000000000e+02 2.241077423095703125e+02
2.602559999999999718e+02 4.840000000000000000e+02 2.241052246093750000e+02
2.605919999999999845e+02 2.530000000000000000e+02 2.241058654785156250e+02
2.609279999999999973e+02 2.670000000000000000e+02 2.241103363037109375e+02
2.612640000000000100e+02 2.760000000000000000e+02 2.241081542968750000e+02
2.616009999999999991e+02 3.480000000000000000e+02 2.241077728271484375e+02
2.619370000000000118e+02 4.270000000000000000e+02 2.241044769287109375e+02
2.622730000000000246e+02 3.320000000000000000e+02 2.241097869873046875e+02
2.626100000000000136e+02 3.500000000000000000e+02 2.241078338623046875e+02
2.629460000000000264e+02 4.050000000000000000e+02 2.241071929931640625e+02
2.632819999999999823e+02 3.140000000000000000e+02 2.240993499755859375e+02
2.636190000000000282e+02 4.540000000000000000e+02 2.241065521240234375e+02
2.639549999999999841e+02 4.410000000000000000e+02 2.241112518310546875e+02
2.642909999999999968e+02 5.280000000000000000e+02 2.241083221435546875e+02
2.646279999999999859e+02 2.900000000000000000e+02 2.241194610595703125e+02
2.649639999999999986e+02 3.570000000000000000e+02 2.241042327880859375e+02
2.653000000000000114e+02 3.360000000000000000e+02 2.241020355224609375e+02
2.656360000000000241e+02 3.310000000000000000e+02 2.241093750000000000e+02
2.659730000000000132e+02 3.670000000000000000e+02 2.241094665527343750e+02
2.663090000000000259e+02 5.090000000000000000e+02 2.241104125976562500e+02
2.666449999999999818e+02 3.570000000000000000e+02 2.241131286621093750e+02
2.669820000000000277e+02 3.290000000000000000e+02 2.241067810058593750e+02
2.673179999999999836e+02 2.850000000000000000e+02 2.241116943359375000e+02
2.676539999999999964e+02 1.860000000000000000e+02 2.241122741699218750e+02
2.679920000000000186e+02 2.590000000000000000e+02 2.241105346679687500e+02
2.683290000000000077e+02 2.280000000000000000e+02 2.241088714599609375e+02
2.686650000000000205e+02 1.590000000000000000e+02 2.241109008789062500e+02
2.690009999999999764e+02 2.170000000000000000e+02 2.240977630615234375e+02
2.693369999999999891e+02 2.980000000000000000e+02 2.240978851318359375e+02
2.696739999999999782e+02 1.620000000000000000e+02 2.241076202392578125e+02
2.700099999999999909e+02 2.230000000000000000e+02 2.241087493896484375e+02
2.703460000000000036e+02 2.050000000000000000e+02 2.241077423095703125e+02
2.706829999999999927e+02 2.870000000000000000e+02 2.241065521240234375e+02
2.710199999999999818e+02 4.190000000000000000e+02 2.241031341552734375e+02
2.713570000000000277e+02 2.600000000000000000e+02 2.241045837402343750e+02
2.716929999999999836e+02 4.020000000000000000e+02 2.241081695556640625e+02
2.720289999999999964e+02 1.930000000000000000e+02 2.241106567382812500e+02
2.723650000000000091e+02 3.900000000000000000e+02 2.241114196777343750e+02
2.727019999999999982e+02 3.380000000000000000e+02 2.241036376953125000e+02
2.730380000000000109e+02 3.060000000000000000e+02 2.241100311279296875e+02
2.733750000000000000e+02 4.730000000000000000e+02 2.241059417724609375e+02
2.737110000000000127e+02 3.640000000000000000e+02 2.241108093261718750e+02
2.740470000000000255e+02 3.390000000000000000e+02 2.241022949218750000e+02
2.743840000000000146e+02 3.470000000000000000e+02 2.241003417968750000e+02
2.747200000000000273e+02 4.730000000000000000e+02 2.241120147705078125e+02
2.750559999999999832e+02 3.700000000000000000e+02 2.241088867187500000e+02
