6.918479999999999563e+01 1.820000000000000000e+02 2.260826721191406250e+02
6.952079999999999416e+01 9.200000000000000000e+01 2.260702514648437500e+02
6.985800000000000409e+01 1.410000000000000000e+02 2.260714263916015625e+02
7.019400000000000261e+01 5.200000000000000000e+01 2.260729064941406250e+02
7.053000000000000114e+01 2.070000000000000000e+02 2.260724639892578125e+02
7.086599999999999966e+01 1.630000000000000000e+02 2.260759277343750000e+02
7.120319999999999538e+01 1.700000000000000000e+02 2.260684509277343750e+02
7.153919999999999391e+01 2.620000000000000000e+02 2.260733947753906250e+02
7.187520000000000664e+01 1.490000000000000000e+02 2.260716552734375000e+02
7.221179999999999666e+01 1.210000000000000000e+02 2.260756072998046875e+02
7.254779999999999518e+01 2.680000000000000000e+02 2.260744476318359375e+02
7.288379999999999370e+01 3.200000000000000000e+02 2.260726165771484375e+02
7.322100000000000364e+01 2.440000000000000000e+02 2.260742645263671875e+02
7.355700000000000216e+01 2.910000000000000000e+02 2.260708312988281250e+02
7.389300000000000068e+01 4.850000000000000000e+02 2.260670623779296875e+02
7.423019999999999641e+01 3.020000000000000000e+02 2.260763244628906250e+02
7.456619999999999493e+01 3.500000000000000000e+02 2.260711669921875000e+02
7.490219999999999345e+01 3.930000000000000000e+02 2.260668182373046875e+02
7.523820000000000618e+01 5.260000000000000000e+02 2.260703430175781250e+02
7.557479999999999620e+01 4.720000000000000000e+02 2.260748901367187500e+02
7.591079999999999472e+01 4.120000000000000000e+02 2.260754394531250000e+02
7.624920000000000186e+01 4.200000000000000000e+02 2.260684051513671875e+02
7.658520000000000039e+01 4.260000000000000000e+02 2.260665283203125000e+02
7.692180000000000462e+01 4.820000000000000000e+02 2.260712280273437500e+02
7.725780000000000314e+01 4.630000000000000000e+02 2.260715789794921875e+02
7.759380000000000166e+01 3.670000000000000000e+02 2.260683441162109375e+02
7.792980000000000018e+01 2.890000000000000000e+02 2.260683135986328125e+02
7.826699999999999591e+01 3.000000000000000000e+02 2.260678100585937500e+02
7.860299999999999443e+01 2.210000000000000000e+02 2.260752563476562500e+02
7.893899999999999295e+01 3.870000000000000000e+02 2.260682220458984375e+02
7.927620000000000289e+01 2.450000000000000000e+02 2.260759124755859375e+02
7.961220000000000141e+01 3.160000000000000000e+02 2.260628051757812500e+02
7.994819999999999993e+01 2.300000000000000000e+02 2.260693969726562500e+02
8.028480000000000416e+01 2.890000000000000000e+02 2.260685272216796875e+02
8.062080000000000268e+01 2.360000000000000000e+02 2.260722808837890625e+02
8.095680000000000121e+01 3.000000000000000000e+02 2.260672454833984375e+02
8.129279999999999973e+01 2.210000000000000000e+02 2.260720672607421875e+02
8.162999999999999545e+01 2.110000000000000000e+02 2.260770416259765625e+02
8.196599999999999397e+01 2.100000000000000000e+02 2.260648345947265625e+02
8.230200000000000671e+01 9.900000000000000000e+01 2.260765075683593750e+02
8.263920000000000243e+01 9.500000000000000000e+01 2.260736541748046875e+02
8.297520000000000095e+01 2.330000000000000000e+02 2.260736999511718750e+02
8.331119999999999948e+01 1.560000000000000000e+02 2.260789947509765625e+02
8.364780000000000371e+01 1.020000000000000000e+02 2.260607757568359375e+02
8.398380000000000223e+01 7.800000000000000000e+01 2.260669097900390625e+02
