3.998589999999999804e+02 4.500000000000000000e+02 4.412108764648437500e+02
4.001960000000000264e+02 4.050000000000000000e+02 4.412273559570312500e+02
4.005319999999999823e+02 5.240000000000000000e+02 4.412185058593750000e+02
4.008679999999999950e+02 4.150000000000000000e+02 4.412243347167968750e+02
4.012049999999999841e+02 3.210000000000000000e+02 4.412212219238281250e+02
4.015409999999999968e+02 3.490000000000000000e+02 4.412311706542968750e+02
4.018770000000000095e+02 3.380000000000000000e+02 4.412317810058593750e+02
4.022139999999999986e+02 4.580000000000000000e+02 4.412288208007812500e+02
4.025500000000000114e+02 3.250000000000000000e+02 4.412349853515625000e+02
4.028860000000000241e+02 2.910000000000000000e+02 4.412227783203125000e+02
4.032219999999999800e+02 2.690000000000000000e+02 4.412214050292968750e+02
4.035590000000000259e+02 2.550000000000000000e+02 4.412250061035156250e+02
4.038949999999999818e+02 4.000000000000000000e+02 4.412345581054687500e+02
4.042309999999999945e+02 2.840000000000000000e+02 4.412305908203125000e+02
4.045679999999999836e+02 3.970000000000000000e+02 4.412261657714843750e+02
4.049039999999999964e+02 3.390000000000000000e+02 4.412200012207031250e+02
4.052400000000000091e+02 2.400000000000000000e+02 4.412359619140625000e+02
4.055769999999999982e+02 3.940000000000000000e+02 4.412209777832031250e+02
