8.694779999999999518e+02 6.110000000000000000e+02 4.082524414062500000e+02
8.698139999999999645e+02 3.210000000000000000e+02 4.082512817382812500e+02
8.701499999999999773e+02 3.930000000000000000e+02 4.082503356933593750e+02
8.704919999999999618e+02 4.490000000000000000e+02 4.082457275390625000e+02
8.708279999999999745e+02 4.360000000000000000e+02 4.082507934570312500e+02
8.711639999999999873e+02 3.840000000000000000e+02 4.082487487792968750e+02
8.715000000000000000e+02 4.600000000000000000e+02 4.082504577636718750e+02
8.718360000000000127e+02 4.240000000000000000e+02 4.082475280761718750e+02
8.721720000000000255e+02 4.130000000000000000e+02 4.082514648437500000e+02
8.725080000000000382e+02 3.740000000000000000e+02 4.082501525878906250e+02
8.728440000000000509e+02 4.120000000000000000e+02 4.082485046386718750e+02
8.731799999999999500e+02 3.110000000000000000e+02 4.082575988769531250e+02
8.735159999999999627e+02 3.880000000000000000e+02 4.082463378906250000e+02
8.738519999999999754e+02 4.640000000000000000e+02 4.082499694824218750e+02
8.741879999999999882e+02 5.330000000000000000e+02 4.082497558593750000e+02
8.745240000000000009e+02 3.490000000000000000e+02 4.082551879882812500e+02
8.748659999999999854e+02 5.540000000000000000e+02 4.082481994628906250e+02
8.752019999999999982e+02 5.090000000000000000e+02 4.082442016601562500e+02
8.755380000000000109e+02 2.870000000000000000e+02 4.082450561523437500e+02
8.758740000000000236e+02 3.350000000000000000e+02 4.082496337890625000e+02
8.762100000000000364e+02 2.420000000000000000e+02 4.082565612792968750e+02
8.765460000000000491e+02 4.900000000000000000e+02 4.082471008300781250e+02
8.768819999999999482e+02 3.800000000000000000e+02 4.082466735839843750e+02
8.772179999999999609e+02 2.810000000000000000e+02 4.082461242675781250e+02
8.775539999999999736e+02 5.000000000000000000e+02 4.082500305175781250e+02
8.778899999999999864e+02 3.430000000000000000e+02 4.082510681152343750e+02
8.782259999999999991e+02 3.520000000000000000e+02 4.082510681152343750e+02
8.785620000000000118e+02 3.450000000000000000e+02 4.082537841796875000e+02
8.788980000000000246e+02 4.060000000000000000e+02 4.082499694824218750e+02
8.792340000000000373e+02 4.420000000000000000e+02 4.082507324218750000e+02
8.795700000000000500e+02 3.120000000000000000e+02 4.082567443847656250e+02
8.799059999999999491e+02 4.440000000000000000e+02 4.082513732910156250e+02
8.802419999999999618e+02 2.820000000000000000e+02 4.082433166503906250e+02
8.805779999999999745e+02 3.450000000000000000e+02 4.082477722167968750e+02
8.809139999999999873e+02 3.210000000000000000e+02 4.082471313476562500e+02
8.812500000000000000e+02 3.490000000000000000e+02 4.082431640625000000e+02
8.815919999999999845e+02 2.890000000000000000e+02 4.082442016601562500e+02
8.819279999999999973e+02 2.950000000000000000e+02 4.082553405761718750e+02
8.822640000000000100e+02 3.480000000000000000e+02 4.082446594238281250e+02
8.826000000000000227e+02 4.130000000000000000e+02 4.082441101074218750e+02
8.829360000000000355e+02 4.500000000000000000e+02 4.082441711425781250e+02
8.832720000000000482e+02 4.220000000000000000e+02 4.082472839355468750e+02
8.836079999999999472e+02 2.940000000000000000e+02 4.082490844726562500e+02
8.839439999999999600e+02 2.720000000000000000e+02 4.082478637695312500e+02
8.842799999999999727e+02 5.130000000000000000e+02 4.082512207031250000e+02
8.846159999999999854e+02 3.780000000000000000e+02 4.082434082031250000e+02
8.849519999999999982e+02 3.050000000000000000e+02 4.082475585937500000e+02
8.852880000000000109e+02 4.140000000000000000e+02 4.082491149902343750e+02
8.856240000000000236e+02 4.290000000000000000e+02 4.082515869140625000e+02
8.859600000000000364e+02 3.460000000000000000e+02 4.082555847167968750e+02
8.862960000000000491e+02 3.850000000000000000e+02 4.082501220703125000e+02
8.866380000000000337e+02 4.800000000000000000e+02 4.082515258789062500e+02
8.869740000000000464e+02 3.380000000000000000e+02 4.082450561523437500e+02
8.873099999999999454e+02 3.940000000000000000e+02 4.082449645996093750e+02
8.876459999999999582e+02 3.070000000000000000e+02 4.082494201660156250e+02
8.879819999999999709e+02 3.240000000000000000e+02 4.082521362304687500e+02
8.883179999999999836e+02 3.210000000000000000e+02 4.082429504394531250e+02
8.886539999999999964e+02 2.720000000000000000e+02 4.082522888183593750e+02
8.889900000000000091e+02 4.410000000000000000e+02 4.082488708496093750e+02
8.893260000000000218e+02 4.800000000000000000e+02 4.082444152832031250e+02
8.896620000000000346e+02 3.210000000000000000e+02 4.082499389648437500e+02
8.899980000000000473e+02 3.960000000000000000e+02 4.082474670410156250e+02
8.903339999999999463e+02 2.800000000000000000e+02 4.082497253417968750e+02
8.906699999999999591e+02 2.210000000000000000e+02 4.082506408691406250e+02
8.910059999999999718e+02 3.450000000000000000e+02 4.082457275390625000e+02
8.913419999999999845e+02 4.630000000000000000e+02 4.082518005371093750e+02
8.916779999999999973e+02 2.810000000000000000e+02 4.082514038085937500e+02
8.920140000000000100e+02 3.240000000000000000e+02 4.082559204101562500e+02
8.923559999999999945e+02 2.920000000000000000e+02 4.082539062500000000e+02
8.926920000000000073e+02 3.100000000000000000e+02 4.082436218261718750e+02
8.930220000000000482e+02 2.860000000000000000e+02 4.082430725097656250e+02
8.933640000000000327e+02 2.740000000000000000e+02 4.082442932128906250e+02
8.937000000000000455e+02 4.460000000000000000e+02 4.082426757812500000e+02
8.940359999999999445e+02 3.850000000000000000e+02 4.082461853027343750e+02
8.943719999999999573e+02 3.770000000000000000e+02 4.082451171875000000e+02
8.947079999999999700e+02 2.400000000000000000e+02 4.082584838867187500e+02
8.950439999999999827e+02 3.280000000000000000e+02 4.082471008300781250e+02
8.953799999999999955e+02 3.090000000000000000e+02 4.082499084472656250e+02
8.957160000000000082e+02 3.670000000000000000e+02 4.082510681152343750e+02
8.960520000000000209e+02 4.030000000000000000e+02 4.082410888671875000e+02
8.963880000000000337e+02 2.790000000000000000e+02 4.082506713867187500e+02
8.967240000000000464e+02 3.420000000000000000e+02 4.082507324218750000e+02
8.970660000000000309e+02 4.660000000000000000e+02 4.082515869140625000e+02
8.974020000000000437e+02 4.400000000000000000e+02 4.082541809082031250e+02
8.977380000000000564e+02 3.450000000000000000e+02 4.082505187988281250e+02
8.980800000000000409e+02 3.500000000000000000e+02 4.082477111816406250e+02
8.984160000000000537e+02 3.820000000000000000e+02 4.082498168945312500e+02
8.987580000000000382e+02 1.700000000000000000e+02 4.082596435546875000e+02
