6.693179999999999836e+02 2.040000000000000000e+02 2.241087341308593750e+02
6.696539999999999964e+02 1.870000000000000000e+02 2.241182403564453125e+02
6.699959999999999809e+02 1.820000000000000000e+02 2.241040649414062500e+02
6.703319999999999936e+02 3.570000000000000000e+02 2.241131286621093750e+02
6.706680000000000064e+02 2.340000000000000000e+02 2.241134796142578125e+02
6.709980000000000473e+02 2.480000000000000000e+02 2.241119537353515625e+02
6.713400000000000318e+02 3.670000000000000000e+02 2.241095275878906250e+02
6.716760000000000446e+02 2.790000000000000000e+02 2.241069183349609375e+02
6.720119999999999436e+02 2.250000000000000000e+02 2.241106109619140625e+02
6.723479999999999563e+02 2.740000000000000000e+02 2.241060028076171875e+02
6.726839999999999691e+02 2.030000000000000000e+02 2.241106109619140625e+02
6.730199999999999818e+02 3.210000000000000000e+02 2.241121215820312500e+02
6.733559999999999945e+02 1.900000000000000000e+02 2.241110229492187500e+02
6.736920000000000073e+02 4.140000000000000000e+02 2.241102905273437500e+02
6.740339999999999918e+02 2.490000000000000000e+02 2.241109771728515625e+02
6.743700000000000045e+02 2.080000000000000000e+02 2.241115417480468750e+02
6.747000000000000455e+02 2.210000000000000000e+02 2.241103973388671875e+02
6.750420000000000300e+02 2.150000000000000000e+02 2.241080322265625000e+02
6.753780000000000427e+02 1.180000000000000000e+02 2.241145019531250000e+02
6.757140000000000555e+02 2.560000000000000000e+02 2.241094818115234375e+02
6.760499999999999545e+02 2.210000000000000000e+02 2.241047363281250000e+02
6.763859999999999673e+02 1.940000000000000000e+02 2.241084594726562500e+02
6.767219999999999800e+02 2.960000000000000000e+02 2.241054534912109375e+02
6.770579999999999927e+02 3.310000000000000000e+02 2.241098175048828125e+02
6.773940000000000055e+02 3.150000000000000000e+02 2.241098785400390625e+02
6.777300000000000182e+02 3.130000000000000000e+02 2.241062316894531250e+02
6.780660000000000309e+02 2.790000000000000000e+02 2.241094512939453125e+02
6.784020000000000437e+02 2.830000000000000000e+02 2.241151580810546875e+02
6.787380000000000564e+02 3.520000000000000000e+02 2.241063385009765625e+02
6.790739999999999554e+02 2.280000000000000000e+02 2.241129760742187500e+02
6.794099999999999682e+02 2.860000000000000000e+02 2.241134796142578125e+02
6.797519999999999527e+02 3.160000000000000000e+02 2.241102142333984375e+02
6.800879999999999654e+02 1.560000000000000000e+02 2.241120910644531250e+02
6.804239999999999782e+02 3.640000000000000000e+02 2.241080169677734375e+02
6.807599999999999909e+02 4.270000000000000000e+02 2.241135406494140625e+02
6.810960000000000036e+02 2.600000000000000000e+02 2.241114044189453125e+02
6.814320000000000164e+02 2.120000000000000000e+02 2.241192779541015625e+02
6.817680000000000291e+02 2.300000000000000000e+02 2.241144256591796875e+02
6.821040000000000418e+02 1.810000000000000000e+02 2.241044921875000000e+02
6.824400000000000546e+02 2.030000000000000000e+02 2.241134033203125000e+02
6.827759999999999536e+02 2.010000000000000000e+02 2.241120605468750000e+02
6.831119999999999663e+02 3.600000000000000000e+02 2.241102905273437500e+02
6.834539999999999509e+02 2.500000000000000000e+02 2.241138000488281250e+02
6.837899999999999636e+02 1.710000000000000000e+02 2.241159210205078125e+02
6.841259999999999764e+02 5.050000000000000000e+02 2.241049804687500000e+02
6.844619999999999891e+02 1.920000000000000000e+02 2.241065063476562500e+02
6.847980000000000018e+02 2.930000000000000000e+02 2.241110382080078125e+02
6.851340000000000146e+02 2.210000000000000000e+02 2.241077117919921875e+02
6.854700000000000273e+02 1.930000000000000000e+02 2.241049804687500000e+02
6.858060000000000400e+02 2.680000000000000000e+02 2.241068572998046875e+02
6.861420000000000528e+02 3.170000000000000000e+02 2.241034088134765625e+02
6.864779999999999518e+02 2.100000000000000000e+02 2.241113128662109375e+02
6.868139999999999645e+02 1.680000000000000000e+02 2.241107940673828125e+02
6.871499999999999773e+02 2.490000000000000000e+02 2.241154937744140625e+02
6.874859999999999900e+02 2.650000000000000000e+02 2.241040191650390625e+02
6.878220000000000027e+02 3.780000000000000000e+02 2.241084136962890625e+02
6.881580000000000155e+02 1.370000000000000000e+02 2.241069641113281250e+02
6.884940000000000282e+02 2.280000000000000000e+02 2.241094665527343750e+02
6.888300000000000409e+02 2.100000000000000000e+02 2.241091003417968750e+02
6.891660000000000537e+02 4.360000000000000000e+02 2.241065368652343750e+02
6.895019999999999527e+02 3.000000000000000000e+02 2.241101379394531250e+02
6.898440000000000509e+02 1.060000000000000000e+02 2.241127929687500000e+02
6.901799999999999500e+02 1.870000000000000000e+02 2.241071014404296875e+02
6.905159999999999627e+02 1.890000000000000000e+02 2.241069946289062500e+02
6.908519999999999754e+02 2.710000000000000000e+02 2.241141204833984375e+02
6.911879999999999882e+02 1.890000000000000000e+02 2.241132659912109375e+02
6.915240000000000009e+02 1.890000000000000000e+02 2.241119079589843750e+02
6.918600000000000136e+02 1.480000000000000000e+02 2.241154937744140625e+02
6.921960000000000264e+02 2.770000000000000000e+02 2.241102905273437500e+02
6.925320000000000391e+02 2.430000000000000000e+02 2.241092681884765625e+02
6.928680000000000518e+02 1.510000000000000000e+02 2.241074371337890625e+02
6.932039999999999509e+02 1.080000000000000000e+02 2.241127777099609375e+02
6.935399999999999636e+02 2.080000000000000000e+02 2.241071929931640625e+02
6.938759999999999764e+02 1.240000000000000000e+02 2.241139678955078125e+02
6.942119999999999891e+02 2.920000000000000000e+02 2.241043243408203125e+02
6.945539999999999736e+02 1.820000000000000000e+02 2.241117248535156250e+02
6.948899999999999864e+02 1.570000000000000000e+02 2.241134643554687500e+02
6.952259999999999991e+02 2.320000000000000000e+02 2.241072235107421875e+02
6.955560000000000400e+02 2.800000000000000000e+02 2.241019897460937500e+02
6.958980000000000246e+02 2.870000000000000000e+02 2.241136932373046875e+02
6.962340000000000373e+02 2.090000000000000000e+02 2.241050415039062500e+02
6.965700000000000500e+02 2.050000000000000000e+02 2.241089782714843750e+02
6.969059999999999491e+02 2.350000000000000000e+02 2.241021881103515625e+02
6.972419999999999618e+02 2.250000000000000000e+02 2.241032867431640625e+02
6.975779999999999745e+02 2.270000000000000000e+02 2.241113586425781250e+02
6.979139999999999873e+02 3.610000000000000000e+02 2.241042480468750000e+02
6.982500000000000000e+02 2.600000000000000000e+02 2.241131134033203125e+02
6.985860000000000127e+02 2.710000000000000000e+02 2.241086578369140625e+02
