5.239880000000000564e+02 1.700000000000000000e+02 3.352005920410156250e+02
5.243239999999999554e+02 2.210000000000000000e+02 3.351989746093750000e+02
5.246599999999999682e+02 1.840000000000000000e+02 3.351866149902343750e+02
5.249969999999999573e+02 1.190000000000000000e+02 3.351955566406250000e+02
5.253339999999999463e+02 1.150000000000000000e+02 3.351763610839843750e+02
5.256699999999999591e+02 2.360000000000000000e+02 3.351856384277343750e+02
5.260059999999999718e+02 2.160000000000000000e+02 3.351983337402343750e+02
5.263429999999999609e+02 2.730000000000000000e+02 3.351821289062500000e+02
5.266789999999999736e+02 2.040000000000000000e+02 3.351910400390625000e+02
5.270149999999999864e+02 2.840000000000000000e+02 3.351907653808593750e+02
5.273519999999999754e+02 1.630000000000000000e+02 3.351903381347656250e+02
5.276879999999999882e+02 2.090000000000000000e+02 3.351809692382812500e+02
5.280240000000000009e+02 2.350000000000000000e+02 3.351877136230468750e+02
5.283600000000000136e+02 1.040000000000000000e+02 3.352012939453125000e+02
5.286970000000000027e+02 3.370000000000000000e+02 3.351845397949218750e+02
5.290330000000000155e+02 2.450000000000000000e+02 3.352002258300781250e+02
5.293690000000000282e+02 2.130000000000000000e+02 3.351847229003906250e+02
5.297060000000000173e+02 2.390000000000000000e+02 3.351888122558593750e+02
5.300430000000000064e+02 4.890000000000000000e+02 3.351850891113281250e+02
5.303809999999999718e+02 3.420000000000000000e+02 3.351819458007812500e+02
5.307169999999999845e+02 2.760000000000000000e+02 3.351909790039062500e+02
5.310539999999999736e+02 1.420000000000000000e+02 3.351806945800781250e+02
