4.604089999999999918e+02 2.080000000000000000e+02 3.671821594238281250e+02
4.607450000000000045e+02 2.480000000000000000e+02 3.671824035644531250e+02
4.610819999999999936e+02 2.290000000000000000e+02 3.671950073242187500e+02
4.614180000000000064e+02 2.900000000000000000e+02 3.671907653808593750e+02
4.617540000000000191e+02 3.030000000000000000e+02 3.671937561035156250e+02
4.620910000000000082e+02 2.760000000000000000e+02 3.671891479492187500e+02
4.624270000000000209e+02 2.640000000000000000e+02 3.671843566894531250e+02
4.627640000000000100e+02 1.920000000000000000e+02 3.671866455078125000e+02
4.631000000000000227e+02 1.970000000000000000e+02 3.671874084472656250e+02
4.634359999999999786e+02 2.930000000000000000e+02 3.671874694824218750e+02
4.637730000000000246e+02 3.490000000000000000e+02 3.671810607910156250e+02
4.641089999999999804e+02 3.110000000000000000e+02 3.671890869140625000e+02
4.644449999999999932e+02 2.150000000000000000e+02 3.671908264160156250e+02
4.647819999999999823e+02 3.260000000000000000e+02 3.672034912109375000e+02
4.651179999999999950e+02 1.980000000000000000e+02 3.672026062011718750e+02
4.654540000000000077e+02 4.330000000000000000e+02 3.672002258300781250e+02
4.657909999999999968e+02 3.080000000000000000e+02 3.671799011230468750e+02
4.661270000000000095e+02 2.650000000000000000e+02 3.671925354003906250e+02
4.664630000000000223e+02 3.540000000000000000e+02 3.671788635253906250e+02
4.668000000000000114e+02 1.530000000000000000e+02 3.671832885742187500e+02
4.671360000000000241e+02 3.260000000000000000e+02 3.671953735351562500e+02
4.674719999999999800e+02 2.420000000000000000e+02 3.671976013183593750e+02
4.678079999999999927e+02 3.440000000000000000e+02 3.671951293945312500e+02
4.681449999999999818e+02 3.240000000000000000e+02 3.671847534179687500e+02
4.684809999999999945e+02 2.350000000000000000e+02 3.671946716308593750e+02
4.688170000000000073e+02 3.840000000000000000e+02 3.671912536621093750e+02
4.691539999999999964e+02 4.660000000000000000e+02 3.671879272460937500e+02
4.694900000000000091e+02 2.420000000000000000e+02 3.671812744140625000e+02
4.698279999999999745e+02 1.710000000000000000e+02 3.671842651367187500e+02
4.701639999999999873e+02 2.740000000000000000e+02 3.671961669921875000e+02
4.705000000000000000e+02 2.030000000000000000e+02 3.671987304687500000e+02
4.708369999999999891e+02 3.340000000000000000e+02 3.671800231933593750e+02
4.711730000000000018e+02 1.700000000000000000e+02 3.671864624023437500e+02
4.715090000000000146e+02 3.680000000000000000e+02 3.672000732421875000e+02
4.718460000000000036e+02 2.440000000000000000e+02 3.672001037597656250e+02
4.721820000000000164e+02 2.880000000000000000e+02 3.671823425292968750e+02
4.725179999999999723e+02 3.670000000000000000e+02 3.671839599609375000e+02
4.728550000000000182e+02 2.810000000000000000e+02 3.671780395507812500e+02
4.731909999999999741e+02 2.320000000000000000e+02 3.671945190429687500e+02
4.735269999999999868e+02 5.110000000000000000e+02 3.671954040527343750e+02
4.738629999999999995e+02 2.370000000000000000e+02 3.671966247558593750e+02
4.741999999999999886e+02 2.700000000000000000e+02 3.671831359863281250e+02
4.745360000000000014e+02 3.020000000000000000e+02 3.671852416992187500e+02
4.748720000000000141e+02 3.070000000000000000e+02 3.671896972656250000e+02
4.752090000000000032e+02 2.370000000000000000e+02 3.671906127929687500e+02
4.755450000000000159e+02 3.680000000000000000e+02 3.671916809082031250e+02
4.758809999999999718e+02 3.000000000000000000e+02 3.671873779296875000e+02
4.762180000000000177e+02 2.780000000000000000e+02 3.671720275878906250e+02
4.765539999999999736e+02 2.730000000000000000e+02 3.671939086914062500e+02
