1.304070000000000107e+02 2.387000000000000000e+03 4.660215759277343750e+02
1.307439999999999998e+02 2.427000000000000000e+03 4.660241394042968750e+02
1.310800000000000125e+02 2.759000000000000000e+03 4.660242309570312500e+02
1.314170000000000016e+02 3.065000000000000000e+03 4.660283813476562500e+02
1.317529999999999859e+02 2.745000000000000000e+03 4.660246276855468750e+02
1.320900000000000034e+02 2.853000000000000000e+03 4.660242309570312500e+02
1.324259999999999877e+02 2.527000000000000000e+03 4.660264892578125000e+02
1.327630000000000052e+02 2.455000000000000000e+03 4.660254821777343750e+02
1.330989999999999895e+02 2.841000000000000000e+03 4.660235900878906250e+02
1.334350000000000023e+02 2.886000000000000000e+03 4.660262145996093750e+02
1.337719999999999914e+02 2.592000000000000000e+03 4.660242919921875000e+02
1.341080000000000041e+02 2.090000000000000000e+03 4.660234985351562500e+02
1.344439999999999884e+02 2.664000000000000000e+03 4.660262145996093750e+02
1.347810000000000059e+02 3.154000000000000000e+03 4.660265502929687500e+02
1.351169999999999902e+02 2.797000000000000000e+03 4.660260620117187500e+02
1.354530000000000030e+02 3.019000000000000000e+03 4.660244750976562500e+02
1.357899999999999920e+02 2.789000000000000000e+03 4.660241394042968750e+02
1.361260000000000048e+02 2.922000000000000000e+03 4.660216369628906250e+02
1.364619999999999891e+02 3.197000000000000000e+03 4.660237731933593750e+02
1.368000000000000114e+02 2.865000000000000000e+03 4.660254211425781250e+02
1.371359999999999957e+02 2.962000000000000000e+03 4.660247192382812500e+02
1.374730000000000132e+02 3.081000000000000000e+03 4.660298767089843750e+02
1.378089999999999975e+02 2.771000000000000000e+03 4.660260314941406250e+02
1.381450000000000102e+02 2.923000000000000000e+03 4.660246887207031250e+02
1.384809999999999945e+02 3.195000000000000000e+03 4.660245666503906250e+02
1.388180000000000121e+02 2.852000000000000000e+03 4.660261230468750000e+02
1.391539999999999964e+02 2.904000000000000000e+03 4.660276794433593750e+02
1.394900000000000091e+02 3.211000000000000000e+03 4.660242004394531250e+02
1.398269999999999982e+02 2.984000000000000000e+03 4.660234375000000000e+02
1.401630000000000109e+02 3.567000000000000000e+03 4.660242004394531250e+02
1.404989999999999952e+02 3.553000000000000000e+03 4.660264587402343750e+02
1.408360000000000127e+02 3.564000000000000000e+03 4.660235595703125000e+02
1.411719999999999970e+02 3.539000000000000000e+03 4.660261840820312500e+02
1.415080000000000098e+02 3.791000000000000000e+03 4.660259094238281250e+02
1.418449999999999989e+02 3.558000000000000000e+03 4.660256958007812500e+02
1.421810000000000116e+02 3.545000000000000000e+03 4.660239257812500000e+02
1.425169999999999959e+02 3.896000000000000000e+03 4.660235595703125000e+02
1.428530000000000086e+02 4.049000000000000000e+03 4.660287475585937500e+02
1.431899999999999977e+02 3.871000000000000000e+03 4.660228576660156250e+02
1.435260000000000105e+02 3.642000000000000000e+03 4.660233459472656250e+02
1.438619999999999948e+02 3.854000000000000000e+03 4.660246887207031250e+02
1.441990000000000123e+02 3.686000000000000000e+03 4.660218505859375000e+02
1.445349999999999966e+02 3.628000000000000000e+03 4.660252685546875000e+02
1.448710000000000093e+02 4.095000000000000000e+03 4.660268249511718750e+02
1.452079999999999984e+02 4.211000000000000000e+03 4.660251770019531250e+02
1.455440000000000111e+02 3.508000000000000000e+03 4.660287475585937500e+02
1.458799999999999955e+02 3.832000000000000000e+03 4.660247802734375000e+02
1.462170000000000130e+02 3.687000000000000000e+03 4.660247802734375000e+02
1.465529999999999973e+02 3.832000000000000000e+03 4.660253906250000000e+02
1.468909999999999911e+02 3.797000000000000000e+03 4.660251770019531250e+02
1.472280000000000086e+02 3.802000000000000000e+03 4.660237731933593750e+02
1.475639999999999930e+02 3.304000000000000000e+03 4.660267639160156250e+02
1.479010000000000105e+02 3.851000000000000000e+03 4.660259704589843750e+02
1.482369999999999948e+02 3.732000000000000000e+03 4.660245361328125000e+02
1.485740000000000123e+02 3.967000000000000000e+03 4.660228271484375000e+02
1.489099999999999966e+02 3.958000000000000000e+03 4.660254516601562500e+02
1.492460000000000093e+02 3.620000000000000000e+03 4.660227661132812500e+02
1.495829999999999984e+02 3.400000000000000000e+03 4.660240478515625000e+02
1.499190000000000111e+02 3.255000000000000000e+03 4.660282287597656250e+02
1.502549999999999955e+02 3.023000000000000000e+03 4.660252685546875000e+02
1.505910000000000082e+02 3.229000000000000000e+03 4.660261535644531250e+02
1.509279999999999973e+02 2.778000000000000000e+03 4.660237731933593750e+02
1.512640000000000100e+02 2.850000000000000000e+03 4.660236206054687500e+02
1.515999999999999943e+02 2.951000000000000000e+03 4.660227661132812500e+02
1.519370000000000118e+02 2.962000000000000000e+03 4.660251770019531250e+02
1.522729999999999961e+02 3.263000000000000000e+03 4.660234680175781250e+02
1.526090000000000089e+02 3.273000000000000000e+03 4.660249633789062500e+02
1.529459999999999980e+02 2.940000000000000000e+03 4.660233764648437500e+02
1.532820000000000107e+02 3.068000000000000000e+03 4.660245361328125000e+02
1.536179999999999950e+02 3.255000000000000000e+03 4.660250244140625000e+02
1.539540000000000077e+02 3.114000000000000000e+03 4.660249328613281250e+02
1.542909999999999968e+02 2.777000000000000000e+03 4.660250854492187500e+02
1.546270000000000095e+02 3.078000000000000000e+03 4.660247802734375000e+02
1.549629999999999939e+02 3.357000000000000000e+03 4.660281372070312500e+02
1.553000000000000114e+02 3.511000000000000000e+03 4.660260620117187500e+02
1.556359999999999957e+02 3.286000000000000000e+03 4.660235290527343750e+02
1.559720000000000084e+02 3.133000000000000000e+03 4.660254211425781250e+02
1.563089999999999975e+02 2.906000000000000000e+03 4.660258483886718750e+02
1.566450000000000102e+02 3.651000000000000000e+03 4.660255126953125000e+02
1.569830000000000041e+02 3.139000000000000000e+03 4.660261230468750000e+02
1.573189999999999884e+02 2.887000000000000000e+03 4.660223693847656250e+02
1.576550000000000011e+02 3.229000000000000000e+03 4.660263671875000000e+02
1.579919999999999902e+02 3.022000000000000000e+03 4.660230102539062500e+02
1.583280000000000030e+02 2.518000000000000000e+03 4.660234680175781250e+02
1.586639999999999873e+02 2.784000000000000000e+03 4.660238647460937500e+02
1.590010000000000048e+02 2.467000000000000000e+03 4.660254211425781250e+02
1.593369999999999891e+02 2.716000000000000000e+03 4.660238647460937500e+02
1.596730000000000018e+02 2.342000000000000000e+03 4.660247802734375000e+02
