4.479610000000000127e+02 2.810000000000000000e+02 3.632002563476562500e+02
4.482970000000000255e+02 3.360000000000000000e+02 3.631922912597656250e+02
4.486329999999999814e+02 1.920000000000000000e+02 3.631822814941406250e+02
4.489700000000000273e+02 3.890000000000000000e+02 3.632050781250000000e+02
4.493059999999999832e+02 2.480000000000000000e+02 3.631844177246093750e+02
4.496440000000000055e+02 3.870000000000000000e+02 3.632061157226562500e+02
4.499800000000000182e+02 2.170000000000000000e+02 3.631956481933593750e+02
4.503170000000000073e+02 3.880000000000000000e+02 3.632030944824218750e+02
4.506530000000000200e+02 4.430000000000000000e+02 3.631996459960937500e+02
4.509889999999999759e+02 2.240000000000000000e+02 3.632048645019531250e+02
4.513249999999999886e+02 2.090000000000000000e+02 3.631923522949218750e+02
4.516619999999999777e+02 2.160000000000000000e+02 3.631871948242187500e+02
4.519979999999999905e+02 2.620000000000000000e+02 3.631983642578125000e+02
4.523340000000000032e+02 3.440000000000000000e+02 3.631870117187500000e+02
4.526709999999999923e+02 2.870000000000000000e+02 3.631954040527343750e+02
4.530070000000000050e+02 2.120000000000000000e+02 3.631944274902343750e+02
4.533430000000000177e+02 2.970000000000000000e+02 3.632059631347656250e+02
4.536800000000000068e+02 3.230000000000000000e+02 3.631892700195312500e+02
4.540160000000000196e+02 3.270000000000000000e+02 3.631945800781250000e+02
4.543519999999999754e+02 2.640000000000000000e+02 3.631935729980468750e+02
4.546879999999999882e+02 2.270000000000000000e+02 3.631867065429687500e+02
4.550249999999999773e+02 3.820000000000000000e+02 3.631985168457031250e+02
4.553609999999999900e+02 2.880000000000000000e+02 3.632071228027343750e+02
4.556970000000000027e+02 3.370000000000000000e+02 3.631940917968750000e+02
4.560339999999999918e+02 3.010000000000000000e+02 3.632089233398437500e+02
4.563700000000000045e+02 3.220000000000000000e+02 3.631916198730468750e+02
4.567069999999999936e+02 2.130000000000000000e+02 3.631870117187500000e+02
4.570430000000000064e+02 2.420000000000000000e+02 3.631953125000000000e+02
4.573790000000000191e+02 2.910000000000000000e+02 3.632090148925781250e+02
4.577160000000000082e+02 3.000000000000000000e+02 3.632105712890625000e+02
4.580529999999999973e+02 2.500000000000000000e+02 3.631940917968750000e+02
4.583890000000000100e+02 2.400000000000000000e+02 3.632077331542968750e+02
4.587250000000000227e+02 2.200000000000000000e+02 3.631983032226562500e+02
4.590620000000000118e+02 1.610000000000000000e+02 3.631866455078125000e+02
4.593990000000000009e+02 2.400000000000000000e+02 3.631948852539062500e+02
4.597359999999999900e+02 2.130000000000000000e+02 3.632040405273437500e+02
4.600729999999999791e+02 3.050000000000000000e+02 3.631857604980468750e+02
4.604089999999999918e+02 2.830000000000000000e+02 3.631882934570312500e+02
4.607450000000000045e+02 1.980000000000000000e+02 3.631904296875000000e+02
