2.747200000000000273e+02 2.260000000000000000e+02 2.731513977050781250e+02
2.750559999999999832e+02 2.340000000000000000e+02 2.731553039550781250e+02
2.753929999999999723e+02 2.240000000000000000e+02 2.731446533203125000e+02
2.757289999999999850e+02 2.490000000000000000e+02 2.731506347656250000e+02
2.760649999999999977e+02 1.770000000000000000e+02 2.731474914550781250e+02
2.764019999999999868e+02 2.440000000000000000e+02 2.731557006835937500e+02
2.767379999999999995e+02 1.850000000000000000e+02 2.731549377441406250e+02
2.770749999999999886e+02 2.760000000000000000e+02 2.731473693847656250e+02
2.774110000000000014e+02 2.220000000000000000e+02 2.731534729003906250e+02
2.777470000000000141e+02 1.610000000000000000e+02 2.731574707031250000e+02
2.780849999999999795e+02 3.000000000000000000e+02 2.731574096679687500e+02
2.784209999999999923e+02 3.360000000000000000e+02 2.731487731933593750e+02
2.787579999999999814e+02 3.110000000000000000e+02 2.731716918945312500e+02
2.790939999999999941e+02 2.600000000000000000e+02 2.731764526367187500e+02
2.794300000000000068e+02 2.280000000000000000e+02 2.731685180664062500e+02
2.797669999999999959e+02 2.800000000000000000e+02 2.731445312500000000e+02
2.801030000000000086e+02 3.250000000000000000e+02 2.731649780273437500e+02
2.804390000000000214e+02 2.940000000000000000e+02 2.731569213867187500e+02
2.807760000000000105e+02 2.530000000000000000e+02 2.731464538574218750e+02
2.811120000000000232e+02 2.790000000000000000e+02 2.731621093750000000e+02
2.814479999999999791e+02 2.650000000000000000e+02 2.731543273925781250e+02
2.817839999999999918e+02 2.640000000000000000e+02 2.731660461425781250e+02
2.821209999999999809e+02 1.960000000000000000e+02 2.731444396972656250e+02
2.824569999999999936e+02 3.390000000000000000e+02 2.731579284667968750e+02
2.827930000000000064e+02 2.100000000000000000e+02 2.731599731445312500e+02
2.831299999999999955e+02 2.900000000000000000e+02 2.731510009765625000e+02
2.834660000000000082e+02 3.070000000000000000e+02 2.731528930664062500e+02
2.838020000000000209e+02 2.560000000000000000e+02 2.731445922851562500e+02
2.841390000000000100e+02 2.940000000000000000e+02 2.731555175781250000e+02
2.844750000000000227e+02 4.090000000000000000e+02 2.731525268554687500e+02
2.848109999999999786e+02 2.550000000000000000e+02 2.731507263183593750e+02
2.851469999999999914e+02 2.420000000000000000e+02 2.731429443359375000e+02
2.854839999999999804e+02 2.140000000000000000e+02 2.731503295898437500e+02
2.858199999999999932e+02 3.380000000000000000e+02 2.731371765136718750e+02
2.861560000000000059e+02 3.480000000000000000e+02 2.731398620605468750e+02
2.864929999999999950e+02 3.740000000000000000e+02 2.731501159667968750e+02
2.868290000000000077e+02 3.670000000000000000e+02 2.731465759277343750e+02
2.871650000000000205e+02 4.390000000000000000e+02 2.731568298339843750e+02
2.875020000000000095e+02 3.050000000000000000e+02 2.731558227539062500e+02
2.878380000000000223e+02 2.990000000000000000e+02 2.731617431640625000e+02
2.881759999999999877e+02 3.430000000000000000e+02 2.731519165039062500e+02
