3.430090000000000146e+02 1.200000000000000000e+02 1.986148986816406250e+02
3.433450000000000273e+02 1.600000000000000000e+02 1.986109466552734375e+02
3.436820000000000164e+02 2.780000000000000000e+02 1.986136779785156250e+02
3.440179999999999723e+02 4.390000000000000000e+02 1.986159362792968750e+02
3.443539999999999850e+02 3.670000000000000000e+02 1.986174316406250000e+02
3.446899999999999977e+02 4.260000000000000000e+02 1.986185607910156250e+02
3.450269999999999868e+02 3.250000000000000000e+02 1.986179046630859375e+02
3.453629999999999995e+02 2.860000000000000000e+02 1.986173248291015625e+02
3.456990000000000123e+02 3.770000000000000000e+02 1.986190948486328125e+02
3.460360000000000014e+02 2.890000000000000000e+02 1.986199951171875000e+02
3.463720000000000141e+02 3.710000000000000000e+02 1.986149139404296875e+02
3.467080000000000268e+02 2.000000000000000000e+02 1.986049346923828125e+02
3.470450000000000159e+02 2.890000000000000000e+02 1.986145629882812500e+02
3.473809999999999718e+02 1.450000000000000000e+02 1.986090698242187500e+02
3.477180000000000177e+02 7.100000000000000000e+01 1.986010589599609375e+02
3.480539999999999736e+02 1.110000000000000000e+02 1.986126251220703125e+02
3.483899999999999864e+02 9.900000000000000000e+01 1.986165466308593750e+02
