1.674110000000000014e+02 4.832000000000000000e+03 3.910944824218750000e+02
1.677479999999999905e+02 4.270000000000000000e+03 3.910953063964843750e+02
1.680840000000000032e+02 4.444000000000000000e+03 3.910955200195312500e+02
1.684199999999999875e+02 4.349000000000000000e+03 3.910951843261718750e+02
1.687570000000000050e+02 4.081000000000000000e+03 3.910943908691406250e+02
1.690929999999999893e+02 4.033000000000000000e+03 3.910955200195312500e+02
1.694290000000000020e+02 4.151000000000000000e+03 3.910952758789062500e+02
1.697649999999999864e+02 3.282000000000000000e+03 3.910943908691406250e+02
1.701020000000000039e+02 3.690000000000000000e+03 3.910945739746093750e+02
1.704379999999999882e+02 3.372000000000000000e+03 3.910956115722656250e+02
1.707740000000000009e+02 2.823000000000000000e+03 3.910971374511718750e+02
1.711109999999999900e+02 2.668000000000000000e+03 3.910955200195312500e+02
1.714470000000000027e+02 2.612000000000000000e+03 3.910947875976562500e+02
1.717829999999999870e+02 2.511000000000000000e+03 3.910927734375000000e+02
1.721200000000000045e+02 2.098000000000000000e+03 3.910934753417968750e+02
1.724559999999999889e+02 1.741000000000000000e+03 3.910955200195312500e+02
1.727920000000000016e+02 1.635000000000000000e+03 3.910979003906250000e+02
1.731279999999999859e+02 1.425000000000000000e+03 3.910952148437500000e+02
1.734650000000000034e+02 8.700000000000000000e+02 3.910968017578125000e+02
1.738009999999999877e+02 1.003000000000000000e+03 3.910899963378906250e+02
1.741370000000000005e+02 9.980000000000000000e+02 3.910916442871093750e+02
1.744739999999999895e+02 8.270000000000000000e+02 3.910955810546875000e+02
1.748120000000000118e+02 8.790000000000000000e+02 3.910989379882812500e+02
1.751479999999999961e+02 4.800000000000000000e+02 3.911004943847656250e+02
1.754840000000000089e+02 5.530000000000000000e+02 3.910985107421875000e+02
1.758209999999999980e+02 6.390000000000000000e+02 3.910974731445312500e+02
1.761570000000000107e+02 5.650000000000000000e+02 3.910965881347656250e+02
1.764929999999999950e+02 4.010000000000000000e+02 3.911016845703125000e+02
1.768300000000000125e+02 5.610000000000000000e+02 3.910946960449218750e+02
1.771680000000000064e+02 4.200000000000000000e+02 3.910955505371093750e+02
1.775039999999999907e+02 5.480000000000000000e+02 3.910967102050781250e+02
1.778400000000000034e+02 4.750000000000000000e+02 3.910957336425781250e+02
1.781769999999999925e+02 3.780000000000000000e+02 3.911007080078125000e+02
1.785130000000000052e+02 7.420000000000000000e+02 3.910957641601562500e+02
1.788489999999999895e+02 6.230000000000000000e+02 3.910969238281250000e+02
1.791860000000000070e+02 7.200000000000000000e+02 3.910968627929687500e+02
1.795229999999999961e+02 5.200000000000000000e+02 3.910962219238281250e+02
1.798590000000000089e+02 4.780000000000000000e+02 3.910996398925781250e+02
1.801949999999999932e+02 4.880000000000000000e+02 3.910978393554687500e+02
1.805320000000000107e+02 5.440000000000000000e+02 3.911001281738281250e+02
1.808679999999999950e+02 5.590000000000000000e+02 3.910935668945312500e+02
1.812040000000000077e+02 3.340000000000000000e+02 3.911016235351562500e+02
1.815399999999999920e+02 2.620000000000000000e+02 3.911085205078125000e+02
1.818770000000000095e+02 4.050000000000000000e+02 3.910939025878906250e+02
1.822129999999999939e+02 4.340000000000000000e+02 3.911005859375000000e+02
1.825490000000000066e+02 3.440000000000000000e+02 3.911070556640625000e+02
1.828859999999999957e+02 2.700000000000000000e+02 3.911007385253906250e+02
1.832220000000000084e+02 3.960000000000000000e+02 3.910969848632812500e+02
1.835579999999999927e+02 2.870000000000000000e+02 3.910978698730468750e+02
1.838950000000000102e+02 2.080000000000000000e+02 3.911085205078125000e+02
1.842309999999999945e+02 3.250000000000000000e+02 3.911171875000000000e+02
1.845670000000000073e+02 3.250000000000000000e+02 3.911047973632812500e+02
1.849039999999999964e+02 2.050000000000000000e+02 3.911138000488281250e+02
1.852400000000000091e+02 2.960000000000000000e+02 3.910942993164062500e+02
