3.060029999999999859e+02 1.030000000000000000e+02 1.470492706298828125e+02
3.063399999999999750e+02 1.080000000000000000e+02 1.470671691894531250e+02
3.066759999999999877e+02 8.600000000000000000e+01 1.470505676269531250e+02
3.070129999999999768e+02 1.050000000000000000e+02 1.470618438720703125e+02
3.073500000000000227e+02 1.860000000000000000e+02 1.470642395019531250e+02
3.076859999999999786e+02 2.250000000000000000e+02 1.470683288574218750e+02
3.080219999999999914e+02 2.450000000000000000e+02 1.470666351318359375e+02
3.083600000000000136e+02 2.120000000000000000e+02 1.470780944824218750e+02
3.086970000000000027e+02 3.020000000000000000e+02 1.470684051513671875e+02
3.090330000000000155e+02 1.760000000000000000e+02 1.470643768310546875e+02
3.093690000000000282e+02 4.250000000000000000e+02 1.470657806396484375e+02
3.097060000000000173e+02 1.820000000000000000e+02 1.470677337646484375e+02
3.100430000000000064e+02 1.310000000000000000e+02 1.470727691650390625e+02
3.103790000000000191e+02 1.860000000000000000e+02 1.470698242187500000e+02
3.107149999999999750e+02 2.140000000000000000e+02 1.470660858154296875e+02
3.110520000000000209e+02 1.360000000000000000e+02 1.470788421630859375e+02
3.113879999999999768e+02 3.040000000000000000e+02 1.470644989013671875e+02
3.117239999999999895e+02 1.240000000000000000e+02 1.470751953125000000e+02
3.120609999999999786e+02 1.420000000000000000e+02 1.470675964355468750e+02
3.123969999999999914e+02 1.040000000000000000e+02 1.470462036132812500e+02
3.127330000000000041e+02 1.130000000000000000e+02 1.470535583496093750e+02
3.130699999999999932e+02 1.780000000000000000e+02 1.470692291259765625e+02
3.134060000000000059e+02 1.050000000000000000e+02 1.470489807128906250e+02
3.137420000000000186e+02 1.170000000000000000e+02 1.470736846923828125e+02
3.140779999999999745e+02 9.500000000000000000e+01 1.470691680908203125e+02
3.144150000000000205e+02 1.110000000000000000e+02 1.470486755371093750e+02
