6.683099999999999454e+02 2.300000000000000000e+02 5.962958984375000000e+02
6.686459999999999582e+02 2.510000000000000000e+02 5.963049316406250000e+02
6.689819999999999709e+02 3.530000000000000000e+02 5.962933959960937500e+02
6.693179999999999836e+02 3.650000000000000000e+02 5.962893676757812500e+02
6.696539999999999964e+02 3.500000000000000000e+02 5.962876586914062500e+02
6.699959999999999809e+02 3.710000000000000000e+02 5.962937622070312500e+02
6.703319999999999936e+02 3.050000000000000000e+02 5.962860717773437500e+02
6.706680000000000064e+02 4.140000000000000000e+02 5.962948608398437500e+02
6.709980000000000473e+02 3.130000000000000000e+02 5.962943115234375000e+02
6.713400000000000318e+02 3.240000000000000000e+02 5.962871704101562500e+02
6.716760000000000446e+02 2.660000000000000000e+02 5.962923583984375000e+02
6.720119999999999436e+02 1.540000000000000000e+02 5.962988891601562500e+02
6.723479999999999563e+02 2.090000000000000000e+02 5.962850341796875000e+02
6.726839999999999691e+02 1.080000000000000000e+02 5.962784423828125000e+02
6.730199999999999818e+02 1.010000000000000000e+02 5.962801513671875000e+02
