1.277150000000000034e+02 2.130000000000000000e+03 2.050969390869140625e+02
1.280519999999999925e+02 1.924000000000000000e+03 2.050951080322265625e+02
1.283880000000000052e+02 2.066000000000000000e+03 2.050971984863281250e+02
1.287239999999999895e+02 2.257000000000000000e+03 2.050978698730468750e+02
1.290610000000000070e+02 2.127000000000000000e+03 2.050973815917968750e+02
1.293969999999999914e+02 1.981000000000000000e+03 2.050967712402343750e+02
1.297340000000000089e+02 2.051000000000000000e+03 2.050970611572265625e+02
1.300699999999999932e+02 1.904000000000000000e+03 2.050982208251953125e+02
1.304070000000000107e+02 2.317000000000000000e+03 2.050972442626953125e+02
1.307439999999999998e+02 1.859000000000000000e+03 2.050975036621093750e+02
1.310800000000000125e+02 1.826000000000000000e+03 2.050974884033203125e+02
1.314170000000000016e+02 1.727000000000000000e+03 2.050992584228515625e+02
1.317529999999999859e+02 1.160000000000000000e+03 2.050963897705078125e+02
1.320900000000000034e+02 1.450000000000000000e+03 2.050982055664062500e+02
1.324259999999999877e+02 1.410000000000000000e+03 2.050966949462890625e+02
1.327630000000000052e+02 1.440000000000000000e+03 2.050972290039062500e+02
1.330989999999999895e+02 1.370000000000000000e+03 2.050966339111328125e+02
1.334350000000000023e+02 1.274000000000000000e+03 2.050953216552734375e+02
1.337719999999999914e+02 1.297000000000000000e+03 2.050980224609375000e+02
1.341080000000000041e+02 1.147000000000000000e+03 2.050975341796875000e+02
1.344439999999999884e+02 1.148000000000000000e+03 2.050982666015625000e+02
1.347810000000000059e+02 1.290000000000000000e+03 2.050968780517578125e+02
1.351169999999999902e+02 1.030000000000000000e+03 2.050982360839843750e+02
1.354530000000000030e+02 1.140000000000000000e+03 2.050969238281250000e+02
1.357899999999999920e+02 1.117000000000000000e+03 2.050975494384765625e+02
1.361260000000000048e+02 9.000000000000000000e+02 2.050980072021484375e+02
1.364619999999999891e+02 9.910000000000000000e+02 2.050974273681640625e+02
1.368000000000000114e+02 8.670000000000000000e+02 2.050999450683593750e+02
1.371359999999999957e+02 8.070000000000000000e+02 2.050971069335937500e+02
1.374730000000000132e+02 8.420000000000000000e+02 2.050978546142578125e+02
1.378089999999999975e+02 5.790000000000000000e+02 2.051007232666015625e+02
1.381450000000000102e+02 6.650000000000000000e+02 2.050984649658203125e+02
1.384809999999999945e+02 6.420000000000000000e+02 2.050993652343750000e+02
1.388180000000000121e+02 4.860000000000000000e+02 2.050974273681640625e+02
1.391539999999999964e+02 5.470000000000000000e+02 2.050967254638671875e+02
1.394900000000000091e+02 4.050000000000000000e+02 2.051000061035156250e+02
1.398269999999999982e+02 4.780000000000000000e+02 2.050986175537109375e+02
1.401630000000000109e+02 4.900000000000000000e+02 2.050981292724609375e+02
1.404989999999999952e+02 3.370000000000000000e+02 2.050989990234375000e+02
1.408360000000000127e+02 5.250000000000000000e+02 2.050943908691406250e+02
1.411719999999999970e+02 2.610000000000000000e+02 2.050993347167968750e+02
1.415080000000000098e+02 2.180000000000000000e+02 2.051009063720703125e+02
1.418449999999999989e+02 2.960000000000000000e+02 2.050982208251953125e+02
1.421810000000000116e+02 3.490000000000000000e+02 2.050925140380859375e+02
1.425169999999999959e+02 4.110000000000000000e+02 2.050948791503906250e+02
1.428530000000000086e+02 2.110000000000000000e+02 2.050955200195312500e+02
1.431899999999999977e+02 3.040000000000000000e+02 2.050947113037109375e+02
1.435260000000000105e+02 2.570000000000000000e+02 2.050956268310546875e+02
1.438619999999999948e+02 1.800000000000000000e+02 2.051040802001953125e+02
1.441990000000000123e+02 3.040000000000000000e+02 2.050985260009765625e+02
1.445349999999999966e+02 3.340000000000000000e+02 2.050976257324218750e+02
1.448710000000000093e+02 3.820000000000000000e+02 2.051008148193359375e+02
1.452079999999999984e+02 2.350000000000000000e+02 2.050920257568359375e+02
1.455440000000000111e+02 3.110000000000000000e+02 2.050978698730468750e+02
1.458799999999999955e+02 2.290000000000000000e+02 2.051005096435546875e+02
1.462170000000000130e+02 2.040000000000000000e+02 2.051004333496093750e+02
1.465529999999999973e+02 3.850000000000000000e+02 2.050989685058593750e+02
1.468909999999999911e+02 3.480000000000000000e+02 2.050968780517578125e+02
1.472280000000000086e+02 2.610000000000000000e+02 2.051046295166015625e+02
1.475639999999999930e+02 1.580000000000000000e+02 2.050988616943359375e+02
1.479010000000000105e+02 2.540000000000000000e+02 2.050925292968750000e+02
1.482369999999999948e+02 1.840000000000000000e+02 2.051002502441406250e+02
1.485740000000000123e+02 3.110000000000000000e+02 2.051023101806640625e+02
1.489099999999999966e+02 2.460000000000000000e+02 2.051019897460937500e+02
1.492460000000000093e+02 3.150000000000000000e+02 2.050962677001953125e+02
1.495829999999999984e+02 2.320000000000000000e+02 2.050972595214843750e+02
1.499190000000000111e+02 1.940000000000000000e+02 2.051015167236328125e+02
1.502549999999999955e+02 1.840000000000000000e+02 2.050917053222656250e+02
1.505910000000000082e+02 1.640000000000000000e+02 2.051020355224609375e+02
1.509279999999999973e+02 2.190000000000000000e+02 2.050981597900390625e+02
1.512640000000000100e+02 1.970000000000000000e+02 2.050982055664062500e+02
1.515999999999999943e+02 2.590000000000000000e+02 2.050976867675781250e+02
1.519370000000000118e+02 2.320000000000000000e+02 2.050981597900390625e+02
1.522729999999999961e+02 2.700000000000000000e+02 2.050994262695312500e+02
1.526090000000000089e+02 1.700000000000000000e+02 2.050954284667968750e+02
1.529459999999999980e+02 2.510000000000000000e+02 2.050977172851562500e+02
1.532820000000000107e+02 1.680000000000000000e+02 2.050952606201171875e+02
1.536179999999999950e+02 2.380000000000000000e+02 2.050994873046875000e+02
1.539540000000000077e+02 2.940000000000000000e+02 2.050985565185546875e+02
1.542909999999999968e+02 1.990000000000000000e+02 2.050963287353515625e+02
1.546270000000000095e+02 2.060000000000000000e+02 2.050961303710937500e+02
1.549629999999999939e+02 2.440000000000000000e+02 2.051014251708984375e+02
1.553000000000000114e+02 2.300000000000000000e+02 2.050958251953125000e+02
1.556359999999999957e+02 1.470000000000000000e+02 2.050949554443359375e+02
1.559720000000000084e+02 1.930000000000000000e+02 2.050943145751953125e+02
1.563089999999999975e+02 4.060000000000000000e+02 2.050948486328125000e+02
1.566450000000000102e+02 4.220000000000000000e+02 2.050966339111328125e+02
1.569830000000000041e+02 4.670000000000000000e+02 2.050950164794921875e+02
