4.291229999999999905e+02 2.960000000000000000e+02 2.611291809082031250e+02
4.294599999999999795e+02 3.020000000000000000e+02 2.611427917480468750e+02
4.297970000000000255e+02 3.550000000000000000e+02 2.611440429687500000e+02
4.301329999999999814e+02 3.170000000000000000e+02 2.611490173339843750e+02
4.304700000000000273e+02 3.150000000000000000e+02 2.611517639160156250e+02
4.308059999999999832e+02 4.090000000000000000e+02 2.611439514160156250e+02
4.311429999999999723e+02 4.740000000000000000e+02 2.611490173339843750e+02
4.314789999999999850e+02 3.850000000000000000e+02 2.611478576660156250e+02
4.318149999999999977e+02 4.580000000000000000e+02 2.611553649902343750e+02
4.321519999999999868e+02 2.400000000000000000e+02 2.611499938964843750e+02
4.324879999999999995e+02 3.680000000000000000e+02 2.611512145996093750e+02
4.328240000000000123e+02 4.020000000000000000e+02 2.611545104980468750e+02
4.331610000000000014e+02 3.440000000000000000e+02 2.611466369628906250e+02
4.334970000000000141e+02 4.990000000000000000e+02 2.611487121582031250e+02
4.338330000000000268e+02 3.410000000000000000e+02 2.611493225097656250e+02
4.341700000000000159e+02 2.600000000000000000e+02 2.611427917480468750e+02
4.345059999999999718e+02 3.000000000000000000e+02 2.611457824707031250e+02
4.348419999999999845e+02 3.170000000000000000e+02 2.611454162597656250e+02
4.351779999999999973e+02 3.830000000000000000e+02 2.611400146484375000e+02
4.355149999999999864e+02 3.930000000000000000e+02 2.611477966308593750e+02
4.358509999999999991e+02 2.910000000000000000e+02 2.611460266113281250e+02
4.361870000000000118e+02 2.340000000000000000e+02 2.611506042480468750e+02
4.365240000000000009e+02 2.750000000000000000e+02 2.611540832519531250e+02
4.368600000000000136e+02 3.440000000000000000e+02 2.611598510742187500e+02
4.371960000000000264e+02 3.140000000000000000e+02 2.611435852050781250e+02
4.375330000000000155e+02 3.680000000000000000e+02 2.611475830078125000e+02
4.378690000000000282e+02 4.040000000000000000e+02 2.611422424316406250e+02
4.382049999999999841e+02 4.090000000000000000e+02 2.611472473144531250e+02
4.385419999999999732e+02 4.830000000000000000e+02 2.611394653320312500e+02
4.388779999999999859e+02 3.010000000000000000e+02 2.611428222656250000e+02
4.392139999999999986e+02 3.470000000000000000e+02 2.611536254882812500e+02
4.395520000000000209e+02 4.330000000000000000e+02 2.611445007324218750e+02
4.398890000000000100e+02 2.420000000000000000e+02 2.611398010253906250e+02
4.402250000000000227e+02 3.610000000000000000e+02 2.611535644531250000e+02
4.405609999999999786e+02 3.710000000000000000e+02 2.611434631347656250e+02
4.408969999999999914e+02 2.610000000000000000e+02 2.611513671875000000e+02
4.412339999999999804e+02 2.830000000000000000e+02 2.611503295898437500e+02
4.415699999999999932e+02 1.670000000000000000e+02 2.611379394531250000e+02
4.419060000000000059e+02 3.160000000000000000e+02 2.611442871093750000e+02
4.422429999999999950e+02 4.260000000000000000e+02 2.611473693847656250e+02
4.425790000000000077e+02 1.740000000000000000e+02 2.611593933105468750e+02
4.429150000000000205e+02 2.260000000000000000e+02 2.611305847167968750e+02
4.432509999999999764e+02 3.740000000000000000e+02 2.611449279785156250e+02
4.435880000000000223e+02 2.410000000000000000e+02 2.611451721191406250e+02
4.439239999999999782e+02 3.340000000000000000e+02 2.611462402343750000e+02
4.442599999999999909e+02 4.490000000000000000e+02 2.611489868164062500e+02
4.445969999999999800e+02 3.440000000000000000e+02 2.611482543945312500e+02
4.449329999999999927e+02 3.670000000000000000e+02 2.611484680175781250e+02
4.452690000000000055e+02 2.450000000000000000e+02 2.611401062011718750e+02
4.456059999999999945e+02 3.210000000000000000e+02 2.611438903808593750e+02
4.459420000000000073e+02 3.250000000000000000e+02 2.611515808105468750e+02
4.462789999999999964e+02 2.440000000000000000e+02 2.611567687988281250e+02
4.466150000000000091e+02 3.310000000000000000e+02 2.611513366699218750e+02
4.469519999999999982e+02 4.820000000000000000e+02 2.611552734375000000e+02
