7.840320000000000391e+02 2.130000000000000000e+02 3.091685180664062500e+02
7.843680000000000518e+02 1.390000000000000000e+02 3.091793212890625000e+02
7.847039999999999509e+02 1.790000000000000000e+02 3.091653747558593750e+02
7.850399999999999636e+02 2.830000000000000000e+02 3.091651611328125000e+02
7.853759999999999764e+02 1.870000000000000000e+02 3.091667175292968750e+02
7.857179999999999609e+02 2.940000000000000000e+02 3.091694641113281250e+02
7.860539999999999736e+02 2.300000000000000000e+02 3.091650085449218750e+02
7.863899999999999864e+02 4.030000000000000000e+02 3.091734619140625000e+02
7.867259999999999991e+02 3.550000000000000000e+02 3.091675109863281250e+02
7.870620000000000118e+02 3.800000000000000000e+02 3.091744995117187500e+02
7.873980000000000246e+02 3.490000000000000000e+02 3.091669311523437500e+02
7.877340000000000373e+02 1.790000000000000000e+02 3.091741638183593750e+02
7.880700000000000500e+02 2.940000000000000000e+02 3.091752014160156250e+02
7.884059999999999491e+02 2.280000000000000000e+02 3.091800842285156250e+02
7.887419999999999618e+02 8.800000000000000000e+01 3.091868896484375000e+02
