3.820289999999999964e+02 1.140000000000000000e+02 1.180811309814453125e+02
3.823650000000000091e+02 6.700000000000000000e+01 1.180872421264648438e+02
3.827019999999999982e+02 1.570000000000000000e+02 1.180859527587890625e+02
3.830389999999999873e+02 1.210000000000000000e+02 1.180864181518554688e+02
3.833750000000000000e+02 1.580000000000000000e+02 1.180897979736328125e+02
3.837119999999999891e+02 2.080000000000000000e+02 1.180899887084960938e+02
3.840480000000000018e+02 4.020000000000000000e+02 1.180896224975585938e+02
3.843840000000000146e+02 2.360000000000000000e+02 1.180885086059570312e+02
3.847210000000000036e+02 3.370000000000000000e+02 1.180891418457031250e+02
3.850570000000000164e+02 2.090000000000000000e+02 1.180881805419921875e+02
3.853929999999999723e+02 2.020000000000000000e+02 1.180873336791992188e+02
3.857300000000000182e+02 1.560000000000000000e+02 1.180840606689453125e+02
3.860659999999999741e+02 1.420000000000000000e+02 1.180909194946289062e+02
3.864019999999999868e+02 7.100000000000000000e+01 1.180778732299804688e+02
3.867389999999999759e+02 9.800000000000000000e+01 1.180913085937500000e+02
3.870749999999999886e+02 7.100000000000000000e+01 1.180869216918945312e+02
3.877479999999999905e+02 4.800000000000000000e+01 1.180927276611328125e+02
