2.155149999999999864e+02 1.380000000000000000e+02 3.441618957519531250e+02
2.158509999999999991e+02 3.200000000000000000e+02 3.441613159179687500e+02
2.161870000000000118e+02 4.820000000000000000e+02 3.441567993164062500e+02
2.165240000000000009e+02 8.610000000000000000e+02 3.441538085937500000e+02
2.168600000000000136e+02 9.750000000000000000e+02 3.441575927734375000e+02
2.171959999999999980e+02 1.040000000000000000e+03 3.441676330566406250e+02
2.175339999999999918e+02 1.308000000000000000e+03 3.441591186523437500e+02
2.178710000000000093e+02 1.353000000000000000e+03 3.441602172851562500e+02
2.182069999999999936e+02 1.307000000000000000e+03 3.441602172851562500e+02
2.185430000000000064e+02 1.638000000000000000e+03 3.441614685058593750e+02
2.188799999999999955e+02 1.682000000000000000e+03 3.441612548828125000e+02
2.192160000000000082e+02 1.955000000000000000e+03 3.441617126464843750e+02
2.195519999999999925e+02 1.661000000000000000e+03 3.441621398925781250e+02
2.198880000000000052e+02 1.604000000000000000e+03 3.441571655273437500e+02
2.202249999999999943e+02 1.678000000000000000e+03 3.441586608886718750e+02
2.205610000000000070e+02 1.915000000000000000e+03 3.441617431640625000e+02
2.208969999999999914e+02 2.147000000000000000e+03 3.441621704101562500e+02
2.212340000000000089e+02 1.642000000000000000e+03 3.441594848632812500e+02
2.215699999999999932e+02 1.928000000000000000e+03 3.441611633300781250e+02
2.219060000000000059e+02 1.655000000000000000e+03 3.441612243652343750e+02
2.222429999999999950e+02 2.195000000000000000e+03 3.441607971191406250e+02
2.225790000000000077e+02 1.959000000000000000e+03 3.441634826660156250e+02
2.229149999999999920e+02 1.697000000000000000e+03 3.441614074707031250e+02
2.232510000000000048e+02 2.073000000000000000e+03 3.441600952148437500e+02
2.235879999999999939e+02 1.958000000000000000e+03 3.441616516113281250e+02
2.239240000000000066e+02 1.789000000000000000e+03 3.441628417968750000e+02
2.242599999999999909e+02 1.981000000000000000e+03 3.441638183593750000e+02
2.245970000000000084e+02 2.138000000000000000e+03 3.441639709472656250e+02
2.249329999999999927e+02 1.582000000000000000e+03 3.441598510742187500e+02
2.252690000000000055e+02 2.211000000000000000e+03 3.441593933105468750e+02
2.256059999999999945e+02 2.153000000000000000e+03 3.441661376953125000e+02
2.259420000000000073e+02 2.124000000000000000e+03 3.441613769531250000e+02
2.262789999999999964e+02 2.092000000000000000e+03 3.441658935546875000e+02
2.266150000000000091e+02 2.181000000000000000e+03 3.441635742187500000e+02
2.269509999999999934e+02 2.493000000000000000e+03 3.441642150878906250e+02
2.272880000000000109e+02 2.628000000000000000e+03 3.441654663085937500e+02
2.276260000000000048e+02 2.306000000000000000e+03 3.441638488769531250e+02
2.279619999999999891e+02 2.688000000000000000e+03 3.441646423339843750e+02
2.282980000000000018e+02 2.377000000000000000e+03 3.441652832031250000e+02
2.286349999999999909e+02 2.368000000000000000e+03 3.441659240722656250e+02
2.289710000000000036e+02 2.405000000000000000e+03 3.441629028320312500e+02
2.293069999999999879e+02 2.355000000000000000e+03 3.441647644042968750e+02
2.296430000000000007e+02 2.982000000000000000e+03 3.441653137207031250e+02
2.299799999999999898e+02 3.004000000000000000e+03 3.441636352539062500e+02
2.303160000000000025e+02 2.512000000000000000e+03 3.441609802246093750e+02
2.306519999999999868e+02 2.385000000000000000e+03 3.441653442382812500e+02
2.309890000000000043e+02 2.577000000000000000e+03 3.441662902832031250e+02
2.313249999999999886e+02 2.377000000000000000e+03 3.441659545898437500e+02
2.316610000000000014e+02 2.981000000000000000e+03 3.441669311523437500e+02
2.319979999999999905e+02 2.357000000000000000e+03 3.441642456054687500e+02
2.323340000000000032e+02 2.213000000000000000e+03 3.441662597656250000e+02
2.326699999999999875e+02 2.419000000000000000e+03 3.441684265136718750e+02
2.330070000000000050e+02 1.871000000000000000e+03 3.441690673828125000e+02
2.333429999999999893e+02 2.117000000000000000e+03 3.441650085449218750e+02
2.336790000000000020e+02 1.901000000000000000e+03 3.441629028320312500e+02
2.340149999999999864e+02 1.973000000000000000e+03 3.441635437011718750e+02
2.343520000000000039e+02 1.648000000000000000e+03 3.441644287109375000e+02
2.346879999999999882e+02 1.608000000000000000e+03 3.441680908203125000e+02
2.350240000000000009e+02 1.638000000000000000e+03 3.441658020019531250e+02
2.353609999999999900e+02 1.117000000000000000e+03 3.441660461425781250e+02
2.356980000000000075e+02 1.258000000000000000e+03 3.441654052734375000e+02
2.360339999999999918e+02 1.543000000000000000e+03 3.441634826660156250e+02
2.363710000000000093e+02 1.407000000000000000e+03 3.441625671386718750e+02
2.367069999999999936e+02 1.278000000000000000e+03 3.441609191894531250e+02
2.370430000000000064e+02 1.175000000000000000e+03 3.441635131835937500e+02
2.373799999999999955e+02 1.206000000000000000e+03 3.441640014648437500e+02
2.377179999999999893e+02 9.640000000000000000e+02 3.441653747558593750e+02
2.380540000000000020e+02 8.880000000000000000e+02 3.441668090820312500e+02
2.383899999999999864e+02 1.072000000000000000e+03 3.441699218750000000e+02
2.387259999999999991e+02 6.960000000000000000e+02 3.441649169921875000e+02
2.390629999999999882e+02 7.620000000000000000e+02 3.441585388183593750e+02
2.393990000000000009e+02 6.230000000000000000e+02 3.441633300781250000e+02
2.397359999999999900e+02 5.010000000000000000e+02 3.441608581542968750e+02
2.400720000000000027e+02 4.130000000000000000e+02 3.441737365722656250e+02
2.404089999999999918e+02 4.110000000000000000e+02 3.441635437011718750e+02
2.407450000000000045e+02 3.590000000000000000e+02 3.441728515625000000e+02
2.410809999999999889e+02 2.610000000000000000e+02 3.441631774902343750e+02
2.414180000000000064e+02 4.380000000000000000e+02 3.441659545898437500e+02
2.417539999999999907e+02 4.400000000000000000e+02 3.441660461425781250e+02
2.420900000000000034e+02 4.050000000000000000e+02 3.441697082519531250e+02
2.424269999999999925e+02 2.720000000000000000e+02 3.441563110351562500e+02
2.427630000000000052e+02 2.570000000000000000e+02 3.441684570312500000e+02
2.430989999999999895e+02 3.400000000000000000e+02 3.441659851074218750e+02
2.434360000000000070e+02 2.890000000000000000e+02 3.441568908691406250e+02
2.437719999999999914e+02 4.010000000000000000e+02 3.441707763671875000e+02
2.441080000000000041e+02 3.220000000000000000e+02 3.441624450683593750e+02
2.444449999999999932e+02 2.200000000000000000e+02 3.441713867187500000e+02
