3.820289999999999964e+02 3.170000000000000000e+02 5.872236938476562500e+02
3.823650000000000091e+02 8.010000000000000000e+02 5.872235717773437500e+02
3.827019999999999982e+02 1.129000000000000000e+03 5.872221679687500000e+02
3.830389999999999873e+02 1.840000000000000000e+03 5.872257690429687500e+02
3.833750000000000000e+02 2.423000000000000000e+03 5.872230834960937500e+02
3.837119999999999891e+02 2.910000000000000000e+03 5.872224121093750000e+02
3.840480000000000018e+02 2.898000000000000000e+03 5.872227172851562500e+02
3.843840000000000146e+02 2.490000000000000000e+03 5.872213745117187500e+02
3.847210000000000036e+02 2.265000000000000000e+03 5.872169799804687500e+02
3.850570000000000164e+02 1.590000000000000000e+03 5.872267456054687500e+02
3.853929999999999723e+02 1.078000000000000000e+03 5.872216186523437500e+02
3.857300000000000182e+02 7.000000000000000000e+02 5.872163696289062500e+02
3.860659999999999741e+02 2.760000000000000000e+02 5.872277221679687500e+02
