1.956680000000000064e+02 7.400000000000000000e+01 3.790943298339843750e+02
1.960039999999999907e+02 1.680000000000000000e+02 3.791112365722656250e+02
1.963410000000000082e+02 3.230000000000000000e+02 3.790971679687500000e+02
1.966769999999999925e+02 5.400000000000000000e+02 3.791020812988281250e+02
1.970130000000000052e+02 8.210000000000000000e+02 3.791079406738281250e+02
1.973509999999999991e+02 9.020000000000000000e+02 3.791071777343750000e+02
1.976870000000000118e+02 1.220000000000000000e+03 3.791062927246093750e+02
1.980240000000000009e+02 1.309000000000000000e+03 3.791048278808593750e+02
1.983600000000000136e+02 1.369000000000000000e+03 3.791058044433593750e+02
1.986959999999999980e+02 2.160000000000000000e+03 3.791052551269531250e+02
1.990329999999999870e+02 1.789000000000000000e+03 3.791068115234375000e+02
1.993689999999999998e+02 2.430000000000000000e+03 3.791012268066406250e+02
1.997050000000000125e+02 2.277000000000000000e+03 3.791018066406250000e+02
2.000420000000000016e+02 2.650000000000000000e+03 3.791029357910156250e+02
2.003779999999999859e+02 2.468000000000000000e+03 3.791048278808593750e+02
2.007139999999999986e+02 2.335000000000000000e+03 3.791047058105468750e+02
2.010509999999999877e+02 2.113000000000000000e+03 3.791059875488281250e+02
2.013870000000000005e+02 1.956000000000000000e+03 3.791078186035156250e+02
2.017230000000000132e+02 2.134000000000000000e+03 3.791112365722656250e+02
2.020600000000000023e+02 1.674000000000000000e+03 3.791028442382812500e+02
2.023959999999999866e+02 1.979000000000000000e+03 3.791043395996093750e+02
2.027319999999999993e+02 1.541000000000000000e+03 3.791042175292968750e+02
2.030680000000000121e+02 1.281000000000000000e+03 3.791049499511718750e+02
2.034050000000000011e+02 1.240000000000000000e+03 3.791054992675781250e+02
2.037410000000000139e+02 1.050000000000000000e+03 3.791085510253906250e+02
2.040769999999999982e+02 8.620000000000000000e+02 3.791097412109375000e+02
2.044139999999999873e+02 8.750000000000000000e+02 3.791019592285156250e+02
2.047500000000000000e+02 7.040000000000000000e+02 3.791073303222656250e+02
2.050860000000000127e+02 7.360000000000000000e+02 3.791107177734375000e+02
2.054230000000000018e+02 6.940000000000000000e+02 3.791044311523437500e+02
2.057589999999999861e+02 4.490000000000000000e+02 3.791127624511718750e+02
2.060949999999999989e+02 4.970000000000000000e+02 3.791084594726562500e+02
