2.710199999999999818e+02 9.740000000000000000e+02 2.680433044433593750e+02
2.713570000000000277e+02 1.716000000000000000e+03 2.680414733886718750e+02
2.716929999999999836e+02 1.786000000000000000e+03 2.680421752929687500e+02
2.720289999999999964e+02 2.367000000000000000e+03 2.680428771972656250e+02
2.723650000000000091e+02 2.491000000000000000e+03 2.680421447753906250e+02
2.727019999999999982e+02 2.504000000000000000e+03 2.680414733886718750e+02
2.730380000000000109e+02 2.306000000000000000e+03 2.680417785644531250e+02
2.733750000000000000e+02 1.661000000000000000e+03 2.680421752929687500e+02
2.737110000000000127e+02 1.781000000000000000e+03 2.680427551269531250e+02
2.740470000000000255e+02 6.850000000000000000e+02 2.680417785644531250e+02
2.743840000000000146e+02 4.350000000000000000e+02 2.680459899902343750e+02
2.747200000000000273e+02 4.230000000000000000e+02 2.680494384765625000e+02
2.750559999999999832e+02 4.830000000000000000e+02 2.680432434082031250e+02
2.753929999999999723e+02 1.020000000000000000e+02 2.680345458984375000e+02
