1.882680000000000007e+02 2.900000000000000000e+02 2.265616149902343750e+02
1.886040000000000134e+02 7.370000000000000000e+02 2.265565490722656250e+02
1.889410000000000025e+02 1.416000000000000000e+03 2.265574951171875000e+02
1.892769999999999868e+02 1.562000000000000000e+03 2.265569610595703125e+02
1.896129999999999995e+02 2.372000000000000000e+03 2.265573730468750000e+02
1.899499999999999886e+02 1.963000000000000000e+03 2.265565795898437500e+02
1.902860000000000014e+02 2.229000000000000000e+03 2.265561828613281250e+02
1.906220000000000141e+02 1.712000000000000000e+03 2.265563659667968750e+02
1.909590000000000032e+02 2.215000000000000000e+03 2.265547637939453125e+02
1.912949999999999875e+02 2.081000000000000000e+03 2.265567932128906250e+02
1.916310000000000002e+02 1.700000000000000000e+03 2.265589904785156250e+02
1.919679999999999893e+02 1.767000000000000000e+03 2.265569152832031250e+02
1.923040000000000020e+02 1.545000000000000000e+03 2.265554504394531250e+02
1.926399999999999864e+02 2.049000000000000000e+03 2.265557098388671875e+02
1.929759999999999991e+02 2.165000000000000000e+03 2.265566558837890625e+02
1.933129999999999882e+02 2.260000000000000000e+03 2.265565185546875000e+02
1.936490000000000009e+02 1.541000000000000000e+03 2.265561065673828125e+02
1.939850000000000136e+02 1.754000000000000000e+03 2.265560913085937500e+02
1.943220000000000027e+02 1.795000000000000000e+03 2.265579528808593750e+02
1.946589999999999918e+02 2.162000000000000000e+03 2.265572509765625000e+02
1.949950000000000045e+02 1.869000000000000000e+03 2.265575103759765625e+02
1.953319999999999936e+02 1.948000000000000000e+03 2.265566558837890625e+02
1.956680000000000064e+02 2.012000000000000000e+03 2.265574340820312500e+02
1.960039999999999907e+02 1.916000000000000000e+03 2.265578155517578125e+02
1.963410000000000082e+02 1.343000000000000000e+03 2.265561981201171875e+02
1.966769999999999925e+02 1.456000000000000000e+03 2.265559082031250000e+02
1.970130000000000052e+02 1.213000000000000000e+03 2.265575103759765625e+02
1.973509999999999991e+02 1.740000000000000000e+03 2.265567016601562500e+02
1.976870000000000118e+02 1.719000000000000000e+03 2.265563659667968750e+02
1.980240000000000009e+02 1.496000000000000000e+03 2.265550689697265625e+02
1.983600000000000136e+02 1.191000000000000000e+03 2.265547332763671875e+02
1.986959999999999980e+02 1.113000000000000000e+03 2.265555114746093750e+02
1.990329999999999870e+02 6.050000000000000000e+02 2.265617218017578125e+02
1.993689999999999998e+02 7.290000000000000000e+02 2.265564117431640625e+02
1.997050000000000125e+02 5.670000000000000000e+02 2.265535888671875000e+02
2.000420000000000016e+02 3.600000000000000000e+02 2.265621185302734375e+02
2.003779999999999859e+02 3.250000000000000000e+02 2.265567016601562500e+02
2.007139999999999986e+02 5.040000000000000000e+02 2.265562133789062500e+02
2.010509999999999877e+02 1.650000000000000000e+02 2.265566864013671875e+02
2.013870000000000005e+02 2.110000000000000000e+02 2.265566864013671875e+02
2.017230000000000132e+02 2.050000000000000000e+02 2.265546417236328125e+02
2.020600000000000023e+02 3.370000000000000000e+02 2.265530242919921875e+02
2.023959999999999866e+02 1.580000000000000000e+02 2.265640411376953125e+02
2.027319999999999993e+02 5.600000000000000000e+01 2.265724182128906250e+02
2.030680000000000121e+02 1.220000000000000000e+02 2.265569152832031250e+02
2.034050000000000011e+02 9.900000000000000000e+01 2.265575866699218750e+02
2.037410000000000139e+02 2.820000000000000000e+02 2.265585174560546875e+02
2.040769999999999982e+02 1.800000000000000000e+02 2.265507659912109375e+02
