3.218170000000000073e+02 1.800000000000000000e+02 3.296780700683593750e+02
3.221539999999999964e+02 3.340000000000000000e+02 3.296818237304687500e+02
3.224900000000000091e+02 7.420000000000000000e+02 3.296817321777343750e+02
3.228260000000000218e+02 1.380000000000000000e+03 3.296833190917968750e+02
3.231619999999999777e+02 2.222000000000000000e+03 3.296816101074218750e+02
3.234990000000000236e+02 2.290000000000000000e+03 3.296818542480468750e+02
3.238349999999999795e+02 2.257000000000000000e+03 3.296821899414062500e+02
3.241709999999999923e+02 1.651000000000000000e+03 3.296800231933593750e+02
3.245079999999999814e+02 1.419000000000000000e+03 3.296814575195312500e+02
3.248439999999999941e+02 1.512000000000000000e+03 3.296841430664062500e+02
3.251800000000000068e+02 1.163000000000000000e+03 3.296837768554687500e+02
3.255169999999999959e+02 7.540000000000000000e+02 3.296889038085937500e+02
3.258530000000000086e+02 7.630000000000000000e+02 3.296823120117187500e+02
3.261890000000000214e+02 4.290000000000000000e+02 3.296786804199218750e+02
3.265249999999999773e+02 4.410000000000000000e+02 3.296819763183593750e+02
3.268620000000000232e+02 2.870000000000000000e+02 3.296808166503906250e+02
3.271979999999999791e+02 3.850000000000000000e+02 3.296839904785156250e+02
3.275339999999999918e+02 2.230000000000000000e+02 3.296700134277343750e+02
3.278709999999999809e+02 2.180000000000000000e+02 3.296897888183593750e+02
3.282069999999999936e+02 1.230000000000000000e+02 3.296814575195312500e+02
3.285450000000000159e+02 1.270000000000000000e+02 3.296918640136718750e+02
3.288809999999999718e+02 1.410000000000000000e+02 3.296720886230468750e+02
