9.313920000000000528e+02 9.100000000000000000e+01 2.582515869140625000e+02
9.317340000000000373e+02 7.300000000000000000e+01 2.582466735839843750e+02
9.320700000000000500e+02 1.740000000000000000e+02 2.582514038085937500e+02
9.324059999999999491e+02 2.330000000000000000e+02 2.582561340332031250e+02
9.327419999999999618e+02 5.570000000000000000e+02 2.582510070800781250e+02
9.330779999999999745e+02 7.530000000000000000e+02 2.582540893554687500e+02
9.334139999999999873e+02 1.003000000000000000e+03 2.582523803710937500e+02
9.337500000000000000e+02 1.327000000000000000e+03 2.582520751953125000e+02
9.340860000000000127e+02 1.290000000000000000e+03 2.582538146972656250e+02
9.344220000000000255e+02 1.935000000000000000e+03 2.582517395019531250e+02
9.347580000000000382e+02 1.949000000000000000e+03 2.582522583007812500e+02
9.350940000000000509e+02 2.242000000000000000e+03 2.582518005371093750e+02
9.354299999999999500e+02 2.257000000000000000e+03 2.582520446777343750e+02
9.357720000000000482e+02 2.084000000000000000e+03 2.582524414062500000e+02
9.361079999999999472e+02 2.177000000000000000e+03 2.582503662109375000e+02
9.364439999999999600e+02 1.933000000000000000e+03 2.582511596679687500e+02
9.367799999999999727e+02 1.822000000000000000e+03 2.582522583007812500e+02
9.371159999999999854e+02 1.472000000000000000e+03 2.582511596679687500e+02
9.374519999999999982e+02 1.283000000000000000e+03 2.582517089843750000e+02
9.377880000000000109e+02 1.101000000000000000e+03 2.582540893554687500e+02
9.381240000000000236e+02 6.910000000000000000e+02 2.582545471191406250e+02
9.384600000000000364e+02 6.020000000000000000e+02 2.582507629394531250e+02
9.387960000000000491e+02 5.600000000000000000e+02 2.582524414062500000e+02
9.391319999999999482e+02 5.560000000000000000e+02 2.582526855468750000e+02
9.394679999999999609e+02 2.970000000000000000e+02 2.582495117187500000e+02
9.398039999999999736e+02 2.810000000000000000e+02 2.582480468750000000e+02
9.401399999999999864e+02 2.200000000000000000e+02 2.582485046386718750e+02
9.404759999999999991e+02 2.830000000000000000e+02 2.582515563964843750e+02
9.408120000000000118e+02 2.010000000000000000e+02 2.582569885253906250e+02
9.411480000000000246e+02 9.900000000000000000e+01 2.582468872070312500e+02
9.414900000000000091e+02 1.360000000000000000e+02 2.582469482421875000e+02
9.418200000000000500e+02 1.090000000000000000e+02 2.582530822753906250e+02
9.421620000000000346e+02 1.810000000000000000e+02 2.582503967285156250e+02
9.424980000000000473e+02 1.870000000000000000e+02 2.582565002441406250e+02
9.428339999999999463e+02 1.190000000000000000e+02 2.582645874023437500e+02
9.431699999999999591e+02 1.330000000000000000e+02 2.582472839355468750e+02
9.435059999999999718e+02 1.080000000000000000e+02 2.582454528808593750e+02
9.438419999999999845e+02 1.980000000000000000e+02 2.582508850097656250e+02
9.441779999999999973e+02 8.600000000000000000e+01 2.582402954101562500e+02
9.445140000000000100e+02 1.150000000000000000e+02 2.582536621093750000e+02
9.448500000000000227e+02 9.400000000000000000e+01 2.582434692382812500e+02
9.451860000000000355e+02 5.300000000000000000e+01 2.582564086914062500e+02
9.455220000000000482e+02 9.900000000000000000e+01 2.582544860839843750e+02
9.458579999999999472e+02 9.500000000000000000e+01 2.582650146484375000e+02
