6.847980000000000018e+02 4.150000000000000000e+02 4.973323364257812500e+02
6.851340000000000146e+02 4.970000000000000000e+02 4.973442687988281250e+02
6.854700000000000273e+02 9.550000000000000000e+02 4.973469848632812500e+02
6.858060000000000400e+02 1.253000000000000000e+03 4.973429565429687500e+02
6.861420000000000528e+02 1.428000000000000000e+03 4.973455200195312500e+02
6.864779999999999518e+02 1.762000000000000000e+03 4.973434753417968750e+02
6.868139999999999645e+02 2.148000000000000000e+03 4.973459472656250000e+02
6.871499999999999773e+02 1.958000000000000000e+03 4.973434143066406250e+02
6.874859999999999900e+02 1.804000000000000000e+03 4.973449707031250000e+02
6.878220000000000027e+02 1.641000000000000000e+03 4.973443603515625000e+02
6.881580000000000155e+02 1.519000000000000000e+03 4.973474426269531250e+02
6.884940000000000282e+02 1.239000000000000000e+03 4.973474426269531250e+02
6.888300000000000409e+02 1.219000000000000000e+03 4.973491210937500000e+02
6.891660000000000537e+02 8.380000000000000000e+02 4.973404235839843750e+02
6.895019999999999527e+02 7.470000000000000000e+02 4.973406372070312500e+02
6.898440000000000509e+02 7.460000000000000000e+02 4.973432006835937500e+02
6.901799999999999500e+02 4.770000000000000000e+02 4.973465881347656250e+02
6.905159999999999627e+02 3.600000000000000000e+02 4.973316345214843750e+02
6.908519999999999754e+02 4.430000000000000000e+02 4.973380737304687500e+02
6.911879999999999882e+02 1.590000000000000000e+02 4.973388366699218750e+02
6.915240000000000009e+02 1.520000000000000000e+02 4.973406677246093750e+02
6.918600000000000136e+02 1.000000000000000000e+02 4.973336791992187500e+02
