3.060029999999999859e+02 2.810000000000000000e+02 4.710904235839843750e+02
3.063399999999999750e+02 8.150000000000000000e+02 4.710953063964843750e+02
3.066759999999999877e+02 3.328000000000000000e+03 4.710935363769531250e+02
3.070129999999999768e+02 6.615000000000000000e+03 4.710945129394531250e+02
3.073500000000000227e+02 1.036500000000000000e+04 4.710934753417968750e+02
3.076859999999999786e+02 1.456900000000000000e+04 4.710936584472656250e+02
3.080219999999999914e+02 1.826700000000000000e+04 4.710923461914062500e+02
3.083600000000000136e+02 1.970000000000000000e+04 4.710934143066406250e+02
3.086970000000000027e+02 2.000100000000000000e+04 4.710928955078125000e+02
3.090330000000000155e+02 2.000900000000000000e+04 4.710928955078125000e+02
3.093690000000000282e+02 1.867600000000000000e+04 4.710950012207031250e+02
3.097060000000000173e+02 1.923100000000000000e+04 4.710915832519531250e+02
3.100430000000000064e+02 1.757600000000000000e+04 4.710907287597656250e+02
3.103790000000000191e+02 1.317700000000000000e+04 4.710933227539062500e+02
3.107149999999999750e+02 1.166900000000000000e+04 4.710943603515625000e+02
3.110520000000000209e+02 9.927000000000000000e+03 4.710947265625000000e+02
3.113879999999999768e+02 7.977000000000000000e+03 4.710938110351562500e+02
3.117239999999999895e+02 5.873000000000000000e+03 4.710924682617187500e+02
3.120609999999999786e+02 4.265000000000000000e+03 4.710938720703125000e+02
3.123969999999999914e+02 3.604000000000000000e+03 4.710957641601562500e+02
3.127330000000000041e+02 2.693000000000000000e+03 4.710951843261718750e+02
3.130699999999999932e+02 1.978000000000000000e+03 4.710971679687500000e+02
3.134060000000000059e+02 1.690000000000000000e+03 4.710930175781250000e+02
3.137420000000000186e+02 1.501000000000000000e+03 4.710931701660156250e+02
3.140779999999999745e+02 1.026000000000000000e+03 4.710968017578125000e+02
3.144150000000000205e+02 7.720000000000000000e+02 4.710928649902343750e+02
3.147509999999999764e+02 5.560000000000000000e+02 4.710973205566406250e+02
3.150869999999999891e+02 5.680000000000000000e+02 4.710920104980468750e+02
3.154239999999999782e+02 5.230000000000000000e+02 4.710881652832031250e+02
3.157599999999999909e+02 3.250000000000000000e+02 4.711075744628906250e+02
3.160960000000000036e+02 4.090000000000000000e+02 4.711098022460937500e+02
3.164329999999999927e+02 3.210000000000000000e+02 4.711034240722656250e+02
3.167690000000000055e+02 4.430000000000000000e+02 4.711095275878906250e+02
3.171050000000000182e+02 4.050000000000000000e+02 4.710964965820312500e+02
3.174420000000000073e+02 2.910000000000000000e+02 4.710988159179687500e+02
3.177780000000000200e+02 3.020000000000000000e+02 4.710913085937500000e+02
