1.566450000000000102e+02 2.430000000000000000e+02 1.440955047607421875e+02
1.569830000000000041e+02 2.700000000000000000e+02 1.440970001220703125e+02
1.573189999999999884e+02 4.140000000000000000e+02 1.440932464599609375e+02
1.576550000000000011e+02 4.050000000000000000e+02 1.440860900878906250e+02
1.579919999999999902e+02 7.470000000000000000e+02 1.440838775634765625e+02
1.583280000000000030e+02 9.540000000000000000e+02 1.440830535888671875e+02
1.586639999999999873e+02 9.920000000000000000e+02 1.440837097167968750e+02
1.590010000000000048e+02 1.247000000000000000e+03 1.440822296142578125e+02
1.593369999999999891e+02 1.371000000000000000e+03 1.440831909179687500e+02
1.596730000000000018e+02 1.420000000000000000e+03 1.440824279785156250e+02
1.600099999999999909e+02 1.617000000000000000e+03 1.440821990966796875e+02
1.603460000000000036e+02 1.407000000000000000e+03 1.440813903808593750e+02
1.606819999999999879e+02 1.202000000000000000e+03 1.440827178955078125e+02
1.610180000000000007e+02 1.010000000000000000e+03 1.440836486816406250e+02
1.613549999999999898e+02 7.640000000000000000e+02 1.440829162597656250e+02
1.616910000000000025e+02 7.150000000000000000e+02 1.440845184326171875e+02
1.620269999999999868e+02 6.230000000000000000e+02 1.440823059082031250e+02
1.623640000000000043e+02 5.180000000000000000e+02 1.440829467773437500e+02
1.626999999999999886e+02 3.670000000000000000e+02 1.440850982666015625e+02
1.630370000000000061e+02 4.030000000000000000e+02 1.440823974609375000e+02
1.633729999999999905e+02 3.260000000000000000e+02 1.440808563232421875e+02
1.637100000000000080e+02 2.110000000000000000e+02 1.440792694091796875e+02
1.640459999999999923e+02 1.580000000000000000e+02 1.440865936279296875e+02
1.643820000000000050e+02 1.980000000000000000e+02 1.440835418701171875e+02
1.647189999999999941e+02 1.340000000000000000e+02 1.440857086181640625e+02
1.650560000000000116e+02 5.700000000000000000e+01 1.440853576660156250e+02
1.653919999999999959e+02 9.200000000000000000e+01 1.440917663574218750e+02
1.657280000000000086e+02 6.300000000000000000e+01 1.440748138427734375e+02
1.660649999999999977e+02 1.180000000000000000e+02 1.440840759277343750e+02
1.664010000000000105e+02 1.370000000000000000e+02 1.440894775390625000e+02
1.667369999999999948e+02 1.600000000000000000e+02 1.440842742919921875e+02
