4.530100000000000193e+01 6.500000000000000000e+01 3.871822814941406250e+02
4.563799999999999812e+01 1.160000000000000000e+02 3.871800842285156250e+02
4.597599999999999909e+01 9.200000000000000000e+01 3.871832885742187500e+02
4.631199999999999761e+01 1.560000000000000000e+02 3.871897583007812500e+02
4.664800000000000324e+01 2.300000000000000000e+02 3.871857604980468750e+02
4.698400000000000176e+01 3.190000000000000000e+02 3.871837158203125000e+02
4.732099999999999795e+01 5.590000000000000000e+02 3.871901855468750000e+02
4.765699999999999648e+01 5.450000000000000000e+02 3.871854858398437500e+02
4.799300000000000210e+01 5.900000000000000000e+02 3.871795959472656250e+02
4.832999999999999829e+01 5.500000000000000000e+02 3.871846313476562500e+02
4.866599999999999682e+01 8.940000000000000000e+02 3.871864624023437500e+02
4.900200000000000244e+01 8.140000000000000000e+02 3.871854858398437500e+02
4.933899999999999864e+01 1.123000000000000000e+03 3.871858215332031250e+02
4.967499999999999716e+01 9.240000000000000000e+02 3.871880798339843750e+02
5.001100000000000279e+01 1.143000000000000000e+03 3.871838378906250000e+02
5.034700000000000131e+01 1.306000000000000000e+03 3.871842041015625000e+02
5.068399999999999750e+01 1.394000000000000000e+03 3.871874084472656250e+02
5.102000000000000313e+01 1.459000000000000000e+03 3.871805114746093750e+02
5.135600000000000165e+01 1.562000000000000000e+03 3.871824951171875000e+02
5.169299999999999784e+01 1.349000000000000000e+03 3.871828613281250000e+02
5.202900000000000347e+01 1.455000000000000000e+03 3.871854858398437500e+02
5.236500000000000199e+01 1.344000000000000000e+03 3.871853332519531250e+02
5.270199999999999818e+01 1.184000000000000000e+03 3.871872863769531250e+02
5.303799999999999670e+01 1.458000000000000000e+03 3.871851501464843750e+02
5.337500000000000000e+01 1.522000000000000000e+03 3.871830139160156250e+02
5.371099999999999852e+01 1.164000000000000000e+03 3.871874389648437500e+02
5.404699999999999704e+01 1.183000000000000000e+03 3.871832885742187500e+02
5.438400000000000034e+01 9.940000000000000000e+02 3.871807556152343750e+02
5.471999999999999886e+01 9.800000000000000000e+02 3.871820983886718750e+02
5.505599999999999739e+01 7.130000000000000000e+02 3.871896972656250000e+02
5.539300000000000068e+01 6.560000000000000000e+02 3.871854248046875000e+02
5.572899999999999920e+01 6.580000000000000000e+02 3.871843872070312500e+02
5.606700000000000017e+01 5.980000000000000000e+02 3.871813354492187500e+02
5.640299999999999869e+01 5.040000000000000000e+02 3.871840515136718750e+02
5.673899999999999721e+01 2.700000000000000000e+02 3.871800537109375000e+02
5.707600000000000051e+01 1.670000000000000000e+02 3.871907043457031250e+02
5.741199999999999903e+01 1.970000000000000000e+02 3.871849975585937500e+02
5.774799999999999756e+01 2.310000000000000000e+02 3.871853637695312500e+02
5.808500000000000085e+01 2.920000000000000000e+02 3.871745910644531250e+02
5.842099999999999937e+01 1.190000000000000000e+02 3.871791381835937500e+02
5.875699999999999790e+01 1.340000000000000000e+02 3.871842956542968750e+02
5.909400000000000119e+01 1.690000000000000000e+02 3.871701049804687500e+02
5.942999999999999972e+01 1.950000000000000000e+02 3.871805114746093750e+02
