4.721870000000000118e+02 3.770000000000000000e+02 4.891769104003906250e+02
4.725230000000000246e+02 8.260000000000000000e+02 4.891730041503906250e+02
4.728589999999999804e+02 4.710000000000000000e+02 4.891856994628906250e+02
4.731960000000000264e+02 6.230000000000000000e+02 4.891856994628906250e+02
4.735319999999999823e+02 8.380000000000000000e+02 4.891727294921875000e+02
4.738679999999999950e+02 7.290000000000000000e+02 4.891865844726562500e+02
4.742049999999999841e+02 9.630000000000000000e+02 4.891815490722656250e+02
4.745409999999999968e+02 6.940000000000000000e+02 4.891810913085937500e+02
4.748770000000000095e+02 4.950000000000000000e+02 4.891799926757812500e+02
4.752130000000000223e+02 3.540000000000000000e+02 4.891918029785156250e+02
4.755500000000000114e+02 3.550000000000000000e+02 4.891854858398437500e+02
4.758860000000000241e+02 2.910000000000000000e+02 4.891797485351562500e+02
4.762239999999999895e+02 2.050000000000000000e+02 4.891891174316406250e+02
4.765600000000000023e+02 2.040000000000000000e+02 4.891920471191406250e+02
4.768960000000000150e+02 2.130000000000000000e+02 4.891887512207031250e+02
