2.168739999999999952e+02 1.620000000000000000e+02 1.770699768066406250e+02
2.172100000000000080e+02 9.500000000000000000e+01 1.770610961914062500e+02
2.175459999999999923e+02 1.670000000000000000e+02 1.770535125732421875e+02
2.178820000000000050e+02 1.340000000000000000e+02 1.770574951171875000e+02
2.182189999999999941e+02 1.000000000000000000e+02 1.770598602294921875e+02
2.185550000000000068e+02 1.990000000000000000e+02 1.770504302978515625e+02
2.188909999999999911e+02 3.720000000000000000e+02 1.770525970458984375e+02
2.192280000000000086e+02 2.510000000000000000e+02 1.770534210205078125e+02
2.195639999999999930e+02 1.950000000000000000e+02 1.770614624023437500e+02
2.199000000000000057e+02 1.870000000000000000e+02 1.770582733154296875e+02
2.202369999999999948e+02 2.110000000000000000e+02 1.770530395507812500e+02
2.205730000000000075e+02 1.790000000000000000e+02 1.770596160888671875e+02
2.209089999999999918e+02 1.150000000000000000e+02 1.770614471435546875e+02
2.212450000000000045e+02 6.600000000000000000e+01 1.770676574707031250e+02
2.215819999999999936e+02 9.100000000000000000e+01 1.770490722656250000e+02
2.219180000000000064e+02 1.130000000000000000e+02 1.770550537109375000e+02
2.222539999999999907e+02 1.110000000000000000e+02 1.770724487304687500e+02
2.225910000000000082e+02 1.490000000000000000e+02 1.770561523437500000e+02
2.229269999999999925e+02 1.520000000000000000e+02 1.770489196777343750e+02
2.232630000000000052e+02 1.340000000000000000e+02 1.770437927246093750e+02
2.235999999999999943e+02 1.370000000000000000e+02 1.770476379394531250e+02
2.239370000000000118e+02 1.950000000000000000e+02 1.770457153320312500e+02
2.242740000000000009e+02 2.430000000000000000e+02 1.770449981689453125e+02
2.246100000000000136e+02 3.630000000000000000e+02 1.770502624511718750e+02
2.249459999999999980e+02 7.390000000000000000e+02 1.770515899658203125e+02
2.252829999999999870e+02 9.420000000000000000e+02 1.770529632568359375e+02
2.256189999999999998e+02 8.900000000000000000e+02 1.770529174804687500e+02
2.259550000000000125e+02 6.690000000000000000e+02 1.770496520996093750e+02
2.262909999999999968e+02 8.010000000000000000e+02 1.770507049560546875e+02
2.266279999999999859e+02 4.400000000000000000e+02 1.770476379394531250e+02
2.269639999999999986e+02 5.270000000000000000e+02 1.770525360107421875e+02
2.273000000000000114e+02 6.260000000000000000e+02 1.770514068603515625e+02
2.276370000000000005e+02 5.380000000000000000e+02 1.770520629882812500e+02
2.279730000000000132e+02 2.730000000000000000e+02 1.770589294433593750e+02
2.283089999999999975e+02 2.100000000000000000e+02 1.770497131347656250e+02
2.286459999999999866e+02 2.960000000000000000e+02 1.770529022216796875e+02
2.289819999999999993e+02 2.400000000000000000e+02 1.770525665283203125e+02
2.293180000000000121e+02 1.000000000000000000e+02 1.770595550537109375e+02
2.296550000000000011e+02 1.380000000000000000e+02 1.770495147705078125e+02
2.299910000000000139e+02 1.560000000000000000e+02 1.770526428222656250e+02
2.303280000000000030e+02 9.800000000000000000e+01 1.770667724609375000e+02
2.306649999999999920e+02 1.330000000000000000e+02 1.770525970458984375e+02
