2.663220000000000027e+02 1.110000000000000000e+02 4.501154479980468750e+02
2.666580000000000155e+02 2.450000000000000000e+02 4.501193542480468750e+02
2.669940000000000282e+02 1.850000000000000000e+02 4.501199951171875000e+02
2.673310000000000173e+02 2.090000000000000000e+02 4.501146240234375000e+02
2.676669999999999732e+02 2.160000000000000000e+02 4.501144714355468750e+02
2.680029999999999859e+02 1.560000000000000000e+02 4.501257324218750000e+02
2.683399999999999750e+02 3.230000000000000000e+02 4.501154174804687500e+02
2.686759999999999877e+02 3.340000000000000000e+02 4.501087341308593750e+02
2.690120000000000005e+02 6.090000000000000000e+02 4.501069030761718750e+02
2.693489999999999895e+02 6.000000000000000000e+02 4.501108398437500000e+02
2.696850000000000023e+02 8.660000000000000000e+02 4.501083679199218750e+02
2.700210000000000150e+02 8.780000000000000000e+02 4.501115417480468750e+02
2.703570000000000277e+02 9.320000000000000000e+02 4.501094665527343750e+02
2.706940000000000168e+02 7.040000000000000000e+02 4.501108398437500000e+02
2.710299999999999727e+02 4.170000000000000000e+02 4.501140747070312500e+02
2.713659999999999854e+02 4.050000000000000000e+02 4.501206359863281250e+02
2.717029999999999745e+02 5.230000000000000000e+02 4.501100158691406250e+02
