6.343200000000000500e+02 5.500000000000000000e+01 3.362636718750000000e+02
6.346559999999999491e+02 2.290000000000000000e+02 3.362575378417968750e+02
6.349980000000000473e+02 1.610000000000000000e+02 3.362503356933593750e+02
6.353339999999999463e+02 4.930000000000000000e+02 3.362581176757812500e+02
6.356699999999999591e+02 3.850000000000000000e+02 3.362550659179687500e+02
6.360059999999999718e+02 6.970000000000000000e+02 3.362597351074218750e+02
6.363419999999999845e+02 5.580000000000000000e+02 3.362603759765625000e+02
6.366779999999999973e+02 8.090000000000000000e+02 3.362581176757812500e+02
6.370140000000000100e+02 8.200000000000000000e+02 3.362624206542968750e+02
6.373500000000000227e+02 9.020000000000000000e+02 3.362595520019531250e+02
6.376860000000000355e+02 1.123000000000000000e+03 3.362573242187500000e+02
6.380220000000000482e+02 8.600000000000000000e+02 3.362605590820312500e+02
6.383579999999999472e+02 6.440000000000000000e+02 3.362627868652343750e+02
6.386939999999999600e+02 5.370000000000000000e+02 3.362597045898437500e+02
6.390299999999999727e+02 4.860000000000000000e+02 3.362593994140625000e+02
6.393719999999999573e+02 3.830000000000000000e+02 3.362535705566406250e+02
6.397079999999999700e+02 2.200000000000000000e+02 3.362576904296875000e+02
6.400439999999999827e+02 2.630000000000000000e+02 3.362572326660156250e+02
6.403799999999999955e+02 1.580000000000000000e+02 3.362503356933593750e+02
6.407160000000000082e+02 1.590000000000000000e+02 3.362689514160156250e+02
6.410520000000000209e+02 1.260000000000000000e+02 3.362657775878906250e+02
6.413880000000000337e+02 2.360000000000000000e+02 3.362565612792968750e+02
