4.247579999999999814e+02 3.400000000000000000e+01 6.290597534179687500e+02
4.250939999999999941e+02 1.390000000000000000e+02 6.290560913085937500e+02
4.254300000000000068e+02 2.030000000000000000e+02 6.290606689453125000e+02
4.257679999999999723e+02 4.730000000000000000e+02 6.290586547851562500e+02
4.261050000000000182e+02 5.470000000000000000e+02 6.290580444335937500e+02
4.264409999999999741e+02 7.190000000000000000e+02 6.290576171875000000e+02
4.267769999999999868e+02 8.790000000000000000e+02 6.290604248046875000e+02
4.271129999999999995e+02 8.940000000000000000e+02 6.290623779296875000e+02
4.274499999999999886e+02 7.600000000000000000e+02 6.290583496093750000e+02
4.277860000000000014e+02 6.500000000000000000e+02 6.290643920898437500e+02
4.281220000000000141e+02 7.780000000000000000e+02 6.290595703125000000e+02
4.284590000000000032e+02 3.270000000000000000e+02 6.290551757812500000e+02
4.287950000000000159e+02 3.710000000000000000e+02 6.290579223632812500e+02
4.291309999999999718e+02 2.630000000000000000e+02 6.290536499023437500e+02
4.294680000000000177e+02 7.700000000000000000e+01 6.290623779296875000e+02
4.298039999999999736e+02 9.000000000000000000e+01 6.290578613281250000e+02
