3.349449999999999932e+02 6.530000000000000000e+02 2.310481414794921875e+02
3.352819999999999823e+02 6.820000000000000000e+02 2.310488433837890625e+02
3.356179999999999950e+02 7.200000000000000000e+02 2.310552368164062500e+02
3.359540000000000077e+02 5.150000000000000000e+02 2.310549011230468750e+02
3.362909999999999968e+02 7.050000000000000000e+02 2.310513305664062500e+02
3.366270000000000095e+02 6.130000000000000000e+02 2.310500183105468750e+02
3.369630000000000223e+02 5.060000000000000000e+02 2.310531158447265625e+02
3.373000000000000114e+02 5.080000000000000000e+02 2.310548706054687500e+02
3.376360000000000241e+02 6.920000000000000000e+02 2.310482025146484375e+02
3.379719999999999800e+02 6.350000000000000000e+02 2.310488891601562500e+02
3.383079999999999927e+02 6.340000000000000000e+02 2.310489044189453125e+02
3.386449999999999818e+02 4.680000000000000000e+02 2.310537567138671875e+02
3.389809999999999945e+02 5.540000000000000000e+02 2.310484008789062500e+02
3.393170000000000073e+02 5.530000000000000000e+02 2.310520935058593750e+02
3.396539999999999964e+02 3.930000000000000000e+02 2.310468292236328125e+02
3.399900000000000091e+02 2.600000000000000000e+02 2.310547637939453125e+02
3.403269999999999982e+02 5.020000000000000000e+02 2.310550231933593750e+02
3.406639999999999873e+02 3.900000000000000000e+02 2.310507507324218750e+02
3.410000000000000000e+02 5.200000000000000000e+02 2.310508575439453125e+02
3.413360000000000127e+02 3.930000000000000000e+02 2.310491943359375000e+02
3.416730000000000018e+02 4.690000000000000000e+02 2.310514221191406250e+02
3.420090000000000146e+02 5.780000000000000000e+02 2.310483856201171875e+02
3.423450000000000273e+02 2.860000000000000000e+02 2.310609588623046875e+02
3.426820000000000164e+02 7.550000000000000000e+02 2.310471649169921875e+02
3.430179999999999723e+02 5.030000000000000000e+02 2.310491485595703125e+02
3.433539999999999850e+02 7.060000000000000000e+02 2.310501708984375000e+02
3.436909999999999741e+02 6.100000000000000000e+02 2.310518188476562500e+02
3.440269999999999868e+02 5.350000000000000000e+02 2.310548248291015625e+02
3.443629999999999995e+02 4.580000000000000000e+02 2.310565185546875000e+02
3.446990000000000123e+02 5.460000000000000000e+02 2.310530242919921875e+02
3.450369999999999777e+02 4.750000000000000000e+02 2.310485534667968750e+02
3.453740000000000236e+02 5.520000000000000000e+02 2.310528869628906250e+02
3.457099999999999795e+02 4.310000000000000000e+02 2.310500793457031250e+02
3.460459999999999923e+02 4.240000000000000000e+02 2.310530853271484375e+02
3.463820000000000050e+02 3.570000000000000000e+02 2.310586547851562500e+02
3.467189999999999941e+02 4.770000000000000000e+02 2.310500335693359375e+02
3.470550000000000068e+02 7.010000000000000000e+02 2.310472869873046875e+02
3.473910000000000196e+02 6.070000000000000000e+02 2.310451049804687500e+02
3.477280000000000086e+02 5.370000000000000000e+02 2.310531311035156250e+02
3.480640000000000214e+02 4.960000000000000000e+02 2.310555725097656250e+02
3.483999999999999773e+02 5.040000000000000000e+02 2.310480346679687500e+02
3.487370000000000232e+02 5.900000000000000000e+02 2.310518646240234375e+02
3.490729999999999791e+02 6.120000000000000000e+02 2.310542602539062500e+02
3.494089999999999918e+02 7.800000000000000000e+02 2.310528869628906250e+02
3.497459999999999809e+02 8.800000000000000000e+02 2.310547180175781250e+02
3.500819999999999936e+02 6.050000000000000000e+02 2.310503387451171875e+02
3.504180000000000064e+02 6.700000000000000000e+02 2.310458221435546875e+02
3.507549999999999955e+02 8.000000000000000000e+02 2.310499572753906250e+02
3.510910000000000082e+02 6.890000000000000000e+02 2.310539093017578125e+02
3.514270000000000209e+02 6.360000000000000000e+02 2.310521697998046875e+02
3.517629999999999768e+02 6.580000000000000000e+02 2.310510711669921875e+02
3.521000000000000227e+02 3.860000000000000000e+02 2.310594329833984375e+02
3.524359999999999786e+02 6.030000000000000000e+02 2.310515289306640625e+02
3.527719999999999914e+02 6.140000000000000000e+02 2.310517883300781250e+02
3.531089999999999804e+02 4.840000000000000000e+02 2.310547637939453125e+02
3.534449999999999932e+02 4.930000000000000000e+02 2.310531463623046875e+02
3.537810000000000059e+02 4.940000000000000000e+02 2.310540313720703125e+02
3.541179999999999950e+02 4.910000000000000000e+02 2.310483093261718750e+02
3.544540000000000077e+02 2.450000000000000000e+02 2.310572357177734375e+02
3.547900000000000205e+02 4.820000000000000000e+02 2.310485229492187500e+02
3.551279999999999859e+02 3.970000000000000000e+02 2.310478363037109375e+02
3.554649999999999750e+02 3.780000000000000000e+02 2.310511932373046875e+02
3.558009999999999877e+02 2.660000000000000000e+02 2.310627899169921875e+02
3.561370000000000005e+02 1.990000000000000000e+02 2.310576171875000000e+02
3.564739999999999895e+02 2.550000000000000000e+02 2.310591735839843750e+02
3.568100000000000023e+02 3.440000000000000000e+02 2.310514068603515625e+02
3.571469999999999914e+02 2.450000000000000000e+02 2.310617675781250000e+02
3.574830000000000041e+02 3.420000000000000000e+02 2.310484619140625000e+02
3.578190000000000168e+02 2.870000000000000000e+02 2.310584716796875000e+02
3.581560000000000059e+02 1.370000000000000000e+02 2.310701751708984375e+02
3.584920000000000186e+02 2.760000000000000000e+02 2.310618743896484375e+02
3.588279999999999745e+02 3.290000000000000000e+02 2.310547027587890625e+02
3.591650000000000205e+02 3.460000000000000000e+02 2.310659332275390625e+02
3.595009999999999764e+02 1.410000000000000000e+02 2.310726928710937500e+02
3.598369999999999891e+02 2.380000000000000000e+02 2.310674743652343750e+02
3.601730000000000018e+02 3.160000000000000000e+02 2.310591125488281250e+02
3.605099999999999909e+02 3.080000000000000000e+02 2.310592956542968750e+02
3.608460000000000036e+02 3.150000000000000000e+02 2.310565643310546875e+02
3.611820000000000164e+02 2.100000000000000000e+02 2.310635070800781250e+02
3.615190000000000055e+02 2.210000000000000000e+02 2.310659179687500000e+02
3.618550000000000182e+02 2.960000000000000000e+02 2.310642395019531250e+02
3.621909999999999741e+02 4.270000000000000000e+02 2.310495605468750000e+02
3.625280000000000200e+02 3.680000000000000000e+02 2.310505981445312500e+02
3.628639999999999759e+02 3.770000000000000000e+02 2.310499420166015625e+02
3.631999999999999886e+02 3.940000000000000000e+02 2.310522766113281250e+02
3.635360000000000014e+02 3.090000000000000000e+02 2.310514526367187500e+02
3.638729999999999905e+02 2.760000000000000000e+02 2.310531921386718750e+02
3.642090000000000032e+02 3.160000000000000000e+02 2.310537414550781250e+02
