2.653129999999999882e+02 2.580000000000000000e+02 2.440229339599609375e+02
2.656490000000000009e+02 1.160000000000000000e+02 2.440370635986328125e+02
2.659859999999999900e+02 6.150000000000000000e+02 2.440284881591796875e+02
2.663220000000000027e+02 6.390000000000000000e+02 2.440313873291015625e+02
2.666580000000000155e+02 8.460000000000000000e+02 2.440279541015625000e+02
2.669940000000000282e+02 6.160000000000000000e+02 2.440298767089843750e+02
2.673310000000000173e+02 4.650000000000000000e+02 2.440264434814453125e+02
2.676669999999999732e+02 6.510000000000000000e+02 2.440323944091796875e+02
2.680029999999999859e+02 5.160000000000000000e+02 2.440234375000000000e+02
2.683399999999999750e+02 5.650000000000000000e+02 2.440264587402343750e+02
2.686759999999999877e+02 4.070000000000000000e+02 2.440247344970703125e+02
2.690120000000000005e+02 2.220000000000000000e+02 2.440380249023437500e+02
2.693489999999999895e+02 2.570000000000000000e+02 2.440269775390625000e+02
2.696850000000000023e+02 1.310000000000000000e+02 2.440434722900390625e+02
2.700210000000000150e+02 2.220000000000000000e+02 2.440313720703125000e+02
2.703570000000000277e+02 1.190000000000000000e+02 2.440355834960937500e+02
