7.614779999999999518e+02 1.720000000000000000e+02 3.972181091308593750e+02
7.618139999999999645e+02 1.400000000000000000e+02 3.972212524414062500e+02
7.621499999999999773e+02 1.280000000000000000e+02 3.972210693359375000e+02
7.624859999999999900e+02 1.420000000000000000e+02 3.972184448242187500e+02
7.628220000000000027e+02 2.040000000000000000e+02 3.972307434082031250e+02
7.631580000000000155e+02 1.130000000000000000e+02 3.972394409179687500e+02
7.634940000000000282e+02 1.470000000000000000e+02 3.972394409179687500e+02
7.638300000000000409e+02 1.130000000000000000e+02 3.972397155761718750e+02
7.641720000000000255e+02 2.180000000000000000e+02 3.972180786132812500e+02
7.645080000000000382e+02 1.580000000000000000e+02 3.972283325195312500e+02
7.648440000000000509e+02 1.830000000000000000e+02 3.972258300781250000e+02
7.651799999999999500e+02 2.160000000000000000e+02 3.972335510253906250e+02
7.655159999999999627e+02 3.100000000000000000e+02 3.972376708984375000e+02
7.658519999999999754e+02 5.930000000000000000e+02 3.972339477539062500e+02
7.661879999999999882e+02 1.980000000000000000e+02 3.972360839843750000e+02
7.665240000000000009e+02 3.730000000000000000e+02 3.972227172851562500e+02
7.668600000000000136e+02 5.610000000000000000e+02 3.972303161621093750e+02
7.671960000000000264e+02 4.930000000000000000e+02 3.972376708984375000e+02
7.675320000000000391e+02 6.770000000000000000e+02 3.972366027832031250e+02
7.678680000000000518e+02 5.740000000000000000e+02 3.972292175292968750e+02
7.682039999999999509e+02 5.210000000000000000e+02 3.972284851074218750e+02
7.685399999999999636e+02 8.400000000000000000e+02 3.972292480468750000e+02
7.688819999999999482e+02 6.370000000000000000e+02 3.972294616699218750e+02
7.692179999999999609e+02 5.740000000000000000e+02 3.972424011230468750e+02
7.695539999999999736e+02 4.150000000000000000e+02 3.972393798828125000e+02
7.698899999999999864e+02 6.230000000000000000e+02 3.972280578613281250e+02
7.702259999999999991e+02 5.090000000000000000e+02 3.972326965332031250e+02
7.705620000000000118e+02 6.130000000000000000e+02 3.972361145019531250e+02
7.708980000000000246e+02 2.690000000000000000e+02 3.972297973632812500e+02
7.712340000000000373e+02 3.370000000000000000e+02 3.972261047363281250e+02
7.715700000000000500e+02 5.860000000000000000e+02 3.972320556640625000e+02
7.719059999999999491e+02 4.170000000000000000e+02 3.972266845703125000e+02
7.722419999999999618e+02 4.010000000000000000e+02 3.972271423339843750e+02
7.725779999999999745e+02 3.250000000000000000e+02 3.972261657714843750e+02
7.729139999999999873e+02 9.500000000000000000e+01 3.972478332519531250e+02
7.732500000000000000e+02 1.620000000000000000e+02 3.972304382324218750e+02
7.735860000000000127e+02 2.080000000000000000e+02 3.972328491210937500e+02
7.739220000000000255e+02 2.130000000000000000e+02 3.972282409667968750e+02
7.742580000000000382e+02 1.870000000000000000e+02 3.972301025390625000e+02
7.746000000000000227e+02 7.000000000000000000e+01 3.972394714355468750e+02
7.749360000000000355e+02 2.580000000000000000e+02 3.972337646484375000e+02
7.752720000000000482e+02 1.430000000000000000e+02 3.972159729003906250e+02
7.756079999999999472e+02 5.600000000000000000e+01 3.972224731445312500e+02
7.759439999999999600e+02 1.130000000000000000e+02 3.972188110351562500e+02
7.762799999999999727e+02 8.600000000000000000e+01 3.972371826171875000e+02
7.766159999999999854e+02 4.500000000000000000e+01 3.972264404296875000e+02
7.769519999999999982e+02 7.200000000000000000e+01 3.972249755859375000e+02
7.772880000000000109e+02 2.160000000000000000e+02 3.972281188964843750e+02
