7.486920000000000073e+02 1.490000000000000000e+02 2.451307525634765625e+02
7.490280000000000200e+02 2.160000000000000000e+02 2.451378479003906250e+02
7.493640000000000327e+02 3.060000000000000000e+02 2.451379241943359375e+02
7.497000000000000455e+02 3.500000000000000000e+02 2.451344604492187500e+02
7.500359999999999445e+02 5.440000000000000000e+02 2.451328125000000000e+02
7.503719999999999573e+02 5.810000000000000000e+02 2.451387939453125000e+02
7.507079999999999700e+02 6.310000000000000000e+02 2.451451568603515625e+02
7.510439999999999827e+02 8.300000000000000000e+02 2.451411132812500000e+02
7.513799999999999955e+02 6.700000000000000000e+02 2.451395721435546875e+02
7.517160000000000082e+02 6.000000000000000000e+02 2.451410369873046875e+02
7.520520000000000209e+02 6.420000000000000000e+02 2.451400909423828125e+02
7.523880000000000337e+02 3.760000000000000000e+02 2.451435394287109375e+02
7.527240000000000464e+02 3.790000000000000000e+02 2.451416015625000000e+02
7.530660000000000309e+02 5.370000000000000000e+02 2.451395111083984375e+02
7.533959999999999582e+02 5.070000000000000000e+02 2.451433410644531250e+02
7.537380000000000564e+02 3.340000000000000000e+02 2.451438140869140625e+02
7.540739999999999554e+02 2.750000000000000000e+02 2.451333160400390625e+02
7.544099999999999682e+02 2.250000000000000000e+02 2.451435546875000000e+02
7.547459999999999809e+02 1.260000000000000000e+02 2.451419677734375000e+02
7.550819999999999936e+02 1.260000000000000000e+02 2.451360321044921875e+02
7.554180000000000064e+02 9.400000000000000000e+01 2.451248168945312500e+02
7.557540000000000191e+02 1.810000000000000000e+02 2.451363983154296875e+02
