5.276889999999999645e+02 3.660000000000000000e+02 2.241122283935546875e+02
5.280249999999999773e+02 4.900000000000000000e+02 2.241062164306640625e+02
5.283609999999999900e+02 4.670000000000000000e+02 2.241081237792968750e+02
5.286979999999999791e+02 3.180000000000000000e+02 2.241067810058593750e+02
5.290349999999999682e+02 4.220000000000000000e+02 2.241057434082031250e+02
5.293709999999999809e+02 3.640000000000000000e+02 2.241010437011718750e+02
5.297079999999999700e+02 3.730000000000000000e+02 2.241108703613281250e+02
5.300439999999999827e+02 2.440000000000000000e+02 2.241008911132812500e+02
5.303799999999999955e+02 2.860000000000000000e+02 2.241027526855468750e+02
5.307169999999999845e+02 3.770000000000000000e+02 2.241002349853515625e+02
5.310529999999999973e+02 4.250000000000000000e+02 2.241024627685546875e+02
5.313899999999999864e+02 3.920000000000000000e+02 2.241087493896484375e+02
5.317259999999999991e+02 5.010000000000000000e+02 2.241072845458984375e+02
5.320620000000000118e+02 3.040000000000000000e+02 2.241049346923828125e+02
5.323990000000000009e+02 4.410000000000000000e+02 2.241033172607421875e+02
5.327350000000000136e+02 3.170000000000000000e+02 2.241054534912109375e+02
5.330720000000000027e+02 4.470000000000000000e+02 2.241091766357421875e+02
5.334080000000000155e+02 4.900000000000000000e+02 2.241069946289062500e+02
5.337440000000000282e+02 3.890000000000000000e+02 2.241066284179687500e+02
5.340800000000000409e+02 2.890000000000000000e+02 2.241022796630859375e+02
5.344170000000000300e+02 4.440000000000000000e+02 2.241057434082031250e+02
5.347530000000000427e+02 2.970000000000000000e+02 2.241099548339843750e+02
5.350890000000000555e+02 4.250000000000000000e+02 2.241061859130859375e+02
5.354260000000000446e+02 2.560000000000000000e+02 2.241044921875000000e+02
5.357619999999999436e+02 2.050000000000000000e+02 2.241038055419921875e+02
5.360979999999999563e+02 2.190000000000000000e+02 2.241104736328125000e+02
5.364349999999999454e+02 2.020000000000000000e+02 2.241040954589843750e+02
5.367720000000000482e+02 1.860000000000000000e+02 2.241109008789062500e+02
5.371090000000000373e+02 1.810000000000000000e+02 2.241060333251953125e+02
5.374450000000000500e+02 2.210000000000000000e+02 2.240974731445312500e+02
5.377809999999999491e+02 2.930000000000000000e+02 2.241067962646484375e+02
5.381180000000000518e+02 2.900000000000000000e+02 2.241060180664062500e+02
5.384539999999999509e+02 1.730000000000000000e+02 2.241055145263671875e+02
5.387899999999999636e+02 2.000000000000000000e+02 2.241074981689453125e+02
5.391269999999999527e+02 8.200000000000000000e+01 2.241120910644531250e+02
5.394629999999999654e+02 3.330000000000000000e+02 2.241086120605468750e+02
5.397989999999999782e+02 1.790000000000000000e+02 2.241031341552734375e+02
5.401359999999999673e+02 2.830000000000000000e+02 2.241068725585937500e+02
5.404719999999999800e+02 4.130000000000000000e+02 2.241098937988281250e+02
5.408079999999999927e+02 3.950000000000000000e+02 2.241080474853515625e+02
5.411440000000000055e+02 3.740000000000000000e+02 2.241093902587890625e+02
5.414809999999999945e+02 3.480000000000000000e+02 2.241105499267578125e+02
5.418170000000000073e+02 5.030000000000000000e+02 2.241066741943359375e+02
5.421530000000000200e+02 4.700000000000000000e+02 2.241054992675781250e+02
5.424900000000000091e+02 7.500000000000000000e+02 2.241044158935546875e+02
5.428260000000000218e+02 6.690000000000000000e+02 2.241023101806640625e+02
5.431620000000000346e+02 5.370000000000000000e+02 2.241040496826171875e+02
5.434990000000000236e+02 4.130000000000000000e+02 2.241046142578125000e+02
5.438350000000000364e+02 5.100000000000000000e+02 2.241035766601562500e+02
5.441710000000000491e+02 4.560000000000000000e+02 2.241062316894531250e+02
5.445080000000000382e+02 3.640000000000000000e+02 2.241055450439453125e+02
5.448450000000000273e+02 2.670000000000000000e+02 2.241101531982421875e+02
5.451810000000000400e+02 2.640000000000000000e+02 2.241029052734375000e+02
5.455170000000000528e+02 4.990000000000000000e+02 2.241040954589843750e+02
5.458540000000000418e+02 4.480000000000000000e+02 2.241027526855468750e+02
5.461900000000000546e+02 2.480000000000000000e+02 2.241073150634765625e+02
5.465259999999999536e+02 3.920000000000000000e+02 2.241046600341796875e+02
5.468640000000000327e+02 1.900000000000000000e+02 2.240976867675781250e+02
5.472000000000000455e+02 2.690000000000000000e+02 2.241025085449218750e+02
5.475370000000000346e+02 3.500000000000000000e+02 2.241019744873046875e+02
5.478730000000000473e+02 2.840000000000000000e+02 2.241034851074218750e+02
5.482089999999999463e+02 3.820000000000000000e+02 2.241051483154296875e+02
5.485449999999999591e+02 2.140000000000000000e+02 2.241032562255859375e+02
5.488819999999999482e+02 3.310000000000000000e+02 2.241027526855468750e+02
5.492179999999999609e+02 3.710000000000000000e+02 2.241064605712890625e+02
5.495539999999999736e+02 2.950000000000000000e+02 2.241079559326171875e+02
5.498909999999999627e+02 3.230000000000000000e+02 2.241016845703125000e+02
5.502269999999999754e+02 4.630000000000000000e+02 2.241038513183593750e+02
5.505629999999999882e+02 2.490000000000000000e+02 2.241081848144531250e+02
5.508999999999999773e+02 2.960000000000000000e+02 2.241076965332031250e+02
5.512359999999999900e+02 5.310000000000000000e+02 2.241063079833984375e+02
5.515720000000000027e+02 3.930000000000000000e+02 2.241041259765625000e+02
5.519080000000000155e+02 4.450000000000000000e+02 2.241057128906250000e+02
5.522450000000000045e+02 5.460000000000000000e+02 2.241077423095703125e+02
5.525810000000000173e+02 2.810000000000000000e+02 2.241044158935546875e+02
5.529170000000000300e+02 3.250000000000000000e+02 2.241042175292968750e+02
5.532540000000000191e+02 2.610000000000000000e+02 2.241053924560546875e+02
5.535900000000000318e+02 3.200000000000000000e+02 2.241105499267578125e+02
5.539260000000000446e+02 4.010000000000000000e+02 2.241096191406250000e+02
5.542630000000000337e+02 2.530000000000000000e+02 2.241119384765625000e+02
5.545990000000000464e+02 4.000000000000000000e+02 2.241093750000000000e+02
5.549349999999999454e+02 2.290000000000000000e+02 2.241139373779296875e+02
5.552720000000000482e+02 2.530000000000000000e+02 2.241136627197265625e+02
5.556079999999999472e+02 3.460000000000000000e+02 2.241094818115234375e+02
5.559439999999999600e+02 3.350000000000000000e+02 2.241024627685546875e+02
5.562799999999999727e+02 3.960000000000000000e+02 2.241071166992187500e+02
5.566169999999999618e+02 3.740000000000000000e+02 2.241032562255859375e+02
5.569550000000000409e+02 3.450000000000000000e+02 2.241032562255859375e+02
