5.643540000000000418e+02 6.500000000000000000e+01 4.372084045410156250e+02
5.646900000000000546e+02 1.210000000000000000e+02 4.372028503417968750e+02
5.650270000000000437e+02 3.000000000000000000e+02 4.371932678222656250e+02
5.653630000000000564e+02 3.550000000000000000e+02 4.371999816894531250e+02
5.656989999999999554e+02 3.840000000000000000e+02 4.371938476562500000e+02
5.660359999999999445e+02 4.490000000000000000e+02 4.371995544433593750e+02
5.663719999999999573e+02 6.330000000000000000e+02 4.371970825195312500e+02
5.667079999999999700e+02 7.040000000000000000e+02 4.371943969726562500e+02
5.670460000000000491e+02 6.040000000000000000e+02 4.371936645507812500e+02
5.673819999999999482e+02 6.030000000000000000e+02 4.371916809082031250e+02
5.677190000000000509e+02 4.100000000000000000e+02 4.372044677734375000e+02
5.680549999999999500e+02 5.880000000000000000e+02 4.371944885253906250e+02
5.683909999999999627e+02 3.070000000000000000e+02 4.372044677734375000e+02
5.687279999999999518e+02 2.440000000000000000e+02 4.371974487304687500e+02
5.690639999999999645e+02 1.240000000000000000e+02 4.372015991210937500e+02
5.693999999999999773e+02 1.890000000000000000e+02 4.371986083984375000e+02
5.697369999999999663e+02 1.860000000000000000e+02 4.372079467773437500e+02
5.700729999999999791e+02 6.600000000000000000e+01 4.371741333007812500e+02
