5.966470000000000482e+02 1.710000000000000000e+02 7.003471069335937500e+02
5.969840000000000373e+02 1.840000000000000000e+02 7.003635864257812500e+02
5.973210000000000264e+02 3.050000000000000000e+02 7.003648071289062500e+02
5.976580000000000155e+02 4.550000000000000000e+02 7.003584594726562500e+02
5.979940000000000282e+02 5.170000000000000000e+02 7.003596191406250000e+02
5.983300000000000409e+02 6.990000000000000000e+02 7.003662109375000000e+02
5.986670000000000300e+02 5.800000000000000000e+02 7.003560791015625000e+02
5.990030000000000427e+02 4.600000000000000000e+02 7.003499145507812500e+02
5.993390000000000555e+02 4.620000000000000000e+02 7.003524169921875000e+02
5.996749999999999545e+02 2.940000000000000000e+02 7.003592529296875000e+02
6.000119999999999436e+02 3.590000000000000000e+02 7.003507080078125000e+02
6.003479999999999563e+02 3.190000000000000000e+02 7.003569335937500000e+02
6.006839999999999691e+02 2.460000000000000000e+02 7.003543701171875000e+02
6.010199999999999818e+02 1.340000000000000000e+02 7.003571777343750000e+02
6.013559999999999945e+02 1.270000000000000000e+02 7.003559570312500000e+02
6.016920000000000073e+02 1.130000000000000000e+02 7.003604736328125000e+02
