3.820369999999999777e+02 1.690000000000000000e+02 2.611284484863281250e+02
3.823729999999999905e+02 2.130000000000000000e+02 2.611286010742187500e+02
3.827090000000000032e+02 4.210000000000000000e+02 2.611272583007812500e+02
3.830459999999999923e+02 4.070000000000000000e+02 2.611230468750000000e+02
3.833820000000000050e+02 5.890000000000000000e+02 2.611246337890625000e+02
3.837189999999999941e+02 5.850000000000000000e+02 2.611195678710937500e+02
3.840559999999999832e+02 6.230000000000000000e+02 2.611232604980468750e+02
3.843919999999999959e+02 5.760000000000000000e+02 2.611252746582031250e+02
3.847280000000000086e+02 6.380000000000000000e+02 2.611244506835937500e+02
3.850640000000000214e+02 6.140000000000000000e+02 2.611233825683593750e+02
3.854019999999999868e+02 6.660000000000000000e+02 2.611177978515625000e+02
3.857389999999999759e+02 4.480000000000000000e+02 2.611242980957031250e+02
3.860749999999999886e+02 5.300000000000000000e+02 2.611228942871093750e+02
3.864110000000000014e+02 2.960000000000000000e+02 2.611289367675781250e+02
3.867479999999999905e+02 4.080000000000000000e+02 2.611219482421875000e+02
3.870840000000000032e+02 2.650000000000000000e+02 2.611188354492187500e+02
3.874200000000000159e+02 2.790000000000000000e+02 2.611247253417968750e+02
3.877570000000000050e+02 2.430000000000000000e+02 2.611358642578125000e+02
3.880930000000000177e+02 1.990000000000000000e+02 2.611355285644531250e+02
3.884300000000000068e+02 2.160000000000000000e+02 2.611256713867187500e+02
3.887660000000000196e+02 2.320000000000000000e+02 2.611230773925781250e+02
3.891019999999999754e+02 1.460000000000000000e+02 2.611258239746093750e+02
