7.291799999999999500e+02 2.350000000000000000e+02 2.752030029296875000e+02
7.295159999999999627e+02 2.560000000000000000e+02 2.751977844238281250e+02
7.298519999999999754e+02 3.470000000000000000e+02 2.751951904296875000e+02
7.301879999999999882e+02 4.730000000000000000e+02 2.751930847167968750e+02
7.305240000000000009e+02 4.080000000000000000e+02 2.751908264160156250e+02
7.308600000000000136e+02 6.500000000000000000e+02 2.751982116699218750e+02
7.311960000000000264e+02 6.470000000000000000e+02 2.751964111328125000e+02
7.315320000000000391e+02 5.360000000000000000e+02 2.751972961425781250e+02
7.318680000000000518e+02 4.560000000000000000e+02 2.751940917968750000e+02
7.322100000000000364e+02 5.590000000000000000e+02 2.751913452148437500e+02
7.325460000000000491e+02 3.390000000000000000e+02 2.751957092285156250e+02
7.328819999999999482e+02 2.730000000000000000e+02 2.751949768066406250e+02
7.332179999999999609e+02 2.880000000000000000e+02 2.751977844238281250e+02
7.335539999999999736e+02 3.660000000000000000e+02 2.751937866210937500e+02
7.338899999999999864e+02 1.980000000000000000e+02 2.751942138671875000e+02
7.342259999999999991e+02 1.230000000000000000e+02 2.751808471679687500e+02
7.345620000000000118e+02 1.530000000000000000e+02 2.751945495605468750e+02
7.348980000000000246e+02 1.520000000000000000e+02 2.751982727050781250e+02
