3.080339999999999918e+02 3.960000000000000000e+02 4.491395263671875000e+02
3.083700000000000045e+02 3.840000000000000000e+02 4.491351623535156250e+02
3.087069999999999936e+02 4.710000000000000000e+02 4.491369628906250000e+02
3.090430000000000064e+02 5.110000000000000000e+02 4.491365051269531250e+02
3.093799999999999955e+02 3.810000000000000000e+02 4.491435852050781250e+02
3.097160000000000082e+02 6.450000000000000000e+02 4.491364440917968750e+02
3.100520000000000209e+02 4.770000000000000000e+02 4.491359252929687500e+02
3.103890000000000100e+02 4.700000000000000000e+02 4.491329956054687500e+02
3.107250000000000227e+02 2.680000000000000000e+02 4.491335449218750000e+02
3.110609999999999786e+02 3.560000000000000000e+02 4.491415100097656250e+02
3.113980000000000246e+02 2.710000000000000000e+02 4.491392822265625000e+02
3.117339999999999804e+02 2.160000000000000000e+02 4.491394653320312500e+02
3.120710000000000264e+02 1.420000000000000000e+02 4.491165771484375000e+02
3.124069999999999823e+02 1.710000000000000000e+02 4.491268920898437500e+02
3.127429999999999950e+02 1.820000000000000000e+02 4.491187744140625000e+02
3.130790000000000077e+02 1.170000000000000000e+02 4.491291503906250000e+02
3.134159999999999968e+02 1.260000000000000000e+02 4.491445617675781250e+02
