1.637249999999999943e+02 3.790000000000000000e+02 4.880098876953125000e+02
1.640610000000000070e+02 4.380000000000000000e+02 4.880085144042968750e+02
1.643979999999999961e+02 3.670000000000000000e+02 4.880213623046875000e+02
1.647340000000000089e+02 5.020000000000000000e+02 4.880150146484375000e+02
1.650699999999999932e+02 5.170000000000000000e+02 4.880131530761718750e+02
1.654070000000000107e+02 4.860000000000000000e+02 4.880200500488281250e+02
1.657439999999999998e+02 5.760000000000000000e+02 4.880139160156250000e+02
1.660800000000000125e+02 4.970000000000000000e+02 4.880243225097656250e+02
1.664159999999999968e+02 5.920000000000000000e+02 4.880206604003906250e+02
1.667529999999999859e+02 5.520000000000000000e+02 4.880109558105468750e+02
1.670889999999999986e+02 6.310000000000000000e+02 4.880185852050781250e+02
1.674259999999999877e+02 4.240000000000000000e+02 4.880134887695312500e+02
1.677620000000000005e+02 5.240000000000000000e+02 4.880195312500000000e+02
1.680980000000000132e+02 4.060000000000000000e+02 4.880167236328125000e+02
1.684350000000000023e+02 4.070000000000000000e+02 4.880152893066406250e+02
1.687709999999999866e+02 4.310000000000000000e+02 4.880126037597656250e+02
1.691069999999999993e+02 5.730000000000000000e+02 4.880105895996093750e+02
1.694439999999999884e+02 5.060000000000000000e+02 4.880094909667968750e+02
1.697800000000000011e+02 3.930000000000000000e+02 4.880183715820312500e+02
1.701160000000000139e+02 3.690000000000000000e+02 4.880162963867187500e+02
1.704530000000000030e+02 3.800000000000000000e+02 4.880198669433593750e+02
1.707889999999999873e+02 2.310000000000000000e+02 4.880204772949218750e+02
1.711250000000000000e+02 2.850000000000000000e+02 4.880233154296875000e+02
1.714610000000000127e+02 1.580000000000000000e+02 4.880119628906250000e+02
