1.549790000000000134e+02 1.850000000000000000e+02 1.460588226318359375e+02
1.553149999999999977e+02 2.590000000000000000e+02 1.460589447021484375e+02
1.556519999999999868e+02 4.770000000000000000e+02 1.460598144531250000e+02
1.559879999999999995e+02 6.390000000000000000e+02 1.460585327148437500e+02
1.563240000000000123e+02 1.081000000000000000e+03 1.460610351562500000e+02
1.566599999999999966e+02 1.167000000000000000e+03 1.460597076416015625e+02
1.569970000000000141e+02 2.381000000000000000e+03 1.460597839355468750e+02
1.573329999999999984e+02 2.518000000000000000e+03 1.460607910156250000e+02
1.576690000000000111e+02 3.791000000000000000e+03 1.460593566894531250e+02
1.580060000000000002e+02 3.542000000000000000e+03 1.460614318847656250e+02
1.583420000000000130e+02 4.641000000000000000e+03 1.460590057373046875e+02
1.586779999999999973e+02 4.897000000000000000e+03 1.460592041015625000e+02
1.590149999999999864e+02 5.555000000000000000e+03 1.460596466064453125e+02
1.593509999999999991e+02 5.162000000000000000e+03 1.460597839355468750e+02
1.596870000000000118e+02 4.728000000000000000e+03 1.460613708496093750e+02
1.600229999999999961e+02 5.042000000000000000e+03 1.460594787597656250e+02
1.603600000000000136e+02 3.964000000000000000e+03 1.460608978271484375e+02
1.606959999999999980e+02 4.064000000000000000e+03 1.460612640380859375e+02
1.610320000000000107e+02 3.952000000000000000e+03 1.460593414306640625e+02
1.613689999999999998e+02 3.233000000000000000e+03 1.460605621337890625e+02
1.617050000000000125e+02 2.197000000000000000e+03 1.460600128173828125e+02
1.620409999999999968e+02 2.273000000000000000e+03 1.460599365234375000e+02
1.623779999999999859e+02 1.691000000000000000e+03 1.460601348876953125e+02
1.627139999999999986e+02 1.486000000000000000e+03 1.460610351562500000e+02
1.630509999999999877e+02 1.255000000000000000e+03 1.460609588623046875e+02
1.633890000000000100e+02 1.065000000000000000e+03 1.460596618652343750e+02
1.637249999999999943e+02 6.470000000000000000e+02 1.460615081787109375e+02
1.640610000000000070e+02 4.900000000000000000e+02 1.460602722167968750e+02
1.643979999999999961e+02 6.010000000000000000e+02 1.460612335205078125e+02
1.647340000000000089e+02 5.510000000000000000e+02 1.460634460449218750e+02
1.650699999999999932e+02 5.200000000000000000e+02 1.460593109130859375e+02
1.654070000000000107e+02 5.200000000000000000e+02 1.460591125488281250e+02
1.657439999999999998e+02 5.100000000000000000e+02 1.460613708496093750e+02
1.660800000000000125e+02 4.700000000000000000e+02 1.460585937500000000e+02
1.664159999999999968e+02 4.180000000000000000e+02 1.460606689453125000e+02
1.667529999999999859e+02 6.390000000000000000e+02 1.460595245361328125e+02
1.670889999999999986e+02 4.200000000000000000e+02 1.460637359619140625e+02
1.674259999999999877e+02 5.150000000000000000e+02 1.460604553222656250e+02
1.677620000000000005e+02 6.290000000000000000e+02 1.460595855712890625e+02
1.680980000000000132e+02 7.350000000000000000e+02 1.460588684082031250e+02
1.684350000000000023e+02 5.110000000000000000e+02 1.460617828369140625e+02
1.687709999999999866e+02 5.060000000000000000e+02 1.460615386962890625e+02
1.691069999999999993e+02 6.920000000000000000e+02 1.460602722167968750e+02
1.694439999999999884e+02 6.410000000000000000e+02 1.460609741210937500e+02
1.697800000000000011e+02 4.830000000000000000e+02 1.460605926513671875e+02
1.701160000000000139e+02 4.600000000000000000e+02 1.460616607666015625e+02
1.704530000000000030e+02 5.230000000000000000e+02 1.460608367919921875e+02
1.707889999999999873e+02 3.800000000000000000e+02 1.460606536865234375e+02
1.711250000000000000e+02 4.120000000000000000e+02 1.460580902099609375e+02
1.714610000000000127e+02 3.400000000000000000e+02 1.460574951171875000e+02
1.717980000000000018e+02 3.550000000000000000e+02 1.460581207275390625e+02
1.721339999999999861e+02 2.450000000000000000e+02 1.460621948242187500e+02
1.724699999999999989e+02 1.990000000000000000e+02 1.460602264404296875e+02
1.728069999999999879e+02 3.310000000000000000e+02 1.460604553222656250e+02
1.731430000000000007e+02 2.650000000000000000e+02 1.460630645751953125e+02
1.734809999999999945e+02 2.380000000000000000e+02 1.460626678466796875e+02
