6.514800000000000182e+02 2.980000000000000000e+02 1.680470123291015625e+02
6.518160000000000309e+02 4.640000000000000000e+02 1.680441284179687500e+02
6.521520000000000437e+02 4.000000000000000000e+02 1.680428619384765625e+02
6.524880000000000564e+02 3.890000000000000000e+02 1.680428009033203125e+02
6.528239999999999554e+02 4.660000000000000000e+02 1.680421142578125000e+02
6.531599999999999682e+02 3.470000000000000000e+02 1.680482482910156250e+02
6.534959999999999809e+02 5.000000000000000000e+02 1.680447540283203125e+02
6.538319999999999936e+02 5.340000000000000000e+02 1.680451049804687500e+02
6.541680000000000064e+02 2.540000000000000000e+02 1.680469512939453125e+02
6.545040000000000191e+02 4.300000000000000000e+02 1.680423278808593750e+02
6.548400000000000318e+02 2.260000000000000000e+02 1.680436248779296875e+02
6.551760000000000446e+02 3.320000000000000000e+02 1.680453186035156250e+02
6.555119999999999436e+02 3.070000000000000000e+02 1.680442810058593750e+02
6.558479999999999563e+02 3.820000000000000000e+02 1.680451202392578125e+02
6.561900000000000546e+02 3.730000000000000000e+02 1.680447692871093750e+02
6.565259999999999536e+02 4.170000000000000000e+02 1.680453796386718750e+02
6.568619999999999663e+02 5.600000000000000000e+02 1.680453033447265625e+02
6.571979999999999791e+02 3.830000000000000000e+02 1.680450897216796875e+02
6.575339999999999918e+02 3.270000000000000000e+02 1.680440368652343750e+02
6.578700000000000045e+02 2.430000000000000000e+02 1.680478668212890625e+02
6.582060000000000173e+02 3.860000000000000000e+02 1.680457458496093750e+02
6.585420000000000300e+02 4.410000000000000000e+02 1.680451049804687500e+02
6.588780000000000427e+02 4.110000000000000000e+02 1.680431518554687500e+02
6.592140000000000555e+02 3.200000000000000000e+02 1.680428161621093750e+02
6.595499999999999545e+02 5.620000000000000000e+02 1.680452270507812500e+02
6.598859999999999673e+02 4.190000000000000000e+02 1.680442657470703125e+02
6.602219999999999800e+02 4.510000000000000000e+02 1.680425262451171875e+02
6.605579999999999927e+02 4.910000000000000000e+02 1.680435028076171875e+02
6.608940000000000055e+02 4.600000000000000000e+02 1.680434875488281250e+02
6.612359999999999900e+02 4.060000000000000000e+02 1.680466766357421875e+02
6.615660000000000309e+02 5.120000000000000000e+02 1.680429077148437500e+02
6.619020000000000437e+02 5.020000000000000000e+02 1.680419769287109375e+02
6.622440000000000282e+02 3.960000000000000000e+02 1.680434265136718750e+02
6.625800000000000409e+02 4.410000000000000000e+02 1.680446166992187500e+02
6.629160000000000537e+02 5.900000000000000000e+02 1.680455627441406250e+02
6.632519999999999527e+02 3.380000000000000000e+02 1.680440368652343750e+02
6.635879999999999654e+02 3.990000000000000000e+02 1.680450439453125000e+02
6.639239999999999782e+02 4.100000000000000000e+02 1.680480194091796875e+02
6.642599999999999909e+02 4.250000000000000000e+02 1.680440368652343750e+02
6.645960000000000036e+02 4.380000000000000000e+02 1.680499420166015625e+02
6.649320000000000164e+02 2.240000000000000000e+02 1.680441436767578125e+02
6.652680000000000291e+02 4.210000000000000000e+02 1.680427703857421875e+02
6.656040000000000418e+02 4.170000000000000000e+02 1.680473327636718750e+02
6.659400000000000546e+02 3.750000000000000000e+02 1.680453338623046875e+02
6.662759999999999536e+02 6.080000000000000000e+02 1.680422363281250000e+02
6.666119999999999663e+02 4.410000000000000000e+02 1.680431213378906250e+02
6.669479999999999791e+02 4.370000000000000000e+02 1.680443420410156250e+02
6.672839999999999918e+02 5.000000000000000000e+02 1.680409088134765625e+02
6.676200000000000045e+02 2.470000000000000000e+02 1.680442199707031250e+02
6.679619999999999891e+02 3.140000000000000000e+02 1.680431671142578125e+02
6.682980000000000018e+02 3.300000000000000000e+02 1.680436096191406250e+02
6.686340000000000146e+02 3.230000000000000000e+02 1.680435943603515625e+02
6.689700000000000273e+02 3.670000000000000000e+02 1.680431518554687500e+02
6.693060000000000400e+02 3.340000000000000000e+02 1.680421295166015625e+02
6.696420000000000528e+02 2.970000000000000000e+02 1.680435638427734375e+02
6.699779999999999518e+02 4.580000000000000000e+02 1.680442504882812500e+02
6.703139999999999645e+02 5.590000000000000000e+02 1.680442199707031250e+02
6.706499999999999773e+02 4.400000000000000000e+02 1.680462493896484375e+02
6.709859999999999900e+02 5.380000000000000000e+02 1.680421447753906250e+02
6.713220000000000027e+02 2.970000000000000000e+02 1.680412902832031250e+02
6.716580000000000155e+02 5.690000000000000000e+02 1.680435791015625000e+02
6.719940000000000282e+02 2.670000000000000000e+02 1.680424804687500000e+02
6.723300000000000409e+02 4.120000000000000000e+02 1.680446014404296875e+02
6.726720000000000255e+02 4.130000000000000000e+02 1.680439300537109375e+02
6.730019999999999527e+02 3.440000000000000000e+02 1.680484008789062500e+02
6.733440000000000509e+02 4.220000000000000000e+02 1.680488739013671875e+02
6.736799999999999500e+02 3.310000000000000000e+02 1.680422210693359375e+02
6.740159999999999627e+02 3.800000000000000000e+02 1.680435485839843750e+02
6.743519999999999754e+02 3.240000000000000000e+02 1.680452880859375000e+02
6.746879999999999882e+02 3.530000000000000000e+02 1.680461120605468750e+02
6.750240000000000009e+02 3.020000000000000000e+02 1.680406646728515625e+02
6.753600000000000136e+02 3.290000000000000000e+02 1.680425109863281250e+02
6.756960000000000264e+02 5.330000000000000000e+02 1.680434112548828125e+02
6.760320000000000391e+02 3.550000000000000000e+02 1.680423431396484375e+02
6.763680000000000518e+02 4.560000000000000000e+02 1.680446624755859375e+02
6.767039999999999509e+02 4.580000000000000000e+02 1.680427398681640625e+02
6.770399999999999636e+02 4.020000000000000000e+02 1.680426483154296875e+02
6.773759999999999764e+02 3.950000000000000000e+02 1.680466003417968750e+02
6.777119999999999891e+02 4.100000000000000000e+02 1.680430755615234375e+02
6.780539999999999736e+02 5.170000000000000000e+02 1.680448150634765625e+02
6.783899999999999864e+02 4.670000000000000000e+02 1.680456848144531250e+02
6.787259999999999991e+02 3.870000000000000000e+02 1.680446624755859375e+02
6.790620000000000118e+02 3.330000000000000000e+02 1.680400848388671875e+02
6.793980000000000246e+02 3.890000000000000000e+02 1.680416412353515625e+02
6.797340000000000373e+02 4.030000000000000000e+02 1.680431060791015625e+02
6.800700000000000500e+02 4.610000000000000000e+02 1.680466461181640625e+02
6.804059999999999491e+02 3.190000000000000000e+02 1.680425567626953125e+02
6.807419999999999618e+02 4.870000000000000000e+02 1.680439147949218750e+02
