1.563240000000000123e+02 1.840000000000000000e+02 1.590842895507812500e+02
1.566599999999999966e+02 1.800000000000000000e+02 1.590885925292968750e+02
1.569970000000000141e+02 4.290000000000000000e+02 1.590921325683593750e+02
1.573329999999999984e+02 2.750000000000000000e+02 1.590939788818359375e+02
1.576690000000000111e+02 3.180000000000000000e+02 1.590900878906250000e+02
1.580060000000000002e+02 4.000000000000000000e+02 1.590893249511718750e+02
1.583420000000000130e+02 2.540000000000000000e+02 1.590889434814453125e+02
1.586779999999999973e+02 5.030000000000000000e+02 1.590909118652343750e+02
1.590149999999999864e+02 4.560000000000000000e+02 1.590914306640625000e+02
1.593509999999999991e+02 5.490000000000000000e+02 1.590912780761718750e+02
1.596870000000000118e+02 4.680000000000000000e+02 1.590895538330078125e+02
1.600229999999999961e+02 5.510000000000000000e+02 1.590890808105468750e+02
1.603600000000000136e+02 5.730000000000000000e+02 1.590892028808593750e+02
1.606959999999999980e+02 3.240000000000000000e+02 1.590903320312500000e+02
1.610320000000000107e+02 5.990000000000000000e+02 1.590917968750000000e+02
1.613689999999999998e+02 4.280000000000000000e+02 1.590896453857421875e+02
1.617050000000000125e+02 3.040000000000000000e+02 1.590957794189453125e+02
1.620409999999999968e+02 2.290000000000000000e+02 1.590875244140625000e+02
1.623779999999999859e+02 1.860000000000000000e+02 1.590869140625000000e+02
1.627139999999999986e+02 1.880000000000000000e+02 1.590902862548828125e+02
1.630509999999999877e+02 1.090000000000000000e+02 1.590890502929687500e+02
