7.480140000000000100e+02 2.200000000000000000e+01 1.661150512695312500e+02
7.483500000000000227e+02 2.600000000000000000e+01 1.661017608642578125e+02
7.486920000000000073e+02 6.600000000000000000e+01 1.660946502685546875e+02
7.490280000000000200e+02 3.800000000000000000e+01 1.660922088623046875e+02
7.493640000000000327e+02 1.840000000000000000e+02 1.661025543212890625e+02
7.497000000000000455e+02 1.780000000000000000e+02 1.661058502197265625e+02
7.500359999999999445e+02 1.850000000000000000e+02 1.661020355224609375e+02
7.503719999999999573e+02 1.720000000000000000e+02 1.660994873046875000e+02
7.507079999999999700e+02 2.360000000000000000e+02 1.660984497070312500e+02
7.510439999999999827e+02 3.120000000000000000e+02 1.661021728515625000e+02
7.513799999999999955e+02 2.230000000000000000e+02 1.661063995361328125e+02
7.517160000000000082e+02 5.980000000000000000e+02 1.660969543457031250e+02
7.520520000000000209e+02 3.270000000000000000e+02 1.660993499755859375e+02
7.523880000000000337e+02 2.790000000000000000e+02 1.660940093994140625e+02
7.527240000000000464e+02 2.010000000000000000e+02 1.661005401611328125e+02
7.530660000000000309e+02 2.330000000000000000e+02 1.661063079833984375e+02
7.533959999999999582e+02 2.680000000000000000e+02 1.660986785888671875e+02
7.537380000000000564e+02 1.460000000000000000e+02 1.661003112792968750e+02
7.540739999999999554e+02 1.030000000000000000e+02 1.660959625244140625e+02
7.544099999999999682e+02 1.530000000000000000e+02 1.660956726074218750e+02
7.547459999999999809e+02 7.600000000000000000e+01 1.661040802001953125e+02
7.550819999999999936e+02 1.500000000000000000e+02 1.660995483398437500e+02
