1.872719999999999914e+02 2.340000000000000000e+02 3.031418762207031250e+02
1.876080000000000041e+02 1.590000000000000000e+02 3.031329345703125000e+02
1.879439999999999884e+02 1.760000000000000000e+02 3.031430358886718750e+02
1.882810000000000059e+02 4.120000000000000000e+02 3.031342773437500000e+02
1.886169999999999902e+02 3.180000000000000000e+02 3.031329040527343750e+02
1.889530000000000030e+02 4.260000000000000000e+02 3.031317138671875000e+02
1.892889999999999873e+02 5.430000000000000000e+02 3.031383972167968750e+02
1.896260000000000048e+02 4.500000000000000000e+02 3.031355895996093750e+02
1.899619999999999891e+02 5.920000000000000000e+02 3.031360778808593750e+02
1.902980000000000018e+02 5.410000000000000000e+02 3.031342773437500000e+02
1.906349999999999909e+02 3.060000000000000000e+02 3.031327209472656250e+02
1.909710000000000036e+02 2.320000000000000000e+02 3.031408996582031250e+02
1.913069999999999879e+02 2.670000000000000000e+02 3.031326599121093750e+02
1.916430000000000007e+02 2.550000000000000000e+02 3.031231689453125000e+02
1.919799999999999898e+02 4.070000000000000000e+02 3.031365051269531250e+02
