2.412399999999999878e+01 1.310000000000000000e+02 3.458973083496093750e+02
2.446000000000000085e+01 1.330000000000000000e+02 3.458820495605468750e+02
2.479599999999999937e+01 1.630000000000000000e+02 3.458857727050781250e+02
2.513299999999999912e+01 2.610000000000000000e+02 3.458784484863281250e+02
2.546900000000000119e+01 3.110000000000000000e+02 3.458888854980468750e+02
2.580600000000000094e+01 2.300000000000000000e+02 3.458906555175781250e+02
2.614199999999999946e+01 3.720000000000000000e+02 3.458789367675781250e+02
2.647899999999999920e+01 5.850000000000000000e+02 3.458814392089843750e+02
2.681500000000000128e+01 5.700000000000000000e+02 3.458922729492187500e+02
2.715099999999999980e+01 5.340000000000000000e+02 3.458975524902343750e+02
2.748799999999999955e+01 2.770000000000000000e+02 3.458967285156250000e+02
