7.121580000000000155e+01 6.080000000000000000e+02 3.350327148437500000e+02
7.155180000000000007e+01 3.640000000000000000e+02 3.350258483886718750e+02
7.188899999999999579e+01 4.510000000000000000e+02 3.350295410156250000e+02
7.222499999999999432e+01 3.410000000000000000e+02 3.350250244140625000e+02
7.256279999999999575e+01 5.430000000000000000e+02 3.350298461914062500e+02
7.289879999999999427e+01 3.360000000000000000e+02 3.350268249511718750e+02
7.323600000000000421e+01 4.520000000000000000e+02 3.350274047851562500e+02
7.357319999999999993e+01 4.520000000000000000e+02 3.350302429199218750e+02
7.390919999999999845e+01 4.480000000000000000e+02 3.350231628417968750e+02
7.424519999999999698e+01 4.080000000000000000e+02 3.350280761718750000e+02
7.458180000000000121e+01 3.720000000000000000e+02 3.350254211425781250e+02
7.491779999999999973e+01 3.550000000000000000e+02 3.350256347656250000e+02
7.525379999999999825e+01 3.300000000000000000e+02 3.350324096679687500e+02
7.559099999999999397e+01 5.800000000000000000e+02 3.350189819335937500e+02
