3.823729999999999905e+02 8.200000000000000000e+01 5.892413330078125000e+02
3.827090000000000032e+02 1.230000000000000000e+02 5.892534179687500000e+02
3.830459999999999923e+02 1.230000000000000000e+02 5.892475585937500000e+02
3.833820000000000050e+02 2.580000000000000000e+02 5.892399291992187500e+02
3.837189999999999941e+02 2.900000000000000000e+02 5.892348022460937500e+02
3.840559999999999832e+02 4.080000000000000000e+02 5.892341308593750000e+02
3.843919999999999959e+02 5.730000000000000000e+02 5.892412109375000000e+02
3.847280000000000086e+02 5.030000000000000000e+02 5.892460327148437500e+02
3.850640000000000214e+02 4.000000000000000000e+02 5.892459106445312500e+02
3.854019999999999868e+02 3.330000000000000000e+02 5.892340698242187500e+02
3.857389999999999759e+02 2.520000000000000000e+02 5.892291870117187500e+02
3.860749999999999886e+02 2.660000000000000000e+02 5.892271118164062500e+02
3.864110000000000014e+02 2.240000000000000000e+02 5.892349853515625000e+02
