3.803550000000000182e+02 3.000000000000000000e+01 2.981095886230468750e+02
3.806920000000000073e+02 7.000000000000000000e+01 2.981062011718750000e+02
3.810280000000000200e+02 3.700000000000000000e+01 2.981054687500000000e+02
3.813639999999999759e+02 8.200000000000000000e+01 2.981109924316406250e+02
3.817010000000000218e+02 2.130000000000000000e+02 2.981248779296875000e+02
3.820369999999999777e+02 2.390000000000000000e+02 2.981223754882812500e+02
3.823729999999999905e+02 7.650000000000000000e+02 2.981247253417968750e+02
3.827090000000000032e+02 1.061000000000000000e+03 2.981219177246093750e+02
3.830459999999999923e+02 1.906000000000000000e+03 2.981218261718750000e+02
3.833820000000000050e+02 3.459000000000000000e+03 2.981215209960937500e+02
3.837189999999999941e+02 4.089000000000000000e+03 2.981219482421875000e+02
3.840559999999999832e+02 4.877000000000000000e+03 2.981235656738281250e+02
3.843919999999999959e+02 5.128000000000000000e+03 2.981226196289062500e+02
3.847280000000000086e+02 5.141000000000000000e+03 2.981253051757812500e+02
3.850640000000000214e+02 4.311000000000000000e+03 2.981219787597656250e+02
3.854019999999999868e+02 4.435000000000000000e+03 2.981210632324218750e+02
3.857389999999999759e+02 3.025000000000000000e+03 2.981226501464843750e+02
3.860749999999999886e+02 2.485000000000000000e+03 2.981232299804687500e+02
3.864110000000000014e+02 2.052000000000000000e+03 2.981217346191406250e+02
3.867479999999999905e+02 1.164000000000000000e+03 2.981222229003906250e+02
3.870840000000000032e+02 9.250000000000000000e+02 2.981232910156250000e+02
3.874200000000000159e+02 6.820000000000000000e+02 2.981235351562500000e+02
3.877570000000000050e+02 5.020000000000000000e+02 2.981234741210937500e+02
3.880930000000000177e+02 3.340000000000000000e+02 2.981259460449218750e+02
3.884300000000000068e+02 2.700000000000000000e+02 2.981299743652343750e+02
3.887660000000000196e+02 1.390000000000000000e+02 2.981127929687500000e+02
3.891019999999999754e+02 1.770000000000000000e+02 2.981193237304687500e+02
3.894390000000000214e+02 9.200000000000000000e+01 2.981216430664062500e+02
3.897749999999999773e+02 1.380000000000000000e+02 2.981279602050781250e+02
