7.357319999999999993e+01 1.670000000000000000e+02 1.640612335205078125e+02
7.390919999999999845e+01 5.600000000000000000e+01 1.640505371093750000e+02
7.424519999999999698e+01 8.100000000000000000e+01 1.640655212402343750e+02
7.458180000000000121e+01 1.070000000000000000e+02 1.640516052246093750e+02
7.491779999999999973e+01 3.080000000000000000e+02 1.640627899169921875e+02
7.525379999999999825e+01 2.470000000000000000e+02 1.640646362304687500e+02
7.559099999999999397e+01 2.070000000000000000e+02 1.640681915283203125e+02
7.592700000000000671e+01 4.340000000000000000e+02 1.640661621093750000e+02
7.626300000000000523e+01 2.960000000000000000e+02 1.640682678222656250e+02
7.659900000000000375e+01 2.290000000000000000e+02 1.640636291503906250e+02
7.693619999999999948e+01 2.670000000000000000e+02 1.640648651123046875e+02
7.727219999999999800e+01 5.340000000000000000e+02 1.640649566650390625e+02
7.760819999999999652e+01 4.240000000000000000e+02 1.640687866210937500e+02
7.794480000000000075e+01 3.790000000000000000e+02 1.640675659179687500e+02
7.828079999999999927e+01 3.030000000000000000e+02 1.640636444091796875e+02
7.861679999999999779e+01 4.750000000000000000e+02 1.640619964599609375e+02
7.895399999999999352e+01 2.520000000000000000e+02 1.640645446777343750e+02
7.929000000000000625e+01 3.770000000000000000e+02 1.640602874755859375e+02
7.962600000000000477e+01 3.760000000000000000e+02 1.640673217773437500e+02
7.996200000000000330e+01 3.670000000000000000e+02 1.640619049072265625e+02
8.029919999999999902e+01 3.310000000000000000e+02 1.640664215087890625e+02
8.063519999999999754e+01 2.610000000000000000e+02 1.640663299560546875e+02
8.097119999999999607e+01 4.190000000000000000e+02 1.640662994384765625e+02
8.130780000000000030e+01 3.090000000000000000e+02 1.640630035400390625e+02
8.164379999999999882e+01 2.520000000000000000e+02 1.640687408447265625e+02
8.197979999999999734e+01 3.830000000000000000e+02 1.640662078857421875e+02
8.231579999999999586e+01 2.880000000000000000e+02 1.640667114257812500e+02
8.265420000000000300e+01 2.560000000000000000e+02 1.640680541992187500e+02
8.299079999999999302e+01 1.480000000000000000e+02 1.640618438720703125e+02
8.332680000000000575e+01 1.910000000000000000e+02 1.640686645507812500e+02
8.366280000000000427e+01 2.150000000000000000e+02 1.640629272460937500e+02
8.400000000000000000e+01 1.240000000000000000e+02 1.640671691894531250e+02
8.433599999999999852e+01 9.700000000000000000e+01 1.640648803710937500e+02
8.467199999999999704e+01 9.100000000000000000e+01 1.640650024414062500e+02
8.500799999999999557e+01 1.010000000000000000e+02 1.640496368408203125e+02
8.534520000000000550e+01 1.760000000000000000e+02 1.640607452392578125e+02
8.568120000000000402e+01 1.830000000000000000e+02 1.640596313476562500e+02
