3.118700000000000117e+01 1.720000000000000000e+02 1.729762268066406250e+02
3.152299999999999969e+01 1.850000000000000000e+02 1.729928588867187500e+02
3.185900000000000176e+01 5.150000000000000000e+02 1.729833068847656250e+02
3.219700000000000273e+01 5.270000000000000000e+02 1.729825439453125000e+02
3.253399999999999892e+01 7.180000000000000000e+02 1.729817962646484375e+02
3.286999999999999744e+01 7.450000000000000000e+02 1.729809265136718750e+02
3.320600000000000307e+01 7.150000000000000000e+02 1.729813537597656250e+02
3.354200000000000159e+01 8.110000000000000000e+02 1.729817047119140625e+02
3.387899999999999778e+01 3.880000000000000000e+02 1.729845123291015625e+02
3.421500000000000341e+01 5.970000000000000000e+02 1.729813995361328125e+02
3.455100000000000193e+01 7.070000000000000000e+02 1.729791107177734375e+02
3.488799999999999812e+01 1.085000000000000000e+03 1.729786529541015625e+02
3.522399999999999665e+01 1.193000000000000000e+03 1.729770202636718750e+02
3.556000000000000227e+01 1.711000000000000000e+03 1.729780883789062500e+02
3.589699999999999847e+01 2.170000000000000000e+03 1.729762420654296875e+02
3.623299999999999699e+01 1.969000000000000000e+03 1.729753265380859375e+02
3.656900000000000261e+01 2.403000000000000000e+03 1.729754943847656250e+02
3.690500000000000114e+01 2.180000000000000000e+03 1.729748687744140625e+02
3.724199999999999733e+01 2.206000000000000000e+03 1.729773406982421875e+02
3.757800000000000296e+01 2.493000000000000000e+03 1.729747619628906250e+02
3.791400000000000148e+01 2.634000000000000000e+03 1.729742584228515625e+02
3.825099999999999767e+01 2.172000000000000000e+03 1.729763031005859375e+02
3.858700000000000330e+01 2.125000000000000000e+03 1.729756469726562500e+02
3.892300000000000182e+01 2.042000000000000000e+03 1.729759216308593750e+02
3.925999999999999801e+01 1.868000000000000000e+03 1.729785919189453125e+02
3.959599999999999653e+01 1.800000000000000000e+03 1.729758148193359375e+02
3.993200000000000216e+01 1.679000000000000000e+03 1.729796447753906250e+02
4.026899999999999835e+01 1.760000000000000000e+03 1.729763031005859375e+02
4.060499999999999687e+01 1.641000000000000000e+03 1.729759368896484375e+02
4.094100000000000250e+01 1.575000000000000000e+03 1.729753112792968750e+02
4.127799999999999869e+01 1.325000000000000000e+03 1.729760284423828125e+02
4.161399999999999721e+01 1.752000000000000000e+03 1.729752349853515625e+02
4.195100000000000051e+01 1.337000000000000000e+03 1.729766998291015625e+02
4.228900000000000148e+01 1.641000000000000000e+03 1.729749755859375000e+02
4.262500000000000000e+01 1.293000000000000000e+03 1.729778747558593750e+02
4.296200000000000330e+01 1.039000000000000000e+03 1.729759521484375000e+02
4.329800000000000182e+01 6.370000000000000000e+02 1.729794921875000000e+02
4.363400000000000034e+01 6.210000000000000000e+02 1.729748077392578125e+02
