3.571469999999999914e+02 2.450000000000000000e+02 6.012643432617187500e+02
3.574830000000000041e+02 5.700000000000000000e+02 6.012682495117187500e+02
3.578190000000000168e+02 1.090000000000000000e+03 6.012661743164062500e+02
3.581560000000000059e+02 1.799000000000000000e+03 6.012662353515625000e+02
3.584920000000000186e+02 2.545000000000000000e+03 6.012637939453125000e+02
3.588279999999999745e+02 3.464000000000000000e+03 6.012644653320312500e+02
3.591650000000000205e+02 4.058000000000000000e+03 6.012626953125000000e+02
3.595009999999999764e+02 4.489000000000000000e+03 6.012626953125000000e+02
3.598369999999999891e+02 4.204000000000000000e+03 6.012619628906250000e+02
3.601730000000000018e+02 3.741000000000000000e+03 6.012620849609375000e+02
3.605099999999999909e+02 3.039000000000000000e+03 6.012622680664062500e+02
3.608460000000000036e+02 2.165000000000000000e+03 6.012594604492187500e+02
3.611820000000000164e+02 1.703000000000000000e+03 6.012638549804687500e+02
3.615190000000000055e+02 1.177000000000000000e+03 6.012620239257812500e+02
3.618550000000000182e+02 7.740000000000000000e+02 6.012614746093750000e+02
3.621909999999999741e+02 5.420000000000000000e+02 6.012608642578125000e+02
3.625280000000000200e+02 4.910000000000000000e+02 6.012673950195312500e+02
3.628639999999999759e+02 5.120000000000000000e+02 6.012645263671875000e+02
3.631999999999999886e+02 2.700000000000000000e+02 6.012604980468750000e+02
3.635360000000000014e+02 1.790000000000000000e+02 6.012625122070312500e+02
