2.891960000000000264e+02 1.850000000000000000e+02 3.311446533203125000e+02
2.895319999999999823e+02 2.490000000000000000e+02 3.311529235839843750e+02
2.898690000000000282e+02 2.830000000000000000e+02 3.311367797851562500e+02
2.902049999999999841e+02 1.410000000000000000e+02 3.311473388671875000e+02
2.905409999999999968e+02 2.030000000000000000e+02 3.311392822265625000e+02
2.908770000000000095e+02 2.650000000000000000e+02 3.311484069824218750e+02
2.912139999999999986e+02 2.250000000000000000e+02 3.311567993164062500e+02
2.915500000000000114e+02 3.070000000000000000e+02 3.311564331054687500e+02
2.918860000000000241e+02 2.860000000000000000e+02 3.311517028808593750e+02
2.922230000000000132e+02 2.130000000000000000e+02 3.311466979980468750e+02
2.925590000000000259e+02 4.600000000000000000e+02 3.311721191406250000e+02
2.928949999999999818e+02 2.430000000000000000e+02 3.311622009277343750e+02
2.932320000000000277e+02 4.490000000000000000e+02 3.311545104980468750e+02
2.935690000000000168e+02 2.890000000000000000e+02 3.311630249023437500e+02
2.939049999999999727e+02 3.520000000000000000e+02 3.311535034179687500e+02
2.942409999999999854e+02 2.840000000000000000e+02 3.311509094238281250e+02
2.945790000000000077e+02 4.920000000000000000e+02 3.311559448242187500e+02
2.949159999999999968e+02 2.090000000000000000e+02 3.311560058593750000e+02
2.952529999999999859e+02 3.270000000000000000e+02 3.311661376953125000e+02
2.955889999999999986e+02 2.580000000000000000e+02 3.311606445312500000e+02
2.959250000000000114e+02 2.770000000000000000e+02 3.311645507812500000e+02
