3.800190000000000055e+02 2.080000000000000000e+02 4.311921997070312500e+02
3.803550000000000182e+02 1.460000000000000000e+02 4.311906127929687500e+02
3.806920000000000073e+02 1.420000000000000000e+02 4.311900024414062500e+02
3.810280000000000200e+02 7.500000000000000000e+01 4.311877746582031250e+02
3.813639999999999759e+02 1.040000000000000000e+02 4.311966857910156250e+02
3.817010000000000218e+02 1.800000000000000000e+02 4.311885375976562500e+02
3.820369999999999777e+02 1.180000000000000000e+02 4.311889038085937500e+02
3.823729999999999905e+02 1.560000000000000000e+02 4.311715698242187500e+02
3.827090000000000032e+02 1.880000000000000000e+02 4.311882324218750000e+02
3.830459999999999923e+02 1.430000000000000000e+02 4.311932983398437500e+02
3.833820000000000050e+02 1.950000000000000000e+02 4.311860656738281250e+02
3.837189999999999941e+02 2.270000000000000000e+02 4.311898498535156250e+02
3.840559999999999832e+02 4.320000000000000000e+02 4.311788940429687500e+02
3.843919999999999959e+02 4.920000000000000000e+02 4.311803894042968750e+02
3.847280000000000086e+02 4.070000000000000000e+02 4.311889038085937500e+02
3.850640000000000214e+02 3.290000000000000000e+02 4.311810607910156250e+02
3.854019999999999868e+02 3.390000000000000000e+02 4.311724548339843750e+02
3.857389999999999759e+02 2.080000000000000000e+02 4.311751403808593750e+02
3.860749999999999886e+02 2.690000000000000000e+02 4.311792297363281250e+02
3.864110000000000014e+02 2.600000000000000000e+02 4.311784362792968750e+02
