5.973210000000000264e+02 2.390000000000000000e+02 3.542704162597656250e+02
5.976580000000000155e+02 3.100000000000000000e+02 3.542670288085937500e+02
5.979940000000000282e+02 3.020000000000000000e+02 3.542679748535156250e+02
5.983300000000000409e+02 4.340000000000000000e+02 3.542745361328125000e+02
5.986670000000000300e+02 3.450000000000000000e+02 3.542665405273437500e+02
5.990030000000000427e+02 3.410000000000000000e+02 3.542694396972656250e+02
5.993390000000000555e+02 3.170000000000000000e+02 3.542775268554687500e+02
5.996749999999999545e+02 3.000000000000000000e+02 3.542660217285156250e+02
6.000119999999999436e+02 2.350000000000000000e+02 3.542675170898437500e+02
6.003479999999999563e+02 1.820000000000000000e+02 3.542675170898437500e+02
6.006839999999999691e+02 7.800000000000000000e+01 3.542792968750000000e+02
6.010199999999999818e+02 1.380000000000000000e+02 3.542768249511718750e+02
