7.641720000000000255e+02 1.760000000000000000e+02 8.155082397460937500e+02
7.645080000000000382e+02 1.310000000000000000e+02 8.155253295898437500e+02
7.648440000000000509e+02 2.700000000000000000e+02 8.155112915039062500e+02
7.651799999999999500e+02 2.890000000000000000e+02 8.155053100585937500e+02
7.655159999999999627e+02 2.960000000000000000e+02 8.155081787109375000e+02
7.658519999999999754e+02 4.280000000000000000e+02 8.155120239257812500e+02
7.661879999999999882e+02 3.240000000000000000e+02 8.155083007812500000e+02
7.665240000000000009e+02 3.090000000000000000e+02 8.155086059570312500e+02
7.668600000000000136e+02 3.600000000000000000e+02 8.155104980468750000e+02
7.671960000000000264e+02 3.420000000000000000e+02 8.155059204101562500e+02
7.675320000000000391e+02 3.240000000000000000e+02 8.155193481445312500e+02
7.678680000000000518e+02 2.440000000000000000e+02 8.155140991210937500e+02
7.682039999999999509e+02 3.010000000000000000e+02 8.155182495117187500e+02
7.685399999999999636e+02 3.320000000000000000e+02 8.155097656250000000e+02
7.688819999999999482e+02 2.310000000000000000e+02 8.155045776367187500e+02
7.692179999999999609e+02 1.880000000000000000e+02 8.154976806640625000e+02
7.695539999999999736e+02 2.260000000000000000e+02 8.155158081054687500e+02
7.698899999999999864e+02 1.980000000000000000e+02 8.155084838867187500e+02
7.702259999999999991e+02 1.770000000000000000e+02 8.155156860351562500e+02
7.705620000000000118e+02 1.930000000000000000e+02 8.155111694335937500e+02
7.708980000000000246e+02 1.020000000000000000e+02 8.155142822265625000e+02
7.712340000000000373e+02 1.580000000000000000e+02 8.155198974609375000e+02
7.715700000000000500e+02 9.200000000000000000e+01 8.155076904296875000e+02
7.719059999999999491e+02 1.100000000000000000e+02 8.154952392578125000e+02
7.722419999999999618e+02 6.700000000000000000e+01 8.155000610351562500e+02
