2.868419999999999845e+02 1.270000000000000000e+02 6.041144409179687500e+02
2.871779999999999973e+02 2.560000000000000000e+02 6.041156616210937500e+02
2.875140000000000100e+02 4.100000000000000000e+02 6.041094970703125000e+02
2.878509999999999991e+02 4.230000000000000000e+02 6.041087036132812500e+02
2.881870000000000118e+02 2.950000000000000000e+02 6.041094360351562500e+02
2.885230000000000246e+02 1.490000000000000000e+02 6.041047973632812500e+02
2.888600000000000136e+02 2.850000000000000000e+02 6.041109619140625000e+02
2.891960000000000264e+02 2.210000000000000000e+02 6.041021118164062500e+02
2.895319999999999823e+02 3.010000000000000000e+02 6.040925903320312500e+02
2.898690000000000282e+02 3.170000000000000000e+02 6.041027832031250000e+02
