3.446990000000000123e+02 4.960000000000000000e+02 5.171762084960937500e+02
3.450369999999999777e+02 4.050000000000000000e+02 5.171807861328125000e+02
3.453740000000000236e+02 5.510000000000000000e+02 5.171813354492187500e+02
3.457099999999999795e+02 3.710000000000000000e+02 5.171857910156250000e+02
3.460459999999999923e+02 5.970000000000000000e+02 5.171825561523437500e+02
3.463820000000000050e+02 5.320000000000000000e+02 5.171853027343750000e+02
3.467189999999999941e+02 4.190000000000000000e+02 5.171788330078125000e+02
3.470550000000000068e+02 9.220000000000000000e+02 5.171848144531250000e+02
3.473910000000000196e+02 9.510000000000000000e+02 5.171867065429687500e+02
3.477280000000000086e+02 1.019000000000000000e+03 5.171896362304687500e+02
3.480640000000000214e+02 8.110000000000000000e+02 5.171931762695312500e+02
3.483999999999999773e+02 1.025000000000000000e+03 5.171892089843750000e+02
3.487370000000000232e+02 7.690000000000000000e+02 5.171855468750000000e+02
3.490729999999999791e+02 6.520000000000000000e+02 5.171874389648437500e+02
3.494089999999999918e+02 5.960000000000000000e+02 5.171848144531250000e+02
3.497459999999999809e+02 3.910000000000000000e+02 5.171862792968750000e+02
3.500819999999999936e+02 3.990000000000000000e+02 5.171911010742187500e+02
3.504180000000000064e+02 3.840000000000000000e+02 5.171860351562500000e+02
3.507549999999999955e+02 2.830000000000000000e+02 5.171851196289062500e+02
3.510910000000000082e+02 3.470000000000000000e+02 5.171776733398437500e+02
3.514270000000000209e+02 4.350000000000000000e+02 5.171846923828125000e+02
3.517629999999999768e+02 3.200000000000000000e+02 5.171896972656250000e+02
3.521000000000000227e+02 2.460000000000000000e+02 5.171941528320312500e+02
3.524359999999999786e+02 4.010000000000000000e+02 5.171860351562500000e+02
3.527719999999999914e+02 3.730000000000000000e+02 5.171833496093750000e+02
3.531089999999999804e+02 3.800000000000000000e+02 5.171852416992187500e+02
3.534449999999999932e+02 3.530000000000000000e+02 5.171831054687500000e+02
3.537810000000000059e+02 3.570000000000000000e+02 5.171884765625000000e+02
3.541179999999999950e+02 3.250000000000000000e+02 5.171819458007812500e+02
3.544540000000000077e+02 3.520000000000000000e+02 5.171888427734375000e+02
3.547900000000000205e+02 2.670000000000000000e+02 5.171940917968750000e+02
3.551279999999999859e+02 3.350000000000000000e+02 5.172036743164062500e+02
3.554649999999999750e+02 3.340000000000000000e+02 5.171964111328125000e+02
3.558009999999999877e+02 2.960000000000000000e+02 5.171852416992187500e+02
3.561370000000000005e+02 4.000000000000000000e+02 5.171898193359375000e+02
3.564739999999999895e+02 2.410000000000000000e+02 5.171864624023437500e+02
3.568100000000000023e+02 2.660000000000000000e+02 5.171986083984375000e+02
3.571469999999999914e+02 3.840000000000000000e+02 5.171912231445312500e+02
