2.861689999999999827e+02 2.680000000000000000e+02 1.570152282714843750e+02
2.865049999999999955e+02 6.090000000000000000e+02 1.570098571777343750e+02
2.868419999999999845e+02 1.630000000000000000e+03 1.570106048583984375e+02
2.871779999999999973e+02 1.950000000000000000e+03 1.570111083984375000e+02
2.875140000000000100e+02 1.856000000000000000e+03 1.570117034912109375e+02
2.878509999999999991e+02 2.265000000000000000e+03 1.570111389160156250e+02
2.881870000000000118e+02 2.143000000000000000e+03 1.570114288330078125e+02
2.885230000000000246e+02 1.596000000000000000e+03 1.570100708007812500e+02
2.888600000000000136e+02 1.746000000000000000e+03 1.570131225585937500e+02
2.891960000000000264e+02 1.965000000000000000e+03 1.570133972167968750e+02
2.895319999999999823e+02 1.417000000000000000e+03 1.570121002197265625e+02
2.898690000000000282e+02 1.919000000000000000e+03 1.570110015869140625e+02
2.902049999999999841e+02 1.944000000000000000e+03 1.570125885009765625e+02
2.905409999999999968e+02 2.099000000000000000e+03 1.570107574462890625e+02
2.908770000000000095e+02 2.374000000000000000e+03 1.570116271972656250e+02
2.912139999999999986e+02 2.438000000000000000e+03 1.570110015869140625e+02
2.915500000000000114e+02 2.555000000000000000e+03 1.570092163085937500e+02
2.918860000000000241e+02 2.395000000000000000e+03 1.570100402832031250e+02
2.922230000000000132e+02 2.004000000000000000e+03 1.570099334716796875e+02
2.925590000000000259e+02 3.202000000000000000e+03 1.570104370117187500e+02
2.928949999999999818e+02 2.565000000000000000e+03 1.570113830566406250e+02
2.932320000000000277e+02 2.647000000000000000e+03 1.570114746093750000e+02
2.935690000000000168e+02 2.456000000000000000e+03 1.570122680664062500e+02
2.939049999999999727e+02 2.452000000000000000e+03 1.570106506347656250e+02
2.942409999999999854e+02 2.182000000000000000e+03 1.570111694335937500e+02
2.945790000000000077e+02 1.782000000000000000e+03 1.570108947753906250e+02
2.949159999999999968e+02 1.836000000000000000e+03 1.570120544433593750e+02
2.952529999999999859e+02 1.317000000000000000e+03 1.570098876953125000e+02
2.955889999999999986e+02 1.195000000000000000e+03 1.570087585449218750e+02
2.959250000000000114e+02 1.124000000000000000e+03 1.570124206542968750e+02
2.962620000000000005e+02 6.340000000000000000e+02 1.570110473632812500e+02
2.965980000000000132e+02 5.870000000000000000e+02 1.570127868652343750e+02
2.969340000000000259e+02 4.080000000000000000e+02 1.570095367431640625e+02
2.972710000000000150e+02 3.700000000000000000e+02 1.570121002197265625e+02
2.976070000000000277e+02 3.310000000000000000e+02 1.570089721679687500e+02
2.979429999999999836e+02 3.750000000000000000e+02 1.570110473632812500e+02
2.982799999999999727e+02 1.910000000000000000e+02 1.570051116943359375e+02
2.986159999999999854e+02 3.840000000000000000e+02 1.570113677978515625e+02
2.989519999999999982e+02 2.170000000000000000e+02 1.570107727050781250e+02
2.992880000000000109e+02 2.700000000000000000e+02 1.570078125000000000e+02
2.996250000000000000e+02 1.600000000000000000e+02 1.570117492675781250e+02
2.999610000000000127e+02 1.070000000000000000e+02 1.570173034667968750e+02
3.002970000000000255e+02 2.110000000000000000e+02 1.570050964355468750e+02
3.006340000000000146e+02 1.190000000000000000e+02 1.570148468017578125e+02
3.009700000000000273e+02 1.500000000000000000e+02 1.570111083984375000e+02
3.013059999999999832e+02 1.940000000000000000e+02 1.570176239013671875e+02
3.016429999999999723e+02 6.000000000000000000e+01 1.570205078125000000e+02
3.019789999999999850e+02 1.570000000000000000e+02 1.570118408203125000e+02
3.023149999999999977e+02 1.420000000000000000e+02 1.570085144042968750e+02
3.026510000000000105e+02 1.290000000000000000e+02 1.570020446777343750e+02
