1.337860000000000014e+02 5.900000000000000000e+01 3.640997619628906250e+02
1.341220000000000141e+02 6.800000000000000000e+01 3.640818786621093750e+02
1.344590000000000032e+02 1.800000000000000000e+02 3.640784301757812500e+02
1.347949999999999875e+02 2.780000000000000000e+02 3.640874633789062500e+02
1.351320000000000050e+02 6.850000000000000000e+02 3.640834045410156250e+02
1.354679999999999893e+02 9.720000000000000000e+02 3.640796203613281250e+02
1.358050000000000068e+02 1.288000000000000000e+03 3.640831604003906250e+02
1.361409999999999911e+02 1.748000000000000000e+03 3.640823364257812500e+02
1.364770000000000039e+02 2.153000000000000000e+03 3.640798645019531250e+02
1.368139999999999930e+02 2.368000000000000000e+03 3.640810546875000000e+02
1.371500000000000057e+02 2.352000000000000000e+03 3.640826416015625000e+02
1.374859999999999900e+02 2.082000000000000000e+03 3.640797119140625000e+02
1.378230000000000075e+02 2.462000000000000000e+03 3.640827636718750000e+02
1.381589999999999918e+02 2.546000000000000000e+03 3.640818176269531250e+02
1.384950000000000045e+02 2.365000000000000000e+03 3.640834655761718750e+02
1.388319999999999936e+02 2.222000000000000000e+03 3.640841369628906250e+02
1.391680000000000064e+02 2.807000000000000000e+03 3.640820922851562500e+02
1.395039999999999907e+02 2.757000000000000000e+03 3.640818786621093750e+02
1.398410000000000082e+02 2.683000000000000000e+03 3.640825500488281250e+02
1.401769999999999925e+02 2.431000000000000000e+03 3.640822448730468750e+02
1.405130000000000052e+02 2.474000000000000000e+03 3.640848388671875000e+02
1.408499999999999943e+02 2.277000000000000000e+03 3.640816650390625000e+02
1.411860000000000070e+02 2.055000000000000000e+03 3.640818176269531250e+02
1.415219999999999914e+02 2.252000000000000000e+03 3.640845642089843750e+02
1.418580000000000041e+02 2.081000000000000000e+03 3.640843505859375000e+02
1.421949999999999932e+02 1.863000000000000000e+03 3.640838623046875000e+02
1.425310000000000059e+02 2.412000000000000000e+03 3.640834960937500000e+02
1.428669999999999902e+02 2.336000000000000000e+03 3.640818176269531250e+02
1.432050000000000125e+02 2.136000000000000000e+03 3.640815124511718750e+02
1.435409999999999968e+02 2.322000000000000000e+03 3.640794982910156250e+02
1.438779999999999859e+02 2.113000000000000000e+03 3.640824890136718750e+02
1.442139999999999986e+02 1.657000000000000000e+03 3.640813903808593750e+02
1.445500000000000114e+02 1.479000000000000000e+03 3.640816955566406250e+02
1.448870000000000005e+02 1.618000000000000000e+03 3.640806579589843750e+02
1.452230000000000132e+02 1.434000000000000000e+03 3.640838317871093750e+02
1.455589999999999975e+02 1.420000000000000000e+03 3.640802917480468750e+02
1.458959999999999866e+02 1.428000000000000000e+03 3.640802307128906250e+02
1.462319999999999993e+02 1.206000000000000000e+03 3.640799560546875000e+02
1.465680000000000121e+02 1.293000000000000000e+03 3.640806579589843750e+02
1.469039999999999964e+02 1.245000000000000000e+03 3.640815429687500000e+02
1.472410000000000139e+02 7.170000000000000000e+02 3.640792541503906250e+02
1.475769999999999982e+02 7.490000000000000000e+02 3.640800781250000000e+02
1.479130000000000109e+02 4.840000000000000000e+02 3.640808410644531250e+02
1.482500000000000000e+02 3.960000000000000000e+02 3.640846862792968750e+02
1.485860000000000127e+02 4.840000000000000000e+02 3.640859680175781250e+02
1.489219999999999970e+02 2.220000000000000000e+02 3.640870361328125000e+02
1.492589999999999861e+02 2.390000000000000000e+02 3.640812988281250000e+02
