7.083239999999999554e+02 1.050000000000000000e+02 5.022309570312500000e+02
7.086599999999999682e+02 9.000000000000000000e+01 5.022327575683593750e+02
7.089959999999999809e+02 2.330000000000000000e+02 5.022465515136718750e+02
7.093319999999999936e+02 6.410000000000000000e+02 5.022510681152343750e+02
7.096680000000000064e+02 1.075000000000000000e+03 5.022454833984375000e+02
7.100099999999999909e+02 1.187000000000000000e+03 5.022499389648437500e+02
7.103400000000000318e+02 1.732000000000000000e+03 5.022429809570312500e+02
7.106820000000000164e+02 2.255000000000000000e+03 5.022445983886718750e+02
7.110119999999999436e+02 1.901000000000000000e+03 5.022418212890625000e+02
7.113540000000000418e+02 2.214000000000000000e+03 5.022443847656250000e+02
7.116900000000000546e+02 2.187000000000000000e+03 5.022410888671875000e+02
7.120259999999999536e+02 1.828000000000000000e+03 5.022495117187500000e+02
7.123619999999999663e+02 2.070000000000000000e+03 5.022443847656250000e+02
7.126979999999999791e+02 1.544000000000000000e+03 5.022469482421875000e+02
7.130339999999999918e+02 1.195000000000000000e+03 5.022418823242187500e+02
7.133700000000000045e+02 1.468000000000000000e+03 5.022442626953125000e+02
7.137060000000000173e+02 1.093000000000000000e+03 5.022471618652343750e+02
7.140420000000000300e+02 7.760000000000000000e+02 5.022423400878906250e+02
7.143780000000000427e+02 5.650000000000000000e+02 5.022493286132812500e+02
7.147140000000000555e+02 3.800000000000000000e+02 5.022348632812500000e+02
7.150499999999999545e+02 3.290000000000000000e+02 5.022398376464843750e+02
7.153859999999999673e+02 3.150000000000000000e+02 5.022450561523437500e+02
7.157279999999999518e+02 3.380000000000000000e+02 5.022436218261718750e+02
7.160639999999999645e+02 2.240000000000000000e+02 5.022414550781250000e+02
7.163999999999999773e+02 3.210000000000000000e+02 5.022455139160156250e+02
