9.649859999999999900e+02 2.700000000000000000e+01 4.963216247558593750e+02
9.653220000000000027e+02 1.000000000000000000e+02 4.963191833496093750e+02
9.656580000000000155e+02 1.180000000000000000e+02 4.963129577636718750e+02
9.659940000000000282e+02 1.380000000000000000e+02 4.963167114257812500e+02
9.663300000000000409e+02 4.000000000000000000e+01 4.963237304687500000e+02
9.666660000000000537e+02 1.500000000000000000e+02 4.963096923828125000e+02
9.670019999999999527e+02 1.330000000000000000e+02 4.963114013671875000e+02
9.673379999999999654e+02 9.100000000000000000e+01 4.963143310546875000e+02
9.676739999999999782e+02 1.920000000000000000e+02 4.963152160644531250e+02
9.680099999999999909e+02 1.070000000000000000e+02 4.963126220703125000e+02
9.683460000000000036e+02 1.580000000000000000e+02 4.963170166015625000e+02
9.686820000000000164e+02 2.370000000000000000e+02 4.963188171386718750e+02
9.690240000000000009e+02 1.850000000000000000e+02 4.963153991699218750e+02
9.693600000000000136e+02 2.640000000000000000e+02 4.963245849609375000e+02
9.696900000000000546e+02 1.420000000000000000e+02 4.963397521972656250e+02
9.700320000000000391e+02 3.030000000000000000e+02 4.963208312988281250e+02
9.703680000000000518e+02 3.640000000000000000e+02 4.963322143554687500e+02
9.707039999999999509e+02 4.470000000000000000e+02 4.963249206542968750e+02
9.710399999999999636e+02 7.370000000000000000e+02 4.963207702636718750e+02
9.713759999999999764e+02 7.020000000000000000e+02 4.963254699707031250e+02
9.717119999999999891e+02 1.075000000000000000e+03 4.963252563476562500e+02
9.720480000000000018e+02 1.325000000000000000e+03 4.963270874023437500e+02
9.723840000000000146e+02 1.522000000000000000e+03 4.963191833496093750e+02
9.727200000000000273e+02 1.496000000000000000e+03 4.963166198730468750e+02
9.730560000000000400e+02 1.820000000000000000e+03 4.963297424316406250e+02
9.733920000000000528e+02 1.695000000000000000e+03 4.963212280273437500e+02
9.737340000000000373e+02 2.168000000000000000e+03 4.963215637207031250e+02
9.740639999999999645e+02 2.022000000000000000e+03 4.963191833496093750e+02
9.744059999999999491e+02 1.868000000000000000e+03 4.963229370117187500e+02
9.747419999999999618e+02 1.786000000000000000e+03 4.963217773437500000e+02
9.750779999999999745e+02 1.397000000000000000e+03 4.963211059570312500e+02
9.754139999999999873e+02 1.606000000000000000e+03 4.963217163085937500e+02
9.757500000000000000e+02 1.143000000000000000e+03 4.963255920410156250e+02
9.760860000000000127e+02 8.700000000000000000e+02 4.963268127441406250e+02
9.764220000000000255e+02 1.109000000000000000e+03 4.963262634277343750e+02
9.767580000000000382e+02 6.780000000000000000e+02 4.963276977539062500e+02
9.770940000000000509e+02 6.950000000000000000e+02 4.963252563476562500e+02
9.774299999999999500e+02 4.420000000000000000e+02 4.963225097656250000e+02
9.777659999999999627e+02 3.560000000000000000e+02 4.963224487304687500e+02
9.781019999999999754e+02 3.190000000000000000e+02 4.963158569335937500e+02
9.784379999999999882e+02 2.370000000000000000e+02 4.963110656738281250e+02
9.787740000000000009e+02 1.330000000000000000e+02 4.963287963867187500e+02
9.791100000000000136e+02 2.040000000000000000e+02 4.963140869140625000e+02
9.794460000000000264e+02 1.350000000000000000e+02 4.963272705078125000e+02
9.797820000000000391e+02 6.100000000000000000e+01 4.963153076171875000e+02
9.801180000000000518e+02 1.480000000000000000e+02 4.963188476562500000e+02
