2.844879999999999995e+02 1.030000000000000000e+02 1.470411071777343750e+02
2.848240000000000123e+02 2.340000000000000000e+02 1.470454864501953125e+02
2.851600000000000250e+02 1.800000000000000000e+02 1.470398406982421875e+02
2.854970000000000141e+02 1.380000000000000000e+02 1.470491485595703125e+02
2.858330000000000268e+02 2.690000000000000000e+02 1.470432739257812500e+02
2.861689999999999827e+02 5.250000000000000000e+02 1.470451202392578125e+02
2.865049999999999955e+02 2.186000000000000000e+03 1.470451354980468750e+02
2.868419999999999845e+02 4.710000000000000000e+03 1.470448150634765625e+02
2.871779999999999973e+02 7.871000000000000000e+03 1.470443572998046875e+02
2.875140000000000100e+02 1.152800000000000000e+04 1.470445251464843750e+02
2.878509999999999991e+02 1.332300000000000000e+04 1.470449676513671875e+02
2.881870000000000118e+02 1.436600000000000000e+04 1.470442047119140625e+02
2.885230000000000246e+02 1.579700000000000000e+04 1.470445861816406250e+02
2.888600000000000136e+02 1.531100000000000000e+04 1.470447845458984375e+02
2.891960000000000264e+02 1.675400000000000000e+04 1.470439910888671875e+02
2.895319999999999823e+02 1.547900000000000000e+04 1.470455780029296875e+02
2.898690000000000282e+02 1.665100000000000000e+04 1.470441131591796875e+02
2.902049999999999841e+02 1.501800000000000000e+04 1.470439453125000000e+02
2.905409999999999968e+02 1.392100000000000000e+04 1.470443725585937500e+02
2.908770000000000095e+02 1.124500000000000000e+04 1.470445709228515625e+02
2.912139999999999986e+02 1.131700000000000000e+04 1.470441741943359375e+02
2.915500000000000114e+02 1.378900000000000000e+04 1.470438842773437500e+02
2.918860000000000241e+02 1.361100000000000000e+04 1.470442657470703125e+02
2.922230000000000132e+02 1.211400000000000000e+04 1.470440826416015625e+02
2.925590000000000259e+02 1.153100000000000000e+04 1.470443267822265625e+02
2.928949999999999818e+02 1.140000000000000000e+04 1.470449371337890625e+02
2.932320000000000277e+02 1.089000000000000000e+04 1.470443420410156250e+02
2.935690000000000168e+02 1.012600000000000000e+04 1.470447998046875000e+02
2.939049999999999727e+02 8.920000000000000000e+03 1.470451507568359375e+02
2.942409999999999854e+02 6.933000000000000000e+03 1.470443267822265625e+02
2.945790000000000077e+02 6.142000000000000000e+03 1.470446166992187500e+02
2.949159999999999968e+02 4.619000000000000000e+03 1.470454406738281250e+02
2.952529999999999859e+02 4.357000000000000000e+03 1.470435638427734375e+02
2.955889999999999986e+02 2.932000000000000000e+03 1.470458831787109375e+02
2.959250000000000114e+02 2.280000000000000000e+03 1.470442657470703125e+02
2.962620000000000005e+02 2.038000000000000000e+03 1.470451660156250000e+02
2.965980000000000132e+02 1.289000000000000000e+03 1.470450439453125000e+02
2.969340000000000259e+02 1.377000000000000000e+03 1.470430908203125000e+02
2.972710000000000150e+02 1.355000000000000000e+03 1.470461120605468750e+02
2.976070000000000277e+02 7.520000000000000000e+02 1.470442962646484375e+02
2.979429999999999836e+02 8.250000000000000000e+02 1.470453033447265625e+02
2.982799999999999727e+02 7.720000000000000000e+02 1.470433197021484375e+02
2.986159999999999854e+02 7.150000000000000000e+02 1.470430755615234375e+02
2.989519999999999982e+02 5.830000000000000000e+02 1.470431060791015625e+02
2.992880000000000109e+02 4.870000000000000000e+02 1.470460205078125000e+02
2.996250000000000000e+02 7.830000000000000000e+02 1.470425720214843750e+02
2.999610000000000127e+02 3.250000000000000000e+02 1.470496978759765625e+02
3.002970000000000255e+02 7.500000000000000000e+02 1.470444793701171875e+02
3.006340000000000146e+02 5.290000000000000000e+02 1.470456085205078125e+02
3.009700000000000273e+02 4.110000000000000000e+02 1.470467071533203125e+02
3.013059999999999832e+02 4.290000000000000000e+02 1.470459136962890625e+02
3.016429999999999723e+02 4.990000000000000000e+02 1.470444030761718750e+02
3.019789999999999850e+02 3.150000000000000000e+02 1.470455474853515625e+02
3.023149999999999977e+02 3.300000000000000000e+02 1.470475311279296875e+02
3.026510000000000105e+02 4.350000000000000000e+02 1.470438079833984375e+02
3.029879999999999995e+02 2.870000000000000000e+02 1.470440521240234375e+02
3.033240000000000123e+02 3.650000000000000000e+02 1.470439910888671875e+02
3.036600000000000250e+02 4.820000000000000000e+02 1.470443725585937500e+02
