2.311499999999999844e+01 5.400000000000000000e+01 4.428775329589843750e+02
2.345100000000000051e+01 9.400000000000000000e+01 4.428607788085937500e+02
2.378800000000000026e+01 4.860000000000000000e+02 4.428710021972656250e+02
2.412399999999999878e+01 2.098000000000000000e+03 4.428733520507812500e+02
2.446000000000000085e+01 5.059000000000000000e+03 4.428731689453125000e+02
2.479599999999999937e+01 9.502000000000000000e+03 4.428747253417968750e+02
2.513299999999999912e+01 1.253500000000000000e+04 4.428749084472656250e+02
2.546900000000000119e+01 1.494100000000000000e+04 4.428744812011718750e+02
2.580600000000000094e+01 1.321100000000000000e+04 4.428768920898437500e+02
2.614199999999999946e+01 1.039800000000000000e+04 4.428751525878906250e+02
2.647899999999999920e+01 7.428000000000000000e+03 4.428760070800781250e+02
2.681500000000000128e+01 5.241000000000000000e+03 4.428742370605468750e+02
2.715099999999999980e+01 4.124000000000000000e+03 4.428743896484375000e+02
2.748799999999999955e+01 2.320000000000000000e+03 4.428793334960937500e+02
2.782400000000000162e+01 1.615000000000000000e+03 4.428752136230468750e+02
2.816000000000000014e+01 8.340000000000000000e+02 4.428929443359375000e+02
