8.366280000000000427e+01 8.700000000000000000e+01 2.400628814697265625e+02
8.400000000000000000e+01 1.820000000000000000e+02 2.400358734130859375e+02
8.433599999999999852e+01 1.390000000000000000e+02 2.400281066894531250e+02
8.467199999999999704e+01 1.630000000000000000e+02 2.400499420166015625e+02
8.500799999999999557e+01 1.740000000000000000e+02 2.400410614013671875e+02
8.534520000000000550e+01 4.520000000000000000e+02 2.400462646484375000e+02
8.568120000000000402e+01 7.750000000000000000e+02 2.400474395751953125e+02
8.601720000000000255e+01 6.970000000000000000e+02 2.400470581054687500e+02
8.635380000000000678e+01 9.270000000000000000e+02 2.400466003417968750e+02
8.668980000000000530e+01 1.005000000000000000e+03 2.400476531982421875e+02
8.702580000000000382e+01 1.293000000000000000e+03 2.400470733642578125e+02
8.736299999999999955e+01 1.495000000000000000e+03 2.400469055175781250e+02
8.769899999999999807e+01 1.513000000000000000e+03 2.400472869873046875e+02
8.803499999999999659e+01 1.723000000000000000e+03 2.400463256835937500e+02
8.837220000000000653e+01 1.705000000000000000e+03 2.400511016845703125e+02
8.870879999999999654e+01 1.565000000000000000e+03 2.400492248535156250e+02
8.904479999999999507e+01 1.469000000000000000e+03 2.400473022460937500e+02
8.938200000000000500e+01 1.805000000000000000e+03 2.400480804443359375e+02
8.971800000000000352e+01 1.657000000000000000e+03 2.400466766357421875e+02
9.005400000000000205e+01 1.424000000000000000e+03 2.400479278564453125e+02
9.039119999999999777e+01 1.233000000000000000e+03 2.400483093261718750e+02
9.072780000000000200e+01 1.573000000000000000e+03 2.400483093261718750e+02
9.106380000000000052e+01 1.499000000000000000e+03 2.400499267578125000e+02
9.139979999999999905e+01 1.574000000000000000e+03 2.400485839843750000e+02
9.173579999999999757e+01 1.585000000000000000e+03 2.400483551025390625e+02
9.207299999999999329e+01 9.140000000000000000e+02 2.400480499267578125e+02
9.240900000000000603e+01 1.157000000000000000e+03 2.400482940673828125e+02
9.274679999999999325e+01 1.052000000000000000e+03 2.400465087890625000e+02
9.308280000000000598e+01 1.231000000000000000e+03 2.400459747314453125e+02
9.342000000000000171e+01 9.110000000000000000e+02 2.400474090576171875e+02
9.375600000000000023e+01 8.950000000000000000e+02 2.400459747314453125e+02
9.409199999999999875e+01 7.040000000000000000e+02 2.400483398437500000e+02
9.442799999999999727e+01 7.630000000000000000e+02 2.400503082275390625e+02
9.476519999999999300e+01 5.110000000000000000e+02 2.400512237548828125e+02
9.510120000000000573e+01 4.420000000000000000e+02 2.400452270507812500e+02
9.543720000000000425e+01 4.270000000000000000e+02 2.400476226806640625e+02
9.577379999999999427e+01 3.500000000000000000e+02 2.400498199462890625e+02
9.610980000000000700e+01 2.750000000000000000e+02 2.400476684570312500e+02
9.644580000000000553e+01 1.930000000000000000e+02 2.400496978759765625e+02
9.678300000000000125e+01 1.870000000000000000e+02 2.400385742187500000e+02
9.711899999999999977e+01 3.390000000000000000e+02 2.400496215820312500e+02
9.745499999999999829e+01 1.920000000000000000e+02 2.400449676513671875e+02
9.779219999999999402e+01 1.660000000000000000e+02 2.400488891601562500e+02
9.812820000000000675e+01 1.270000000000000000e+02 2.400583190917968750e+02
