7.439819999999999709e+02 4.200000000000000000e+01 3.021623229980468750e+02
7.443179999999999836e+02 1.000000000000000000e+02 3.021418151855468750e+02
7.446539999999999964e+02 1.760000000000000000e+02 3.021457824707031250e+02
7.449900000000000091e+02 2.200000000000000000e+02 3.021447448730468750e+02
7.453260000000000218e+02 3.760000000000000000e+02 3.021448364257812500e+02
7.456620000000000346e+02 6.370000000000000000e+02 3.021425476074218750e+02
7.459980000000000473e+02 1.059000000000000000e+03 3.021461486816406250e+02
7.463339999999999463e+02 1.075000000000000000e+03 3.021439514160156250e+02
7.466699999999999591e+02 1.099000000000000000e+03 3.021416015625000000e+02
7.470059999999999718e+02 1.279000000000000000e+03 3.021417236328125000e+02
7.473419999999999845e+02 1.551000000000000000e+03 3.021458740234375000e+02
7.476779999999999973e+02 1.623000000000000000e+03 3.021439208984375000e+02
7.480140000000000100e+02 1.332000000000000000e+03 3.021426696777343750e+02
7.483500000000000227e+02 1.615000000000000000e+03 3.021425170898437500e+02
7.486920000000000073e+02 1.564000000000000000e+03 3.021419067382812500e+02
7.490280000000000200e+02 1.296000000000000000e+03 3.021419372558593750e+02
7.493640000000000327e+02 1.693000000000000000e+03 3.021418762207031250e+02
7.497000000000000455e+02 1.572000000000000000e+03 3.021446838378906250e+02
7.500359999999999445e+02 1.395000000000000000e+03 3.021454467773437500e+02
7.503719999999999573e+02 1.767000000000000000e+03 3.021453857421875000e+02
7.507079999999999700e+02 1.363000000000000000e+03 3.021449890136718750e+02
7.510439999999999827e+02 1.534000000000000000e+03 3.021474609375000000e+02
7.513799999999999955e+02 1.290000000000000000e+03 3.021411132812500000e+02
7.517160000000000082e+02 9.650000000000000000e+02 3.021464843750000000e+02
7.520520000000000209e+02 9.850000000000000000e+02 3.021484680175781250e+02
7.523880000000000337e+02 8.390000000000000000e+02 3.021498718261718750e+02
7.527240000000000464e+02 7.410000000000000000e+02 3.021463928222656250e+02
7.530660000000000309e+02 5.630000000000000000e+02 3.021449279785156250e+02
7.533959999999999582e+02 3.950000000000000000e+02 3.021508789062500000e+02
7.537380000000000564e+02 3.300000000000000000e+02 3.021486511230468750e+02
7.540739999999999554e+02 3.440000000000000000e+02 3.021448974609375000e+02
7.544099999999999682e+02 2.330000000000000000e+02 3.021428833007812500e+02
7.547459999999999809e+02 1.510000000000000000e+02 3.021455993652343750e+02
7.550819999999999936e+02 1.470000000000000000e+02 3.021444091796875000e+02
7.554180000000000064e+02 2.100000000000000000e+02 3.021461181640625000e+02
7.557540000000000191e+02 1.320000000000000000e+02 3.021571044921875000e+02
7.560900000000000318e+02 2.080000000000000000e+02 3.021473693847656250e+02
7.564260000000000446e+02 1.070000000000000000e+02 3.021380615234375000e+02
7.567619999999999436e+02 1.840000000000000000e+02 3.021454772949218750e+02
7.570979999999999563e+02 9.800000000000000000e+01 3.021549377441406250e+02
7.574400000000000546e+02 8.600000000000000000e+01 3.021427612304687500e+02
7.577759999999999536e+02 8.800000000000000000e+01 3.021448364257812500e+02
7.581119999999999663e+02 8.700000000000000000e+01 3.021433105468750000e+02
7.584479999999999791e+02 9.500000000000000000e+01 3.021382446289062500e+02
7.587839999999999918e+02 1.120000000000000000e+02 3.021504821777343750e+02
7.591200000000000045e+02 1.030000000000000000e+02 3.021470336914062500e+02
