2.747309999999999945e+02 1.030000000000000000e+02 8.003310546875000000e+02
2.750679999999999836e+02 1.940000000000000000e+02 8.003479614257812500e+02
2.754039999999999964e+02 3.960000000000000000e+02 8.003363647460937500e+02
2.757409999999999854e+02 7.600000000000000000e+02 8.003458251953125000e+02
2.760779999999999745e+02 1.146000000000000000e+03 8.003490600585937500e+02
2.764139999999999873e+02 1.494000000000000000e+03 8.003377685546875000e+02
2.767500000000000000e+02 1.609000000000000000e+03 8.003393554687500000e+02
2.770869999999999891e+02 1.542000000000000000e+03 8.003414306640625000e+02
2.774230000000000018e+02 1.544000000000000000e+03 8.003429565429687500e+02
2.777599999999999909e+02 1.590000000000000000e+03 8.003450317382812500e+02
2.780960000000000036e+02 8.830000000000000000e+02 8.003419799804687500e+02
2.784329999999999927e+02 8.380000000000000000e+02 8.003460083007812500e+02
2.787690000000000055e+02 7.020000000000000000e+02 8.003458251953125000e+02
2.791050000000000182e+02 6.650000000000000000e+02 8.003329467773437500e+02
2.794420000000000073e+02 5.940000000000000000e+02 8.003375244140625000e+02
2.797780000000000200e+02 3.930000000000000000e+02 8.003471069335937500e+02
2.801139999999999759e+02 2.560000000000000000e+02 8.003473510742187500e+02
2.804510000000000218e+02 1.840000000000000000e+02 8.003308105468750000e+02
2.807869999999999777e+02 2.130000000000000000e+02 8.003381347656250000e+02
2.811229999999999905e+02 2.660000000000000000e+02 8.003381347656250000e+02
2.814590000000000032e+02 7.000000000000000000e+01 8.003375854492187500e+02
2.817959999999999923e+02 7.700000000000000000e+01 8.003447265625000000e+02
