2.378800000000000026e+01 1.550000000000000000e+02 2.369516143798828125e+02
2.412399999999999878e+01 3.970000000000000000e+02 2.369519195556640625e+02
2.446000000000000085e+01 7.100000000000000000e+02 2.369512176513671875e+02
2.479599999999999937e+01 9.970000000000000000e+02 2.369505004882812500e+02
2.513299999999999912e+01 9.420000000000000000e+02 2.369534759521484375e+02
2.546900000000000119e+01 1.351000000000000000e+03 2.369547882080078125e+02
2.580600000000000094e+01 1.315000000000000000e+03 2.369501342773437500e+02
2.614199999999999946e+01 1.320000000000000000e+03 2.369490661621093750e+02
2.647899999999999920e+01 1.234000000000000000e+03 2.369495544433593750e+02
2.681500000000000128e+01 1.275000000000000000e+03 2.369491424560546875e+02
2.715099999999999980e+01 1.064000000000000000e+03 2.369476165771484375e+02
2.748799999999999955e+01 9.050000000000000000e+02 2.369508972167968750e+02
2.782400000000000162e+01 9.170000000000000000e+02 2.369499206542968750e+02
2.816000000000000014e+01 9.260000000000000000e+02 2.369535980224609375e+02
2.849599999999999866e+01 6.770000000000000000e+02 2.369645080566406250e+02
2.883299999999999841e+01 5.740000000000000000e+02 2.369680480957031250e+02
2.916900000000000048e+01 3.690000000000000000e+02 2.369730377197265625e+02
