3.070249999999999773e+02 2.790000000000000000e+02 4.161758728027343750e+02
3.073609999999999900e+02 3.000000000000000000e+02 4.161713562011718750e+02
3.076970000000000027e+02 4.960000000000000000e+02 4.161630554199218750e+02
3.080339999999999918e+02 8.390000000000000000e+02 4.161563110351562500e+02
3.083700000000000045e+02 7.590000000000000000e+02 4.161581115722656250e+02
3.087069999999999936e+02 8.050000000000000000e+02 4.161618652343750000e+02
3.090430000000000064e+02 1.176000000000000000e+03 4.161573486328125000e+02
3.093799999999999955e+02 1.271000000000000000e+03 4.161627502441406250e+02
3.097160000000000082e+02 1.042000000000000000e+03 4.161533813476562500e+02
3.100520000000000209e+02 8.790000000000000000e+02 4.161589660644531250e+02
3.103890000000000100e+02 6.450000000000000000e+02 4.161557312011718750e+02
3.107250000000000227e+02 4.720000000000000000e+02 4.161498107910156250e+02
3.110609999999999786e+02 5.020000000000000000e+02 4.161505737304687500e+02
3.113980000000000246e+02 3.520000000000000000e+02 4.161528015136718750e+02
3.117339999999999804e+02 2.990000000000000000e+02 4.161557922363281250e+02
