1.788619999999999948e+02 1.840000000000000000e+02 2.771715393066406250e+02
1.791980000000000075e+02 6.510000000000000000e+02 2.771639099121093750e+02
1.795339999999999918e+02 1.481000000000000000e+03 2.771639404296875000e+02
1.798710000000000093e+02 3.975000000000000000e+03 2.771638183593750000e+02
1.802069999999999936e+02 9.650000000000000000e+03 2.771642761230468750e+02
1.805430000000000064e+02 1.691500000000000000e+04 2.771651306152343750e+02
1.808799999999999955e+02 2.552400000000000000e+04 2.771633300781250000e+02
1.812160000000000082e+02 3.332700000000000000e+04 2.771638183593750000e+02
1.815519999999999925e+02 4.178800000000000000e+04 2.771632080078125000e+02
1.818880000000000052e+02 4.806200000000000000e+04 2.771633300781250000e+02
1.822249999999999943e+02 5.102600000000000000e+04 2.771636657714843750e+02
1.825610000000000070e+02 5.192400000000000000e+04 2.771634521484375000e+02
1.828969999999999914e+02 5.090400000000000000e+04 2.771633605957031250e+02
1.832340000000000089e+02 4.759800000000000000e+04 2.771640930175781250e+02
1.835720000000000027e+02 4.172900000000000000e+04 2.771651611328125000e+02
1.839089999999999918e+02 3.504900000000000000e+04 2.771640014648437500e+02
1.842450000000000045e+02 2.967100000000000000e+04 2.771631774902343750e+02
1.845809999999999889e+02 2.404100000000000000e+04 2.771631164550781250e+02
1.849180000000000064e+02 2.086900000000000000e+04 2.771647949218750000e+02
1.852539999999999907e+02 1.554400000000000000e+04 2.771639709472656250e+02
1.855900000000000034e+02 1.310700000000000000e+04 2.771638183593750000e+02
1.859259999999999877e+02 1.053100000000000000e+04 2.771643981933593750e+02
1.862630000000000052e+02 9.200000000000000000e+03 2.771632080078125000e+02
1.865989999999999895e+02 7.098000000000000000e+03 2.771638488769531250e+02
1.869350000000000023e+02 5.953000000000000000e+03 2.771638183593750000e+02
1.872719999999999914e+02 5.740000000000000000e+03 2.771651611328125000e+02
1.876080000000000041e+02 4.635000000000000000e+03 2.771631469726562500e+02
1.879439999999999884e+02 4.061000000000000000e+03 2.771636657714843750e+02
1.882810000000000059e+02 3.463000000000000000e+03 2.771629333496093750e+02
1.886169999999999902e+02 3.731000000000000000e+03 2.771629638671875000e+02
1.889530000000000030e+02 3.055000000000000000e+03 2.771626586914062500e+02
1.892889999999999873e+02 3.143000000000000000e+03 2.771643371582031250e+02
1.896260000000000048e+02 2.723000000000000000e+03 2.771631774902343750e+02
1.899619999999999891e+02 2.506000000000000000e+03 2.771622009277343750e+02
1.902980000000000018e+02 1.916000000000000000e+03 2.771622924804687500e+02
1.906349999999999909e+02 1.517000000000000000e+03 2.771628112792968750e+02
1.909710000000000036e+02 1.303000000000000000e+03 2.771630249023437500e+02
1.913069999999999879e+02 9.850000000000000000e+02 2.771619262695312500e+02
1.916430000000000007e+02 9.980000000000000000e+02 2.771646118164062500e+02
1.919799999999999898e+02 8.410000000000000000e+02 2.771646728515625000e+02
1.923160000000000025e+02 8.870000000000000000e+02 2.771615295410156250e+02
1.926519999999999868e+02 6.900000000000000000e+02 2.771650085449218750e+02
1.929890000000000043e+02 6.040000000000000000e+02 2.771632080078125000e+02
1.933249999999999886e+02 7.930000000000000000e+02 2.771646118164062500e+02
1.936630000000000109e+02 7.690000000000000000e+02 2.771610107421875000e+02
1.939989999999999952e+02 7.220000000000000000e+02 2.771633300781250000e+02
1.943360000000000127e+02 8.940000000000000000e+02 2.771656494140625000e+02
1.946719999999999970e+02 7.390000000000000000e+02 2.771648864746093750e+02
1.950080000000000098e+02 8.700000000000000000e+02 2.771618041992187500e+02
1.953439999999999941e+02 8.800000000000000000e+02 2.771622009277343750e+02
1.956810000000000116e+02 8.260000000000000000e+02 2.771643371582031250e+02
1.960169999999999959e+02 5.580000000000000000e+02 2.771617736816406250e+02
1.963530000000000086e+02 6.960000000000000000e+02 2.771625671386718750e+02
1.966899999999999977e+02 5.310000000000000000e+02 2.771641845703125000e+02
1.970260000000000105e+02 8.070000000000000000e+02 2.771633300781250000e+02
