3.870840000000000032e+02 2.210000000000000000e+02 4.591684875488281250e+02
3.874200000000000159e+02 3.880000000000000000e+02 4.591575317382812500e+02
3.877570000000000050e+02 6.090000000000000000e+02 4.591590881347656250e+02
3.880930000000000177e+02 6.990000000000000000e+02 4.591599121093750000e+02
3.884300000000000068e+02 8.470000000000000000e+02 4.591484375000000000e+02
3.887660000000000196e+02 9.030000000000000000e+02 4.591487121582031250e+02
3.891019999999999754e+02 1.128000000000000000e+03 4.591493530273437500e+02
3.894390000000000214e+02 1.063000000000000000e+03 4.591488647460937500e+02
3.897749999999999773e+02 9.610000000000000000e+02 4.591498718261718750e+02
3.901120000000000232e+02 9.890000000000000000e+02 4.591437072753906250e+02
3.904479999999999791e+02 6.470000000000000000e+02 4.591552124023437500e+02
3.907839999999999918e+02 7.570000000000000000e+02 4.591549377441406250e+02
3.911209999999999809e+02 4.780000000000000000e+02 4.591560058593750000e+02
3.914569999999999936e+02 6.900000000000000000e+02 4.591471557617187500e+02
3.917930000000000064e+02 4.710000000000000000e+02 4.591575927734375000e+02
3.921290000000000191e+02 5.670000000000000000e+02 4.591502075195312500e+02
3.924660000000000082e+02 3.160000000000000000e+02 4.591657409667968750e+02
3.928020000000000209e+02 4.340000000000000000e+02 4.591455688476562500e+02
3.931379999999999768e+02 2.380000000000000000e+02 4.591513977050781250e+02
3.934750000000000227e+02 1.380000000000000000e+02 4.591603698730468750e+02
3.938109999999999786e+02 2.080000000000000000e+02 4.591559753417968750e+02
3.941469999999999914e+02 2.270000000000000000e+02 4.591572265625000000e+02
