2.219180000000000064e+02 9.500000000000000000e+01 4.571219787597656250e+02
2.222539999999999907e+02 1.220000000000000000e+02 4.571429138183593750e+02
2.225910000000000082e+02 1.980000000000000000e+02 4.571303405761718750e+02
2.229269999999999925e+02 2.510000000000000000e+02 4.571313476562500000e+02
2.232630000000000052e+02 4.360000000000000000e+02 4.571158752441406250e+02
2.235999999999999943e+02 4.620000000000000000e+02 4.571230468750000000e+02
2.239370000000000118e+02 5.890000000000000000e+02 4.571221618652343750e+02
2.242740000000000009e+02 8.430000000000000000e+02 4.571230468750000000e+02
2.246100000000000136e+02 7.160000000000000000e+02 4.571234436035156250e+02
2.249459999999999980e+02 8.460000000000000000e+02 4.571247558593750000e+02
2.252829999999999870e+02 9.370000000000000000e+02 4.571254882812500000e+02
2.256189999999999998e+02 1.064000000000000000e+03 4.571271057128906250e+02
2.259550000000000125e+02 8.570000000000000000e+02 4.571272583007812500e+02
2.262909999999999968e+02 1.109000000000000000e+03 4.571271667480468750e+02
2.266279999999999859e+02 7.280000000000000000e+02 4.571311950683593750e+02
2.269639999999999986e+02 7.540000000000000000e+02 4.571205749511718750e+02
2.273000000000000114e+02 6.240000000000000000e+02 4.571302490234375000e+02
2.276370000000000005e+02 5.820000000000000000e+02 4.571267395019531250e+02
2.279730000000000132e+02 4.190000000000000000e+02 4.571245117187500000e+02
2.283089999999999975e+02 3.490000000000000000e+02 4.571322631835937500e+02
2.286459999999999866e+02 2.640000000000000000e+02 4.571407165527343750e+02
2.289819999999999993e+02 2.010000000000000000e+02 4.571355590820312500e+02
2.293180000000000121e+02 1.960000000000000000e+02 4.571181945800781250e+02
2.296550000000000011e+02 1.990000000000000000e+02 4.571228637695312500e+02
2.299910000000000139e+02 1.790000000000000000e+02 4.571308288574218750e+02
2.303280000000000030e+02 1.970000000000000000e+02 4.571468811035156250e+02
2.306649999999999920e+02 1.160000000000000000e+02 4.571363220214843750e+02
2.310010000000000048e+02 1.040000000000000000e+02 4.571399230957031250e+02
2.313379999999999939e+02 2.250000000000000000e+02 4.571236267089843750e+02
