2.567980000000000018e+02 1.930000000000000000e+02 3.420979614257812500e+02
2.571340000000000146e+02 1.740000000000000000e+02 3.421084899902343750e+02
2.574700000000000273e+02 3.160000000000000000e+02 3.421138610839843750e+02
2.578070000000000164e+02 3.400000000000000000e+02 3.421086730957031250e+02
2.581429999999999723e+02 5.570000000000000000e+02 3.421044311523437500e+02
2.584789999999999850e+02 6.610000000000000000e+02 3.421029357910156250e+02
2.588149999999999977e+02 8.840000000000000000e+02 3.420986938476562500e+02
2.591519999999999868e+02 8.280000000000000000e+02 3.421043701171875000e+02
2.594879999999999995e+02 1.190000000000000000e+03 3.421043090820312500e+02
2.598240000000000123e+02 1.252000000000000000e+03 3.421022949218750000e+02
2.601610000000000014e+02 1.194000000000000000e+03 3.420995483398437500e+02
2.604970000000000141e+02 1.035000000000000000e+03 3.421028137207031250e+02
2.608330000000000268e+02 8.370000000000000000e+02 3.420999755859375000e+02
2.611700000000000159e+02 4.230000000000000000e+02 3.420981750488281250e+02
2.615059999999999718e+02 4.320000000000000000e+02 3.421136169433593750e+02
2.618439999999999941e+02 2.940000000000000000e+02 3.421026000976562500e+02
2.621800000000000068e+02 1.880000000000000000e+02 3.421101989746093750e+02
2.625169999999999959e+02 2.630000000000000000e+02 3.421045532226562500e+02
2.628530000000000086e+02 9.600000000000000000e+01 3.420992431640625000e+02
