2.382899999999999920e+02 1.580000000000000000e+02 5.102236633300781250e+02
2.386260000000000048e+02 3.770000000000000000e+02 5.102294921875000000e+02
2.389629999999999939e+02 3.850000000000000000e+02 5.102346496582031250e+02
2.392990000000000066e+02 7.390000000000000000e+02 5.102279052734375000e+02
2.396349999999999909e+02 7.330000000000000000e+02 5.102324523925781250e+02
2.399720000000000084e+02 1.120000000000000000e+03 5.102301940917968750e+02
2.403079999999999927e+02 9.600000000000000000e+02 5.102342529296875000e+02
2.406440000000000055e+02 9.440000000000000000e+02 5.102328491210937500e+02
2.409809999999999945e+02 1.179000000000000000e+03 5.102301025390625000e+02
2.413170000000000073e+02 7.810000000000000000e+02 5.102321166992187500e+02
2.416550000000000011e+02 7.370000000000000000e+02 5.102346801757812500e+02
2.419910000000000139e+02 5.160000000000000000e+02 5.102303161621093750e+02
2.423269999999999982e+02 5.080000000000000000e+02 5.102305908203125000e+02
2.426639999999999873e+02 3.390000000000000000e+02 5.102401733398437500e+02
2.430000000000000000e+02 2.200000000000000000e+02 5.102313232421875000e+02
2.433360000000000127e+02 2.340000000000000000e+02 5.102286987304687500e+02
2.436730000000000018e+02 2.710000000000000000e+02 5.102283630371093750e+02
2.440089999999999861e+02 1.610000000000000000e+02 5.102224731445312500e+02
2.443449999999999989e+02 1.500000000000000000e+02 5.102154541015625000e+02
2.446810000000000116e+02 1.400000000000000000e+02 5.102279052734375000e+02
2.450180000000000007e+02 1.880000000000000000e+02 5.102290954589843750e+02
2.453540000000000134e+02 9.200000000000000000e+01 5.102131652832031250e+02
2.456899999999999977e+02 1.000000000000000000e+02 5.102453918457031250e+02
2.460269999999999868e+02 9.600000000000000000e+01 5.102344055175781250e+02
2.463629999999999995e+02 1.470000000000000000e+02 5.102313232421875000e+02
2.466990000000000123e+02 7.000000000000000000e+01 5.102206115722656250e+02
2.470360000000000014e+02 1.130000000000000000e+02 5.102167358398437500e+02
2.473720000000000141e+02 8.700000000000000000e+01 5.102127075195312500e+02
