5.349909999999999854e+02 1.650000000000000000e+02 4.111737670898437500e+02
5.353279999999999745e+02 1.670000000000000000e+02 4.111684265136718750e+02
5.356639999999999873e+02 3.930000000000000000e+02 4.111629943847656250e+02
5.360000000000000000e+02 5.890000000000000000e+02 4.111669006347656250e+02
5.363360000000000127e+02 7.100000000000000000e+02 4.111657409667968750e+02
5.366730000000000018e+02 8.230000000000000000e+02 4.111695861816406250e+02
5.370090000000000146e+02 8.930000000000000000e+02 4.111670227050781250e+02
5.373450000000000273e+02 7.490000000000000000e+02 4.111668701171875000e+02
5.376820000000000164e+02 9.940000000000000000e+02 4.111687316894531250e+02
5.380180000000000291e+02 1.113000000000000000e+03 4.111664428710937500e+02
5.383540000000000418e+02 1.074000000000000000e+03 4.111674499511718750e+02
5.386910000000000309e+02 1.149000000000000000e+03 4.111665039062500000e+02
5.390270000000000437e+02 7.410000000000000000e+02 4.111652832031250000e+02
5.393630000000000564e+02 8.480000000000000000e+02 4.111701660156250000e+02
5.396989999999999554e+02 7.170000000000000000e+02 4.111695251464843750e+02
5.400359999999999445e+02 4.150000000000000000e+02 4.111645812988281250e+02
5.403719999999999573e+02 6.880000000000000000e+02 4.111709899902343750e+02
5.407079999999999700e+02 5.500000000000000000e+02 4.111724548339843750e+02
5.410449999999999591e+02 2.860000000000000000e+02 4.111599121093750000e+02
5.413809999999999718e+02 2.780000000000000000e+02 4.111710205078125000e+02
