4.318399999999999750e+01 1.070000000000000000e+02 1.240446929931640625e+02
4.352000000000000313e+01 4.130000000000000000e+02 1.240383377075195312e+02
4.385699999999999932e+01 5.430000000000000000e+02 1.240407867431640625e+02
4.419299999999999784e+01 1.073000000000000000e+03 1.240391693115234375e+02
4.452900000000000347e+01 8.770000000000000000e+02 1.240391921997070312e+02
4.486599999999999966e+01 6.440000000000000000e+02 1.240394439697265625e+02
4.520300000000000296e+01 4.200000000000000000e+02 1.240391006469726562e+02
4.553900000000000148e+01 3.800000000000000000e+02 1.240419464111328125e+02
4.587500000000000000e+01 1.110000000000000000e+02 1.240453338623046875e+02
4.621200000000000330e+01 5.800000000000000000e+01 1.240513000488281250e+02
4.654800000000000182e+01 9.600000000000000000e+01 1.240365829467773438e+02
4.688400000000000034e+01 6.800000000000000000e+01 1.240313796997070312e+02
4.722099999999999653e+01 8.700000000000000000e+01 1.240428466796875000e+02
4.755700000000000216e+01 1.830000000000000000e+02 1.240387649536132812e+02
4.789300000000000068e+01 1.030000000000000000e+02 1.240420074462890625e+02
4.822999999999999687e+01 1.510000000000000000e+02 1.240397033691406250e+02
4.856600000000000250e+01 3.500000000000000000e+01 1.240248947143554688e+02
4.890200000000000102e+01 4.500000000000000000e+01 1.240379867553710938e+02
4.923799999999999955e+01 9.900000000000000000e+01 1.240421600341796875e+02
4.957500000000000284e+01 1.460000000000000000e+02 1.240419769287109375e+02
4.991299999999999670e+01 8.800000000000000000e+01 1.240437927246093750e+02
5.024900000000000233e+01 2.600000000000000000e+01 1.240493316650390625e+02
5.058500000000000085e+01 9.700000000000000000e+01 1.240434570312500000e+02
5.092099999999999937e+01 6.500000000000000000e+01 1.240497055053710938e+02
5.125800000000000267e+01 8.600000000000000000e+01 1.240394897460937500e+02
5.159400000000000119e+01 1.360000000000000000e+02 1.240415420532226562e+02
5.192999999999999972e+01 9.600000000000000000e+01 1.240353469848632812e+02
5.226700000000000301e+01 1.000000000000000000e+02 1.240405578613281250e+02
5.260300000000000153e+01 7.600000000000000000e+01 1.240396423339843750e+02
5.293900000000000006e+01 1.030000000000000000e+02 1.240412826538085938e+02
5.327600000000000335e+01 1.010000000000000000e+02 1.240368423461914062e+02
5.361200000000000188e+01 5.000000000000000000e+01 1.240490264892578125e+02
5.394800000000000040e+01 1.250000000000000000e+02 1.240336532592773438e+02
5.428399999999999892e+01 5.900000000000000000e+01 1.240494461059570312e+02
5.462100000000000222e+01 5.600000000000000000e+01 1.240392761230468750e+02
5.495700000000000074e+01 5.000000000000000000e+01 1.240461959838867188e+02
