3.590570000000000164e+02 1.210000000000000000e+02 6.472644653320312500e+02
3.593940000000000055e+02 1.340000000000000000e+02 6.472598876953125000e+02
3.597300000000000182e+02 3.570000000000000000e+02 6.472725830078125000e+02
3.600670000000000073e+02 5.280000000000000000e+02 6.472745361328125000e+02
3.604030000000000200e+02 6.270000000000000000e+02 6.472686767578125000e+02
3.607400000000000091e+02 1.033000000000000000e+03 6.472692871093750000e+02
3.610760000000000218e+02 1.007000000000000000e+03 6.472717285156250000e+02
3.614119999999999777e+02 7.970000000000000000e+02 6.472682495117187500e+02
3.617490000000000236e+02 8.770000000000000000e+02 6.472693481445312500e+02
3.620849999999999795e+02 8.860000000000000000e+02 6.472752685546875000e+02
3.624209999999999923e+02 5.720000000000000000e+02 6.472716674804687500e+02
3.627590000000000146e+02 4.860000000000000000e+02 6.472730712890625000e+02
3.630950000000000273e+02 5.700000000000000000e+02 6.472713623046875000e+02
3.634320000000000164e+02 2.960000000000000000e+02 6.472756958007812500e+02
3.637679999999999723e+02 2.390000000000000000e+02 6.472729492187500000e+02
3.641039999999999850e+02 2.970000000000000000e+02 6.472704467773437500e+02
3.644409999999999741e+02 1.790000000000000000e+02 6.472673339843750000e+02
3.647769999999999868e+02 1.210000000000000000e+02 6.472542114257812500e+02
3.651129999999999995e+02 9.500000000000000000e+01 6.472689208984375000e+02
