2.800079999999999814e+02 1.130000000000000000e+02 3.061523742675781250e+02
2.803439999999999941e+02 2.270000000000000000e+02 3.061198120117187500e+02
2.806800000000000068e+02 2.370000000000000000e+02 3.061239624023437500e+02
2.810169999999999959e+02 4.040000000000000000e+02 3.061342163085937500e+02
2.813530000000000086e+02 6.020000000000000000e+02 3.061301879882812500e+02
2.816899999999999977e+02 5.420000000000000000e+02 3.061327514648437500e+02
2.820280000000000200e+02 9.910000000000000000e+02 3.061343078613281250e+02
2.823639999999999759e+02 7.680000000000000000e+02 3.061299133300781250e+02
2.826999999999999886e+02 9.310000000000000000e+02 3.061359252929687500e+02
2.830369999999999777e+02 8.770000000000000000e+02 3.061305541992187500e+02
2.833729999999999905e+02 7.460000000000000000e+02 3.061361389160156250e+02
2.837090000000000032e+02 7.180000000000000000e+02 3.061288757324218750e+02
2.840459999999999923e+02 7.370000000000000000e+02 3.061296691894531250e+02
2.843820000000000050e+02 4.110000000000000000e+02 3.061283874511718750e+02
2.847180000000000177e+02 2.540000000000000000e+02 3.061167602539062500e+02
2.850539999999999736e+02 2.650000000000000000e+02 3.061242370605468750e+02
2.853910000000000196e+02 1.770000000000000000e+02 3.061407775878906250e+02
2.857269999999999754e+02 2.530000000000000000e+02 3.061236877441406250e+02
