1.622669999999999959e+02 2.880000000000000000e+02 1.310697174072265625e+02
1.626040000000000134e+02 2.290000000000000000e+02 1.310669403076171875e+02
1.629399999999999977e+02 3.240000000000000000e+02 1.310674896240234375e+02
1.632760000000000105e+02 4.310000000000000000e+02 1.310709228515625000e+02
1.636129999999999995e+02 4.730000000000000000e+02 1.310688934326171875e+02
1.639490000000000123e+02 6.250000000000000000e+02 1.310689086914062500e+02
1.642849999999999966e+02 6.350000000000000000e+02 1.310713958740234375e+02
1.646210000000000093e+02 7.390000000000000000e+02 1.310673217773437500e+02
1.649579999999999984e+02 8.780000000000000000e+02 1.310673828125000000e+02
1.652940000000000111e+02 7.490000000000000000e+02 1.310698852539062500e+02
1.656299999999999955e+02 6.060000000000000000e+02 1.310713348388671875e+02
1.659670000000000130e+02 7.320000000000000000e+02 1.310682067871093750e+02
1.663029999999999973e+02 8.200000000000000000e+02 1.310701751708984375e+02
1.666390000000000100e+02 7.680000000000000000e+02 1.310688323974609375e+02
1.669749999999999943e+02 8.270000000000000000e+02 1.310693054199218750e+02
1.673120000000000118e+02 8.570000000000000000e+02 1.310694427490234375e+02
1.676479999999999961e+02 8.780000000000000000e+02 1.310686035156250000e+02
1.679840000000000089e+02 9.360000000000000000e+02 1.310679779052734375e+02
1.683209999999999980e+02 7.590000000000000000e+02 1.310684204101562500e+02
1.686570000000000107e+02 9.800000000000000000e+02 1.310692443847656250e+02
1.689929999999999950e+02 9.590000000000000000e+02 1.310703887939453125e+02
1.693300000000000125e+02 7.190000000000000000e+02 1.310669403076171875e+02
1.696659999999999968e+02 7.570000000000000000e+02 1.310693511962890625e+02
1.700020000000000095e+02 7.320000000000000000e+02 1.310661163330078125e+02
1.703389999999999986e+02 6.530000000000000000e+02 1.310691986083984375e+02
1.706750000000000114e+02 8.050000000000000000e+02 1.310702209472656250e+02
1.710130000000000052e+02 7.410000000000000000e+02 1.310692443847656250e+02
1.713499999999999943e+02 6.000000000000000000e+02 1.310687713623046875e+02
1.716860000000000070e+02 7.760000000000000000e+02 1.310705871582031250e+02
1.720229999999999961e+02 5.540000000000000000e+02 1.310679016113281250e+02
1.723590000000000089e+02 4.280000000000000000e+02 1.310679931640625000e+02
1.726949999999999932e+02 6.710000000000000000e+02 1.310690917968750000e+02
1.730320000000000107e+02 4.780000000000000000e+02 1.310700073242187500e+02
1.733679999999999950e+02 3.180000000000000000e+02 1.310713348388671875e+02
1.737040000000000077e+02 3.150000000000000000e+02 1.310711822509765625e+02
1.740399999999999920e+02 4.020000000000000000e+02 1.310666656494140625e+02
1.743770000000000095e+02 2.130000000000000000e+02 1.310697174072265625e+02
1.747129999999999939e+02 2.640000000000000000e+02 1.310691986083984375e+02
1.750490000000000066e+02 1.620000000000000000e+02 1.310715332031250000e+02
1.753859999999999957e+02 1.870000000000000000e+02 1.310676574707031250e+02
1.757230000000000132e+02 1.690000000000000000e+02 1.310697937011718750e+02
1.760589999999999975e+02 1.590000000000000000e+02 1.310756072998046875e+02
1.763959999999999866e+02 8.200000000000000000e+01 1.310728607177734375e+02
1.767319999999999993e+02 1.990000000000000000e+02 1.310638275146484375e+02
1.770680000000000121e+02 2.440000000000000000e+02 1.310569763183593750e+02
1.774050000000000011e+02 1.990000000000000000e+02 1.310687103271484375e+02
1.777410000000000139e+02 8.400000000000000000e+01 1.310601806640625000e+02
1.780769999999999982e+02 1.030000000000000000e+02 1.310697021484375000e+02
1.784130000000000109e+02 1.010000000000000000e+02 1.310673675537109375e+02
1.787500000000000000e+02 7.600000000000000000e+01 1.310603485107421875e+02
1.790860000000000127e+02 1.160000000000000000e+02 1.310706787109375000e+02
1.794219999999999970e+02 4.800000000000000000e+01 1.310599670410156250e+02
1.797589999999999861e+02 8.000000000000000000e+01 1.310661315917968750e+02
