1.992690000000000055e+02 1.340000000000000000e+02 5.051858520507812500e+02
1.996049999999999898e+02 2.000000000000000000e+02 5.051957397460937500e+02
1.999410000000000025e+02 3.100000000000000000e+02 5.052000427246093750e+02
2.002779999999999916e+02 4.210000000000000000e+02 5.051978454589843750e+02
2.006140000000000043e+02 7.000000000000000000e+02 5.051955566406250000e+02
2.009499999999999886e+02 7.980000000000000000e+02 5.051935424804687500e+02
2.012880000000000109e+02 9.720000000000000000e+02 5.051942138671875000e+02
2.016239999999999952e+02 8.010000000000000000e+02 5.051939392089843750e+02
2.019610000000000127e+02 8.780000000000000000e+02 5.051925354003906250e+02
2.022969999999999970e+02 7.110000000000000000e+02 5.051889648437500000e+02
2.026339999999999861e+02 4.150000000000000000e+02 5.051946716308593750e+02
2.029699999999999989e+02 3.540000000000000000e+02 5.051941528320312500e+02
2.033060000000000116e+02 3.770000000000000000e+02 5.051922607421875000e+02
2.036430000000000007e+02 2.420000000000000000e+02 5.051956176757812500e+02
2.039790000000000134e+02 2.540000000000000000e+02 5.051932678222656250e+02
2.043149999999999977e+02 1.770000000000000000e+02 5.051773681640625000e+02
2.046519999999999868e+02 1.610000000000000000e+02 5.051841735839843750e+02
2.049879999999999995e+02 1.560000000000000000e+02 5.051996765136718750e+02
