3.242099999999999937e+01 1.193800000000000000e+04 3.960516662597656250e+02
3.275699999999999790e+01 9.642000000000000000e+03 3.960534667968750000e+02
3.309400000000000119e+01 8.282000000000000000e+03 3.960537719726562500e+02
3.342999999999999972e+01 7.200000000000000000e+03 3.960534057617187500e+02
3.376599999999999824e+01 5.762000000000000000e+03 3.960533142089843750e+02
3.410300000000000153e+01 4.129000000000000000e+03 3.960539550781250000e+02
3.443900000000000006e+01 3.649000000000000000e+03 3.960546264648437500e+02
3.477499999999999858e+01 3.278000000000000000e+03 3.960511474609375000e+02
3.511200000000000188e+01 2.316000000000000000e+03 3.960543212890625000e+02
3.544800000000000040e+01 2.039000000000000000e+03 3.960549621582031250e+02
3.578399999999999892e+01 2.001000000000000000e+03 3.960581665039062500e+02
3.611999999999999744e+01 1.789000000000000000e+03 3.960499877929687500e+02
3.645700000000000074e+01 1.082000000000000000e+03 3.960513610839843750e+02
3.679299999999999926e+01 1.000000000000000000e+03 3.960505371093750000e+02
3.712899999999999778e+01 6.640000000000000000e+02 3.960530700683593750e+02
3.746600000000000108e+01 7.630000000000000000e+02 3.960513305664062500e+02
3.780199999999999960e+01 6.580000000000000000e+02 3.960469055175781250e+02
3.813799999999999812e+01 4.470000000000000000e+02 3.960527038574218750e+02
3.847500000000000142e+01 6.290000000000000000e+02 3.960480651855468750e+02
3.881099999999999994e+01 4.910000000000000000e+02 3.960554199218750000e+02
3.914699999999999847e+01 4.830000000000000000e+02 3.960627136230468750e+02
3.948299999999999699e+01 3.310000000000000000e+02 3.960569763183593750e+02
3.982099999999999795e+01 3.820000000000000000e+02 3.960541992187500000e+02
4.015699999999999648e+01 3.880000000000000000e+02 3.960533447265625000e+02
4.049399999999999977e+01 3.680000000000000000e+02 3.960574645996093750e+02
4.082999999999999829e+01 3.160000000000000000e+02 3.960538940429687500e+02
4.116599999999999682e+01 3.480000000000000000e+02 3.960470886230468750e+02
4.150300000000000011e+01 3.070000000000000000e+02 3.960516662597656250e+02
4.183899999999999864e+01 2.450000000000000000e+02 3.960521240234375000e+02
4.217499999999999716e+01 3.290000000000000000e+02 3.960456542968750000e+02
4.251200000000000045e+01 2.880000000000000000e+02 3.960559692382812500e+02
4.284799999999999898e+01 9.480000000000000000e+02 3.960523071289062500e+02
4.318399999999999750e+01 2.561000000000000000e+03 3.960530395507812500e+02
4.352000000000000313e+01 5.608000000000000000e+03 3.960521850585937500e+02
4.385699999999999932e+01 6.176000000000000000e+03 3.960534362792968750e+02
4.419299999999999784e+01 6.240000000000000000e+03 3.960538330078125000e+02
4.452900000000000347e+01 5.601000000000000000e+03 3.960527954101562500e+02
4.486599999999999966e+01 4.716000000000000000e+03 3.960549011230468750e+02
4.520300000000000296e+01 3.813000000000000000e+03 3.960545349121093750e+02
4.553900000000000148e+01 3.391000000000000000e+03 3.960540771484375000e+02
4.587500000000000000e+01 2.580000000000000000e+03 3.960567016601562500e+02
4.621200000000000330e+01 1.945000000000000000e+03 3.960571899414062500e+02
4.654800000000000182e+01 1.410000000000000000e+03 3.960610046386718750e+02
4.688400000000000034e+01 1.289000000000000000e+03 3.960573425292968750e+02
4.722099999999999653e+01 9.320000000000000000e+02 3.960603637695312500e+02
4.755700000000000216e+01 7.540000000000000000e+02 3.960673217773437500e+02
4.789300000000000068e+01 4.710000000000000000e+02 3.960702819824218750e+02
4.822999999999999687e+01 4.640000000000000000e+02 3.960582275390625000e+02
4.856600000000000250e+01 4.270000000000000000e+02 3.960581359863281250e+02
4.890200000000000102e+01 4.160000000000000000e+02 3.960620422363281250e+02
4.923799999999999955e+01 4.590000000000000000e+02 3.960558166503906250e+02
4.957500000000000284e+01 4.340000000000000000e+02 3.960560607910156250e+02
4.991299999999999670e+01 2.760000000000000000e+02 3.960535888671875000e+02
5.024900000000000233e+01 4.170000000000000000e+02 3.960557556152343750e+02
5.058500000000000085e+01 3.100000000000000000e+02 3.960544128417968750e+02
5.092099999999999937e+01 3.450000000000000000e+02 3.960517272949218750e+02
5.125800000000000267e+01 3.070000000000000000e+02 3.960632934570312500e+02
5.159400000000000119e+01 3.700000000000000000e+02 3.960532836914062500e+02
5.192999999999999972e+01 2.250000000000000000e+02 3.960554809570312500e+02
5.226700000000000301e+01 2.830000000000000000e+02 3.960483398437500000e+02
5.260300000000000153e+01 2.280000000000000000e+02 3.960591125488281250e+02
5.293900000000000006e+01 2.170000000000000000e+02 3.960528259277343750e+02
5.327600000000000335e+01 2.830000000000000000e+02 3.960498657226562500e+02
5.361200000000000188e+01 3.000000000000000000e+02 3.960541076660156250e+02
5.394800000000000040e+01 2.470000000000000000e+02 3.960572204589843750e+02
5.428399999999999892e+01 2.520000000000000000e+02 3.960499877929687500e+02
5.462100000000000222e+01 1.840000000000000000e+02 3.960564270019531250e+02
5.495700000000000074e+01 2.730000000000000000e+02 3.960477905273437500e+02
5.529299999999999926e+01 2.320000000000000000e+02 3.960444030761718750e+02
5.563000000000000256e+01 1.820000000000000000e+02 3.960429992675781250e+02
5.596600000000000108e+01 2.390000000000000000e+02 3.960484008789062500e+02
5.630199999999999960e+01 2.180000000000000000e+02 3.960509338378906250e+02
5.663900000000000290e+01 2.780000000000000000e+02 3.960504150390625000e+02
5.697500000000000142e+01 2.130000000000000000e+02 3.960552978515625000e+02
5.731099999999999994e+01 1.550000000000000000e+02 3.960436706542968750e+02
5.764699999999999847e+01 1.990000000000000000e+02 3.960527648925781250e+02
5.798400000000000176e+01 2.270000000000000000e+02 3.960400085449218750e+02
5.832000000000000028e+01 8.700000000000000000e+01 3.960520019531250000e+02
5.865599999999999881e+01 1.610000000000000000e+02 3.960527648925781250e+02
5.899300000000000210e+01 8.600000000000000000e+01 3.960547485351562500e+02
5.932900000000000063e+01 2.170000000000000000e+02 3.960467834472656250e+02
5.966499999999999915e+01 2.040000000000000000e+02 3.960589904785156250e+02
6.000300000000000011e+01 2.930000000000000000e+02 3.960457458496093750e+02
6.033899999999999864e+01 1.680000000000000000e+02 3.960518493652343750e+02
6.067620000000000147e+01 1.810000000000000000e+02 3.960408630371093750e+02
6.101279999999999859e+01 1.640000000000000000e+02 3.960487670898437500e+02
6.134879999999999711e+01 1.850000000000000000e+02 3.960433044433593750e+02
