4.284799999999999898e+01 8.600000000000000000e+01 2.951016540527343750e+02
4.318399999999999750e+01 2.440000000000000000e+02 2.950999755859375000e+02
4.352000000000000313e+01 3.400000000000000000e+02 2.950973815917968750e+02
4.385699999999999932e+01 7.200000000000000000e+02 2.950990600585937500e+02
4.419299999999999784e+01 8.240000000000000000e+02 2.950989990234375000e+02
4.452900000000000347e+01 9.300000000000000000e+02 2.951020202636718750e+02
4.486599999999999966e+01 5.090000000000000000e+02 2.950987548828125000e+02
4.520300000000000296e+01 5.230000000000000000e+02 2.950987548828125000e+02
4.553900000000000148e+01 1.940000000000000000e+02 2.950998229980468750e+02
4.587500000000000000e+01 2.510000000000000000e+02 2.950981445312500000e+02
4.621200000000000330e+01 2.890000000000000000e+02 2.950917968750000000e+02
4.654800000000000182e+01 2.280000000000000000e+02 2.950979614257812500e+02
4.688400000000000034e+01 9.500000000000000000e+01 2.950827636718750000e+02
4.722099999999999653e+01 4.900000000000000000e+01 2.950962219238281250e+02
