1.306440000000000055e+02 1.440000000000000000e+02 1.241113662719726562e+02
1.309799999999999898e+02 2.240000000000000000e+02 1.241096496582031250e+02
1.313170000000000073e+02 4.090000000000000000e+02 1.241142807006835938e+02
1.316529999999999916e+02 3.000000000000000000e+02 1.241115722656250000e+02
1.319890000000000043e+02 5.770000000000000000e+02 1.241109771728515625e+02
1.323249999999999886e+02 3.630000000000000000e+02 1.241145401000976562e+02
1.326620000000000061e+02 3.750000000000000000e+02 1.241117630004882812e+02
1.329979999999999905e+02 5.840000000000000000e+02 1.241125411987304688e+02
1.333340000000000032e+02 5.540000000000000000e+02 1.241131973266601562e+02
1.336709999999999923e+02 6.040000000000000000e+02 1.241134414672851562e+02
1.340070000000000050e+02 6.650000000000000000e+02 1.241136322021484375e+02
1.343429999999999893e+02 3.970000000000000000e+02 1.241144790649414062e+02
1.346800000000000068e+02 9.080000000000000000e+02 1.241120071411132812e+02
1.350159999999999911e+02 6.960000000000000000e+02 1.241142730712890625e+02
1.353520000000000039e+02 8.270000000000000000e+02 1.241125793457031250e+02
1.356879999999999882e+02 7.670000000000000000e+02 1.241134338378906250e+02
1.360250000000000057e+02 7.550000000000000000e+02 1.241136016845703125e+02
1.363609999999999900e+02 6.560000000000000000e+02 1.241151351928710938e+02
1.366970000000000027e+02 9.030000000000000000e+02 1.241128082275390625e+02
1.370339999999999918e+02 8.980000000000000000e+02 1.241125106811523438e+02
1.373729999999999905e+02 6.760000000000000000e+02 1.241121978759765625e+02
1.377090000000000032e+02 7.910000000000000000e+02 1.241130676269531250e+02
1.380459999999999923e+02 8.020000000000000000e+02 1.241128997802734375e+02
1.383830000000000098e+02 7.610000000000000000e+02 1.241122817993164062e+02
1.387189999999999941e+02 7.520000000000000000e+02 1.241117248535156250e+02
1.390550000000000068e+02 8.430000000000000000e+02 1.241147918701171875e+02
1.393919999999999959e+02 6.750000000000000000e+02 1.241149597167968750e+02
1.397280000000000086e+02 7.720000000000000000e+02 1.241130447387695312e+02
1.400649999999999977e+02 4.440000000000000000e+02 1.241128311157226562e+02
1.404010000000000105e+02 7.150000000000000000e+02 1.241143264770507812e+02
1.407390000000000043e+02 7.140000000000000000e+02 1.241129531860351562e+02
1.410749999999999886e+02 9.690000000000000000e+02 1.241146926879882812e+02
1.414120000000000061e+02 7.480000000000000000e+02 1.241124954223632812e+02
1.417479999999999905e+02 1.006000000000000000e+03 1.241114730834960938e+02
1.420840000000000032e+02 8.770000000000000000e+02 1.241135559082031250e+02
1.424199999999999875e+02 8.470000000000000000e+02 1.241132202148437500e+02
1.427570000000000050e+02 7.500000000000000000e+02 1.241115951538085938e+02
1.430929999999999893e+02 9.030000000000000000e+02 1.241117172241210938e+02
1.434290000000000020e+02 6.760000000000000000e+02 1.241149520874023438e+02
1.437659999999999911e+02 6.220000000000000000e+02 1.241145248413085938e+02
1.441020000000000039e+02 5.540000000000000000e+02 1.241125335693359375e+02
1.444379999999999882e+02 5.770000000000000000e+02 1.241141052246093750e+02
1.447750000000000057e+02 5.790000000000000000e+02 1.241131668090820312e+02
1.451119999999999948e+02 6.800000000000000000e+02 1.241138229370117188e+02
1.454480000000000075e+02 7.460000000000000000e+02 1.241134796142578125e+02
1.457849999999999966e+02 4.870000000000000000e+02 1.241157608032226562e+02
1.461210000000000093e+02 5.930000000000000000e+02 1.241140594482421875e+02
1.464569999999999936e+02 8.280000000000000000e+02 1.241128082275390625e+02
1.467930000000000064e+02 5.080000000000000000e+02 1.241127548217773438e+02
1.471299999999999955e+02 4.650000000000000000e+02 1.241128921508789062e+02
1.474660000000000082e+02 6.380000000000000000e+02 1.241137695312500000e+02
1.478019999999999925e+02 4.460000000000000000e+02 1.241136169433593750e+02
1.481390000000000100e+02 6.230000000000000000e+02 1.241140747070312500e+02
1.484749999999999943e+02 6.460000000000000000e+02 1.241137924194335938e+02
1.488110000000000070e+02 4.640000000000000000e+02 1.241172103881835938e+02
1.491479999999999961e+02 4.240000000000000000e+02 1.241148300170898438e+02
1.494840000000000089e+02 3.370000000000000000e+02 1.241142120361328125e+02
1.498199999999999932e+02 3.920000000000000000e+02 1.241123733520507812e+02
1.501570000000000107e+02 4.720000000000000000e+02 1.241094741821289062e+02
1.504929999999999950e+02 3.620000000000000000e+02 1.241112136840820312e+02
1.508309999999999889e+02 2.810000000000000000e+02 1.241154479980468750e+02
1.511670000000000016e+02 2.100000000000000000e+02 1.241100845336914062e+02
1.515039999999999907e+02 8.100000000000000000e+01 1.241123962402343750e+02
1.518400000000000034e+02 1.290000000000000000e+02 1.241091995239257812e+02
1.521759999999999877e+02 8.800000000000000000e+01 1.241156311035156250e+02
1.525130000000000052e+02 1.880000000000000000e+02 1.241132659912109375e+02
1.528489999999999895e+02 2.070000000000000000e+02 1.241144256591796875e+02
1.531850000000000023e+02 1.020000000000000000e+02 1.241119003295898438e+02
1.535209999999999866e+02 5.600000000000000000e+01 1.241134185791015625e+02
1.538580000000000041e+02 9.500000000000000000e+01 1.241084442138671875e+02
1.541939999999999884e+02 6.700000000000000000e+01 1.241029739379882812e+02
1.545300000000000011e+02 2.020000000000000000e+02 1.241155471801757812e+02
1.548669999999999902e+02 1.380000000000000000e+02 1.241130294799804688e+02
1.552030000000000030e+02 4.700000000000000000e+01 1.241145477294921875e+02
