8.374080000000000155e+02 1.630000000000000000e+02 3.091599121093750000e+02
8.377440000000000282e+02 1.650000000000000000e+02 3.091775512695312500e+02
8.380800000000000409e+02 1.580000000000000000e+02 3.091621093750000000e+02
8.384160000000000537e+02 2.770000000000000000e+02 3.091698303222656250e+02
8.387519999999999527e+02 3.400000000000000000e+02 3.091659545898437500e+02
8.390879999999999654e+02 4.190000000000000000e+02 3.091663513183593750e+02
8.394239999999999782e+02 6.050000000000000000e+02 3.091714782714843750e+02
8.397599999999999909e+02 6.910000000000000000e+02 3.091610107421875000e+02
8.400960000000000036e+02 6.320000000000000000e+02 3.091687927246093750e+02
8.404320000000000164e+02 8.170000000000000000e+02 3.091593627929687500e+02
8.407680000000000291e+02 8.220000000000000000e+02 3.091607360839843750e+02
8.411040000000000418e+02 5.600000000000000000e+02 3.091594238281250000e+02
8.414400000000000546e+02 5.690000000000000000e+02 3.091545410156250000e+02
8.417759999999999536e+02 5.230000000000000000e+02 3.091549682617187500e+02
8.421119999999999663e+02 5.530000000000000000e+02 3.091572570800781250e+02
8.424479999999999791e+02 3.490000000000000000e+02 3.091525573730468750e+02
8.427899999999999636e+02 3.990000000000000000e+02 3.091512756347656250e+02
8.431259999999999764e+02 3.050000000000000000e+02 3.091647644042968750e+02
8.434619999999999891e+02 2.390000000000000000e+02 3.091595458984375000e+02
8.437980000000000018e+02 2.880000000000000000e+02 3.091576232910156250e+02
8.441340000000000146e+02 1.050000000000000000e+02 3.091622619628906250e+02
