5.531539999999999964e+02 7.300000000000000000e+01 4.902770385742187500e+02
5.534900000000000091e+02 7.400000000000000000e+01 4.902847290039062500e+02
5.538260000000000218e+02 2.190000000000000000e+02 4.902793273925781250e+02
5.541620000000000346e+02 3.160000000000000000e+02 4.902904968261718750e+02
5.545000000000000000e+02 5.640000000000000000e+02 4.902896118164062500e+02
5.548369999999999891e+02 6.380000000000000000e+02 4.902888793945312500e+02
5.551730000000000018e+02 6.770000000000000000e+02 4.902844238281250000e+02
5.555090000000000146e+02 8.070000000000000000e+02 4.902935485839843750e+02
5.558450000000000273e+02 6.340000000000000000e+02 4.902886047363281250e+02
5.561820000000000164e+02 5.260000000000000000e+02 4.902960205078125000e+02
5.565180000000000291e+02 8.150000000000000000e+02 4.902826843261718750e+02
5.568540000000000418e+02 4.920000000000000000e+02 4.902904663085937500e+02
5.571910000000000309e+02 4.020000000000000000e+02 4.902854003906250000e+02
5.575270000000000437e+02 4.470000000000000000e+02 4.902944946289062500e+02
