2.914440000000000168e+02 1.190000000000000000e+02 1.560772399902343750e+02
2.917810000000000059e+02 8.300000000000000000e+01 1.560875244140625000e+02
2.921179999999999950e+02 3.950000000000000000e+02 1.560844421386718750e+02
2.924549999999999841e+02 4.880000000000000000e+02 1.560870056152343750e+02
2.927909999999999968e+02 7.000000000000000000e+02 1.560835266113281250e+02
2.931270000000000095e+02 7.810000000000000000e+02 1.560880737304687500e+02
2.934639999999999986e+02 4.140000000000000000e+02 1.560852966308593750e+02
2.938000000000000114e+02 5.640000000000000000e+02 1.560870208740234375e+02
2.941360000000000241e+02 6.590000000000000000e+02 1.560834808349609375e+02
2.944719999999999800e+02 4.780000000000000000e+02 1.560875854492187500e+02
2.948090000000000259e+02 7.870000000000000000e+02 1.560862731933593750e+02
2.951449999999999818e+02 6.990000000000000000e+02 1.560872344970703125e+02
2.954809999999999945e+02 7.840000000000000000e+02 1.560864105224609375e+02
2.958179999999999836e+02 5.150000000000000000e+02 1.560828247070312500e+02
2.961539999999999964e+02 4.240000000000000000e+02 1.560819549560546875e+02
2.964900000000000091e+02 4.930000000000000000e+02 1.560848999023437500e+02
2.968269999999999982e+02 6.690000000000000000e+02 1.560828552246093750e+02
2.971630000000000109e+02 4.700000000000000000e+02 1.560851287841796875e+02
2.975000000000000000e+02 5.250000000000000000e+02 1.560843811035156250e+02
2.978360000000000127e+02 4.030000000000000000e+02 1.560834197998046875e+02
2.981720000000000255e+02 3.650000000000000000e+02 1.560824127197265625e+02
2.985090000000000146e+02 2.960000000000000000e+02 1.560809936523437500e+02
2.988450000000000273e+02 3.850000000000000000e+02 1.560863647460937500e+02
2.991809999999999832e+02 1.600000000000000000e+02 1.560855102539062500e+02
2.995179999999999723e+02 1.570000000000000000e+02 1.560872802734375000e+02
2.998539999999999850e+02 2.890000000000000000e+02 1.560799102783203125e+02
3.001899999999999977e+02 1.700000000000000000e+02 1.560920562744140625e+02
3.005269999999999868e+02 2.240000000000000000e+02 1.560800933837890625e+02
