7.832459999999999809e+02 5.600000000000000000e+01 3.762362365722656250e+02
7.835819999999999936e+02 1.060000000000000000e+02 3.762449645996093750e+02
7.839180000000000064e+02 2.590000000000000000e+02 3.762505798339843750e+02
7.842540000000000191e+02 3.190000000000000000e+02 3.762463378906250000e+02
7.845900000000000318e+02 3.950000000000000000e+02 3.762480163574218750e+02
7.849260000000000446e+02 4.160000000000000000e+02 3.762597656250000000e+02
7.852619999999999436e+02 5.660000000000000000e+02 3.762543334960937500e+02
7.855979999999999563e+02 7.820000000000000000e+02 3.762494812011718750e+02
7.859400000000000546e+02 5.490000000000000000e+02 3.762533264160156250e+02
7.862759999999999536e+02 7.120000000000000000e+02 3.762526245117187500e+02
7.866119999999999663e+02 7.620000000000000000e+02 3.762530212402343750e+02
7.869479999999999791e+02 6.770000000000000000e+02 3.762495422363281250e+02
7.872839999999999918e+02 7.330000000000000000e+02 3.762528991699218750e+02
7.876200000000000045e+02 4.350000000000000000e+02 3.762498779296875000e+02
7.879560000000000173e+02 5.210000000000000000e+02 3.762523803710937500e+02
7.882920000000000300e+02 3.730000000000000000e+02 3.762517089843750000e+02
7.886280000000000427e+02 2.880000000000000000e+02 3.762451477050781250e+02
7.889640000000000555e+02 3.600000000000000000e+02 3.762461853027343750e+02
7.892999999999999545e+02 2.010000000000000000e+02 3.762421264648437500e+02
7.896359999999999673e+02 2.080000000000000000e+02 3.762420959472656250e+02
7.899719999999999800e+02 1.220000000000000000e+02 3.762559204101562500e+02
7.903139999999999645e+02 6.400000000000000000e+01 3.762510986328125000e+02
7.906499999999999773e+02 8.600000000000000000e+01 3.762373352050781250e+02
7.909859999999999900e+02 6.800000000000000000e+01 3.762433471679687500e+02
