7.502820000000000391e+02 4.460000000000000000e+02 2.451311645507812500e+02
7.506180000000000518e+02 5.620000000000000000e+02 2.451347198486328125e+02
7.509539999999999509e+02 5.670000000000000000e+02 2.451369171142578125e+02
7.512899999999999636e+02 7.430000000000000000e+02 2.451400909423828125e+02
7.516259999999999764e+02 6.530000000000000000e+02 2.451432952880859375e+02
7.519619999999999891e+02 6.070000000000000000e+02 2.451404876708984375e+02
7.522980000000000018e+02 5.000000000000000000e+02 2.451407012939453125e+02
7.526340000000000146e+02 6.490000000000000000e+02 2.451382141113281250e+02
7.529700000000000273e+02 4.140000000000000000e+02 2.451432189941406250e+02
7.533060000000000400e+02 4.380000000000000000e+02 2.451387329101562500e+02
7.536420000000000528e+02 4.330000000000000000e+02 2.451383666992187500e+02
7.539840000000000373e+02 3.900000000000000000e+02 2.451416168212890625e+02
7.543139999999999645e+02 1.490000000000000000e+02 2.451401824951171875e+02
7.546559999999999491e+02 2.630000000000000000e+02 2.451360473632812500e+02
7.549919999999999618e+02 1.650000000000000000e+02 2.451348114013671875e+02
7.553279999999999745e+02 2.060000000000000000e+02 2.451447296142578125e+02
7.556639999999999873e+02 1.070000000000000000e+02 2.451247100830078125e+02
7.560000000000000000e+02 8.900000000000000000e+01 2.451381072998046875e+02
7.563360000000000127e+02 1.390000000000000000e+02 2.451420898437500000e+02
7.566720000000000255e+02 9.900000000000000000e+01 2.451390380859375000e+02
7.570080000000000382e+02 9.100000000000000000e+01 2.451351928710937500e+02
