1.205520000000000067e+02 4.900000000000000000e+01 4.181235961914062500e+02
1.208880000000000052e+02 8.800000000000000000e+01 4.181320800781250000e+02
1.212240000000000038e+02 1.770000000000000000e+02 4.181297302246093750e+02
1.215610000000000070e+02 3.660000000000000000e+02 4.181336975097656250e+02
1.218970000000000056e+02 2.750000000000000000e+02 4.181373291015625000e+02
1.222330000000000041e+02 3.210000000000000000e+02 4.181380310058593750e+02
1.225690000000000026e+02 5.760000000000000000e+02 4.181323547363281250e+02
1.229060000000000059e+02 4.350000000000000000e+02 4.181365661621093750e+02
1.232429999999999950e+02 3.800000000000000000e+02 4.181308288574218750e+02
1.235789999999999935e+02 4.260000000000000000e+02 4.181356506347656250e+02
1.239159999999999968e+02 6.150000000000000000e+02 4.181361389160156250e+02
1.242519999999999953e+02 5.370000000000000000e+02 4.181350402832031250e+02
1.245889999999999986e+02 4.730000000000000000e+02 4.181275634765625000e+02
1.249249999999999972e+02 5.260000000000000000e+02 4.181360473632812500e+02
1.252609999999999957e+02 5.410000000000000000e+02 4.181322937011718750e+02
1.255979999999999990e+02 4.490000000000000000e+02 4.181311950683593750e+02
1.259339999999999975e+02 5.530000000000000000e+02 4.181342773437500000e+02
1.262699999999999960e+02 5.080000000000000000e+02 4.181361083984375000e+02
1.266069999999999993e+02 6.000000000000000000e+02 4.181378479003906250e+02
1.269429999999999978e+02 5.180000000000000000e+02 4.181338806152343750e+02
1.272789999999999964e+02 6.260000000000000000e+02 4.181309814453125000e+02
1.276149999999999949e+02 6.620000000000000000e+02 4.181341857910156250e+02
1.279519999999999982e+02 7.000000000000000000e+02 4.181330566406250000e+02
1.282880000000000109e+02 4.160000000000000000e+02 4.181412353515625000e+02
1.286239999999999952e+02 4.960000000000000000e+02 4.181264038085937500e+02
1.289610000000000127e+02 5.630000000000000000e+02 4.181355590820312500e+02
1.292969999999999970e+02 4.970000000000000000e+02 4.181314392089843750e+02
1.296330000000000098e+02 4.530000000000000000e+02 4.181382446289062500e+02
1.299699999999999989e+02 6.070000000000000000e+02 4.181370239257812500e+02
1.303060000000000116e+02 4.650000000000000000e+02 4.181323547363281250e+02
1.306440000000000055e+02 4.920000000000000000e+02 4.181377868652343750e+02
1.309799999999999898e+02 5.070000000000000000e+02 4.181339721679687500e+02
1.313170000000000073e+02 5.430000000000000000e+02 4.181355895996093750e+02
1.316529999999999916e+02 5.040000000000000000e+02 4.181334533691406250e+02
1.319890000000000043e+02 3.900000000000000000e+02 4.181332092285156250e+02
1.323249999999999886e+02 4.700000000000000000e+02 4.181394958496093750e+02
1.326620000000000061e+02 5.210000000000000000e+02 4.181434020996093750e+02
1.329979999999999905e+02 4.170000000000000000e+02 4.181354370117187500e+02
1.333340000000000032e+02 3.600000000000000000e+02 4.181326904296875000e+02
1.336709999999999923e+02 3.440000000000000000e+02 4.181323852539062500e+02
1.340070000000000050e+02 1.940000000000000000e+02 4.181310119628906250e+02
1.343429999999999893e+02 4.420000000000000000e+02 4.181297912597656250e+02
1.346800000000000068e+02 3.160000000000000000e+02 4.181300659179687500e+02
1.350159999999999911e+02 3.320000000000000000e+02 4.181327819824218750e+02
1.353520000000000039e+02 4.520000000000000000e+02 4.181300964355468750e+02
1.356879999999999882e+02 4.210000000000000000e+02 4.181239624023437500e+02
1.360250000000000057e+02 3.120000000000000000e+02 4.181304931640625000e+02
1.363609999999999900e+02 2.150000000000000000e+02 4.181310119628906250e+02
1.366970000000000027e+02 2.600000000000000000e+02 4.181264953613281250e+02
1.370339999999999918e+02 1.780000000000000000e+02 4.181412048339843750e+02
1.373729999999999905e+02 1.800000000000000000e+02 4.181434936523437500e+02
1.377090000000000032e+02 9.500000000000000000e+01 4.181282043457031250e+02
1.380459999999999923e+02 6.900000000000000000e+01 4.181522216796875000e+02
1.383830000000000098e+02 1.820000000000000000e+02 4.181321716308593750e+02
1.387189999999999941e+02 1.500000000000000000e+02 4.181362915039062500e+02
1.390550000000000068e+02 1.100000000000000000e+02 4.181451721191406250e+02
1.393919999999999959e+02 2.390000000000000000e+02 4.181373596191406250e+02
1.397280000000000086e+02 1.750000000000000000e+02 4.181332397460937500e+02
1.400649999999999977e+02 9.100000000000000000e+01 4.181444702148437500e+02
1.404010000000000105e+02 1.410000000000000000e+02 4.181247558593750000e+02
1.407390000000000043e+02 1.060000000000000000e+02 4.181394348144531250e+02
1.410749999999999886e+02 1.080000000000000000e+02 4.181340026855468750e+02
1.414120000000000061e+02 1.130000000000000000e+02 4.181304321289062500e+02
