8.845019999999999527e+02 6.740000000000000000e+02 7.545234375000000000e+02
8.848379999999999654e+02 5.410000000000000000e+02 7.545173950195312500e+02
8.851739999999999782e+02 5.450000000000000000e+02 7.545183715820312500e+02
8.855099999999999909e+02 5.680000000000000000e+02 7.545220947265625000e+02
8.858460000000000036e+02 5.130000000000000000e+02 7.545252075195312500e+02
8.861820000000000164e+02 5.030000000000000000e+02 7.545243530273437500e+02
8.865180000000000291e+02 4.380000000000000000e+02 7.545199584960937500e+02
8.868540000000000418e+02 4.700000000000000000e+02 7.545256347656250000e+02
8.871900000000000546e+02 5.280000000000000000e+02 7.545250244140625000e+02
8.875259999999999536e+02 5.760000000000000000e+02 7.545245971679687500e+02
8.878619999999999663e+02 5.890000000000000000e+02 7.545209960937500000e+02
8.881979999999999791e+02 4.910000000000000000e+02 7.545200195312500000e+02
8.885339999999999918e+02 6.020000000000000000e+02 7.545189208984375000e+02
8.888700000000000045e+02 6.040000000000000000e+02 7.545221557617187500e+02
8.892119999999999891e+02 4.540000000000000000e+02 7.545222167968750000e+02
8.895480000000000018e+02 5.170000000000000000e+02 7.545296630859375000e+02
8.898780000000000427e+02 6.650000000000000000e+02 7.545231323242187500e+02
8.902200000000000273e+02 5.840000000000000000e+02 7.545326538085937500e+02
8.905560000000000400e+02 6.620000000000000000e+02 7.545202636718750000e+02
8.908920000000000528e+02 4.990000000000000000e+02 7.545274047851562500e+02
8.912279999999999518e+02 4.250000000000000000e+02 7.545170288085937500e+02
8.915639999999999645e+02 5.760000000000000000e+02 7.545285644531250000e+02
8.918999999999999773e+02 5.540000000000000000e+02 7.545206298828125000e+02
8.922359999999999900e+02 5.960000000000000000e+02 7.545307617187500000e+02
8.925720000000000027e+02 5.620000000000000000e+02 7.545163574218750000e+02
8.929080000000000155e+02 5.390000000000000000e+02 7.545241088867187500e+02
8.932440000000000282e+02 5.200000000000000000e+02 7.545180053710937500e+02
8.935800000000000409e+02 6.160000000000000000e+02 7.545244750976562500e+02
8.939160000000000537e+02 5.340000000000000000e+02 7.545184936523437500e+02
8.942519999999999527e+02 6.100000000000000000e+02 7.545192260742187500e+02
8.945879999999999654e+02 4.380000000000000000e+02 7.545164794921875000e+02
8.949239999999999782e+02 5.160000000000000000e+02 7.545159301757812500e+02
8.952599999999999909e+02 3.870000000000000000e+02 7.545190429687500000e+02
8.956019999999999754e+02 4.260000000000000000e+02 7.545143432617187500e+02
8.959379999999999882e+02 4.570000000000000000e+02 7.545228271484375000e+02
8.962740000000000009e+02 4.510000000000000000e+02 7.545187377929687500e+02
8.966100000000000136e+02 5.330000000000000000e+02 7.545198974609375000e+02
8.969460000000000264e+02 5.050000000000000000e+02 7.545241088867187500e+02
8.972820000000000391e+02 5.620000000000000000e+02 7.545236816406250000e+02
8.976180000000000518e+02 5.960000000000000000e+02 7.545160522460937500e+02
8.979539999999999509e+02 4.820000000000000000e+02 7.545227050781250000e+02
8.982899999999999636e+02 5.240000000000000000e+02 7.545159301757812500e+02
8.986259999999999764e+02 4.370000000000000000e+02 7.545170288085937500e+02
8.989619999999999891e+02 4.750000000000000000e+02 7.545274047851562500e+02
8.992980000000000018e+02 6.570000000000000000e+02 7.545206909179687500e+02
8.996340000000000146e+02 4.680000000000000000e+02 7.545289306640625000e+02
8.999700000000000273e+02 4.180000000000000000e+02 7.545227661132812500e+02
9.003060000000000400e+02 3.840000000000000000e+02 7.545256958007812500e+02
9.006480000000000246e+02 4.460000000000000000e+02 7.545132446289062500e+02
9.009779999999999518e+02 4.980000000000000000e+02 7.545185546875000000e+02
9.013200000000000500e+02 6.150000000000000000e+02 7.545123901367187500e+02
9.016559999999999491e+02 6.360000000000000000e+02 7.545222778320312500e+02
9.019919999999999618e+02 5.580000000000000000e+02 7.545061035156250000e+02
9.023279999999999745e+02 5.210000000000000000e+02 7.545180053710937500e+02
9.026639999999999873e+02 6.470000000000000000e+02 7.545203247070312500e+02
9.030000000000000000e+02 5.840000000000000000e+02 7.545213623046875000e+02
9.033360000000000127e+02 4.550000000000000000e+02 7.545147094726562500e+02
9.036720000000000255e+02 5.050000000000000000e+02 7.545170898437500000e+02
9.040080000000000382e+02 3.560000000000000000e+02 7.545210571289062500e+02
9.043440000000000509e+02 4.400000000000000000e+02 7.545153808593750000e+02
9.046799999999999500e+02 5.120000000000000000e+02 7.545129394531250000e+02
9.050159999999999627e+02 4.530000000000000000e+02 7.545248413085937500e+02
9.053519999999999754e+02 4.640000000000000000e+02 7.545252685546875000e+02
9.056879999999999882e+02 3.510000000000000000e+02 7.545332641601562500e+02
9.060240000000000009e+02 4.360000000000000000e+02 7.545177001953125000e+02
9.063600000000000136e+02 4.960000000000000000e+02 7.545144042968750000e+02
9.066960000000000264e+02 3.860000000000000000e+02 7.545128784179687500e+02
9.070320000000000391e+02 5.770000000000000000e+02 7.545206909179687500e+02
9.073740000000000236e+02 4.630000000000000000e+02 7.545225830078125000e+02
9.077100000000000364e+02 4.430000000000000000e+02 7.545180053710937500e+02
9.080460000000000491e+02 4.740000000000000000e+02 7.545172729492187500e+02
9.083819999999999482e+02 5.590000000000000000e+02 7.545189819335937500e+02
9.087179999999999609e+02 4.480000000000000000e+02 7.545248413085937500e+02
9.090539999999999736e+02 4.130000000000000000e+02 7.545157470703125000e+02
9.093899999999999864e+02 4.990000000000000000e+02 7.545244750976562500e+02
9.097259999999999991e+02 5.180000000000000000e+02 7.545194702148437500e+02
9.100620000000000118e+02 5.440000000000000000e+02 7.545208740234375000e+02
9.103980000000000246e+02 3.740000000000000000e+02 7.545206298828125000e+02
9.107340000000000373e+02 4.720000000000000000e+02 7.545190429687500000e+02
9.110760000000000218e+02 4.560000000000000000e+02 7.545244750976562500e+02
9.114059999999999491e+02 4.690000000000000000e+02 7.545137939453125000e+02
9.117480000000000473e+02 4.640000000000000000e+02 7.545251464843750000e+02
9.120839999999999463e+02 4.670000000000000000e+02 7.545306396484375000e+02
9.124199999999999591e+02 4.530000000000000000e+02 7.545175170898437500e+02
9.127559999999999718e+02 5.020000000000000000e+02 7.545135498046875000e+02
9.130919999999999845e+02 5.050000000000000000e+02 7.545061035156250000e+02
9.134279999999999973e+02 4.110000000000000000e+02 7.545205688476562500e+02
9.137640000000000100e+02 4.630000000000000000e+02 7.545223388671875000e+02
