2.752989999999999782e+02 4.120000000000000000e+02 4.171420898437500000e+02
2.756349999999999909e+02 1.268000000000000000e+03 4.171420593261718750e+02
2.759710000000000036e+02 1.956000000000000000e+03 4.171414794921875000e+02
2.763090000000000259e+02 3.039000000000000000e+03 4.171402587890625000e+02
2.766449999999999818e+02 4.651000000000000000e+03 4.171389465332031250e+02
2.769809999999999945e+02 6.054000000000000000e+03 4.171406860351562500e+02
2.773170000000000073e+02 6.941000000000000000e+03 4.171406860351562500e+02
2.776539999999999964e+02 7.107000000000000000e+03 4.171416320800781250e+02
2.779900000000000091e+02 7.504000000000000000e+03 4.171426086425781250e+02
2.783260000000000218e+02 7.101000000000000000e+03 4.171404724121093750e+02
2.786630000000000109e+02 7.238000000000000000e+03 4.171410827636718750e+02
2.789990000000000236e+02 6.801000000000000000e+03 4.171386413574218750e+02
2.793349999999999795e+02 6.172000000000000000e+03 4.171397094726562500e+02
2.796709999999999923e+02 5.091000000000000000e+03 4.171393432617187500e+02
2.800079999999999814e+02 4.924000000000000000e+03 4.171400451660156250e+02
2.803439999999999941e+02 4.284000000000000000e+03 4.171401672363281250e+02
2.806800000000000068e+02 4.121000000000000000e+03 4.171387329101562500e+02
2.810169999999999959e+02 3.570000000000000000e+03 4.171401367187500000e+02
2.813530000000000086e+02 3.355000000000000000e+03 4.171412048339843750e+02
2.816899999999999977e+02 3.444000000000000000e+03 4.171368103027343750e+02
2.820280000000000200e+02 3.150000000000000000e+03 4.171358947753906250e+02
2.823639999999999759e+02 2.847000000000000000e+03 4.171367492675781250e+02
2.826999999999999886e+02 2.787000000000000000e+03 4.171330871582031250e+02
2.830369999999999777e+02 2.542000000000000000e+03 4.171286926269531250e+02
2.833729999999999905e+02 2.396000000000000000e+03 4.171264953613281250e+02
2.837090000000000032e+02 2.361000000000000000e+03 4.171243286132812500e+02
2.840459999999999923e+02 1.914000000000000000e+03 4.171266479492187500e+02
