3.247479999999999905e+02 6.500000000000000000e+01 7.443048095703125000e+02
3.250840000000000032e+02 6.700000000000000000e+01 7.443275756835937500e+02
3.254209999999999923e+02 8.900000000000000000e+01 7.443179321289062500e+02
3.257570000000000050e+02 1.030000000000000000e+02 7.443099365234375000e+02
3.260930000000000177e+02 1.580000000000000000e+02 7.443311157226562500e+02
3.264300000000000068e+02 1.460000000000000000e+02 7.443190917968750000e+02
3.267660000000000196e+02 2.970000000000000000e+02 7.443232421875000000e+02
3.271019999999999754e+02 4.550000000000000000e+02 7.443312377929687500e+02
3.274390000000000214e+02 5.020000000000000000e+02 7.443159790039062500e+02
3.277749999999999773e+02 4.710000000000000000e+02 7.443222045898437500e+02
3.281120000000000232e+02 5.000000000000000000e+02 7.443228149414062500e+02
3.284479999999999791e+02 6.420000000000000000e+02 7.443233032226562500e+02
3.287850000000000250e+02 5.050000000000000000e+02 7.443162841796875000e+02
3.291209999999999809e+02 4.380000000000000000e+02 7.443276367187500000e+02
3.294569999999999936e+02 2.250000000000000000e+02 7.443312988281250000e+02
3.297939999999999827e+02 2.930000000000000000e+02 7.443292846679687500e+02
3.301299999999999955e+02 2.270000000000000000e+02 7.443248901367187500e+02
3.304660000000000082e+02 1.560000000000000000e+02 7.443380737304687500e+02
3.308029999999999973e+02 9.100000000000000000e+01 7.443059692382812500e+02
3.311390000000000100e+02 9.600000000000000000e+01 7.443239746093750000e+02
3.314750000000000227e+02 1.000000000000000000e+02 7.443145751953125000e+02
