9.026639999999999873e+02 2.000000000000000000e+02 6.184355468750000000e+02
9.030000000000000000e+02 2.460000000000000000e+02 6.184384765625000000e+02
9.033360000000000127e+02 2.680000000000000000e+02 6.184359741210937500e+02
9.036720000000000255e+02 3.590000000000000000e+02 6.184335937500000000e+02
9.040080000000000382e+02 5.360000000000000000e+02 6.184362182617187500e+02
9.043440000000000509e+02 4.520000000000000000e+02 6.184330444335937500e+02
9.046799999999999500e+02 5.250000000000000000e+02 6.184377441406250000e+02
9.050159999999999627e+02 4.520000000000000000e+02 6.184434204101562500e+02
9.053519999999999754e+02 5.740000000000000000e+02 6.184399414062500000e+02
9.056879999999999882e+02 5.310000000000000000e+02 6.184382324218750000e+02
9.060240000000000009e+02 6.180000000000000000e+02 6.184337768554687500e+02
9.063600000000000136e+02 5.370000000000000000e+02 6.184395751953125000e+02
9.066960000000000264e+02 7.260000000000000000e+02 6.184334106445312500e+02
9.070320000000000391e+02 4.240000000000000000e+02 6.184348754882812500e+02
9.073740000000000236e+02 4.390000000000000000e+02 6.184366455078125000e+02
9.077100000000000364e+02 2.620000000000000000e+02 6.184343872070312500e+02
9.080460000000000491e+02 3.330000000000000000e+02 6.184291992187500000e+02
9.083819999999999482e+02 2.850000000000000000e+02 6.184415893554687500e+02
9.087179999999999609e+02 2.060000000000000000e+02 6.184318847656250000e+02
9.090539999999999736e+02 2.110000000000000000e+02 6.184277343750000000e+02
9.093899999999999864e+02 1.360000000000000000e+02 6.184431152343750000e+02
9.097259999999999991e+02 9.900000000000000000e+01 6.184464721679687500e+02
9.100620000000000118e+02 1.630000000000000000e+02 6.184436645507812500e+02
9.103980000000000246e+02 1.070000000000000000e+02 6.184380493164062500e+02
