9.716219999999999573e+02 8.800000000000000000e+02 5.734804077148437500e+02
9.719579999999999700e+02 9.720000000000000000e+02 5.734854736328125000e+02
9.722939999999999827e+02 7.660000000000000000e+02 5.734824218750000000e+02
9.726299999999999955e+02 8.460000000000000000e+02 5.734846801757812500e+02
9.729660000000000082e+02 8.290000000000000000e+02 5.734837036132812500e+02
9.733020000000000209e+02 6.510000000000000000e+02 5.734884643554687500e+02
9.736380000000000337e+02 8.500000000000000000e+02 5.734819946289062500e+02
9.739740000000000464e+02 7.340000000000000000e+02 5.734829101562500000e+02
9.743099999999999454e+02 7.180000000000000000e+02 5.734858398437500000e+02
9.746459999999999582e+02 9.350000000000000000e+02 5.734805908203125000e+02
9.749819999999999709e+02 8.240000000000000000e+02 5.734871215820312500e+02
9.753179999999999836e+02 6.920000000000000000e+02 5.734864501953125000e+02
9.756599999999999682e+02 6.180000000000000000e+02 5.734877929687500000e+02
9.759959999999999809e+02 6.860000000000000000e+02 5.734829711914062500e+02
9.763319999999999936e+02 5.840000000000000000e+02 5.734886474609375000e+02
9.766680000000000064e+02 8.110000000000000000e+02 5.734827270507812500e+02
9.770040000000000191e+02 8.090000000000000000e+02 5.734869384765625000e+02
9.773400000000000318e+02 7.100000000000000000e+02 5.734812011718750000e+02
9.776760000000000446e+02 7.240000000000000000e+02 5.734816894531250000e+02
9.780119999999999436e+02 8.710000000000000000e+02 5.734862060546875000e+02
9.783479999999999563e+02 7.270000000000000000e+02 5.734868164062500000e+02
9.786839999999999691e+02 8.640000000000000000e+02 5.734843139648437500e+02
9.790199999999999818e+02 7.380000000000000000e+02 5.734808959960937500e+02
9.793559999999999945e+02 7.040000000000000000e+02 5.734861450195312500e+02
9.796920000000000073e+02 6.860000000000000000e+02 5.734839477539062500e+02
9.800280000000000200e+02 6.180000000000000000e+02 5.734871826171875000e+02
9.803640000000000327e+02 5.290000000000000000e+02 5.734841918945312500e+02
9.807060000000000173e+02 6.560000000000000000e+02 5.734895019531250000e+02
9.810359999999999445e+02 5.550000000000000000e+02 5.734859619140625000e+02
9.813719999999999573e+02 6.850000000000000000e+02 5.734761962890625000e+02
9.817140000000000555e+02 5.720000000000000000e+02 5.734787597656250000e+02
9.820499999999999545e+02 6.030000000000000000e+02 5.734754028320312500e+02
9.823859999999999673e+02 5.400000000000000000e+02 5.734880371093750000e+02
9.827219999999999800e+02 4.910000000000000000e+02 5.734866333007812500e+02
9.830579999999999927e+02 4.370000000000000000e+02 5.734885864257812500e+02
9.833940000000000055e+02 5.180000000000000000e+02 5.734857177734375000e+02
9.837300000000000182e+02 4.780000000000000000e+02 5.734827270507812500e+02
9.840660000000000309e+02 5.570000000000000000e+02 5.734847412109375000e+02
9.844020000000000437e+02 4.580000000000000000e+02 5.734906005859375000e+02
9.847380000000000564e+02 6.000000000000000000e+02 5.734934082031250000e+02
9.850739999999999554e+02 5.660000000000000000e+02 5.734866333007812500e+02
9.854099999999999682e+02 6.030000000000000000e+02 5.734852294921875000e+02
9.857459999999999809e+02 4.430000000000000000e+02 5.734830322265625000e+02
9.860819999999999936e+02 4.840000000000000000e+02 5.734837036132812500e+02
9.864180000000000064e+02 6.170000000000000000e+02 5.734821777343750000e+02
9.867599999999999909e+02 5.400000000000000000e+02 5.734911499023437500e+02
9.870960000000000036e+02 4.440000000000000000e+02 5.734859008789062500e+02
9.874260000000000446e+02 5.250000000000000000e+02 5.734785156250000000e+02
9.877680000000000291e+02 4.080000000000000000e+02 5.734827880859375000e+02
9.881040000000000418e+02 5.040000000000000000e+02 5.734784545898437500e+02
9.884400000000000546e+02 3.460000000000000000e+02 5.734779663085937500e+02
9.887759999999999536e+02 3.970000000000000000e+02 5.734783325195312500e+02
9.891119999999999663e+02 3.580000000000000000e+02 5.734843750000000000e+02
9.894479999999999791e+02 3.490000000000000000e+02 5.734847412109375000e+02
9.897839999999999918e+02 3.510000000000000000e+02 5.734832763671875000e+02
9.901200000000000045e+02 4.500000000000000000e+02 5.734797973632812500e+02
9.904619999999999891e+02 5.600000000000000000e+02 5.734836425781250000e+02
9.907920000000000300e+02 3.390000000000000000e+02 5.734767456054687500e+02
9.911340000000000146e+02 4.520000000000000000e+02 5.734846801757812500e+02
9.914640000000000555e+02 4.020000000000000000e+02 5.734790649414062500e+02
9.918060000000000400e+02 4.960000000000000000e+02 5.734797973632812500e+02
9.921420000000000528e+02 4.650000000000000000e+02 5.734900512695312500e+02
9.924779999999999518e+02 3.660000000000000000e+02 5.734972534179687500e+02
9.928139999999999645e+02 4.880000000000000000e+02 5.734818725585937500e+02
9.931499999999999773e+02 2.950000000000000000e+02 5.734927368164062500e+02
9.934859999999999900e+02 3.220000000000000000e+02 5.734751586914062500e+02
9.938220000000000027e+02 3.470000000000000000e+02 5.734852905273437500e+02
9.941580000000000155e+02 3.480000000000000000e+02 5.734812622070312500e+02
9.944940000000000282e+02 4.030000000000000000e+02 5.734812011718750000e+02
9.948300000000000409e+02 5.870000000000000000e+02 5.734841308593750000e+02
9.951660000000000537e+02 4.350000000000000000e+02 5.734862060546875000e+02
9.955019999999999527e+02 3.250000000000000000e+02 5.734784545898437500e+02
9.958379999999999654e+02 3.210000000000000000e+02 5.734873046875000000e+02
9.961739999999999782e+02 4.290000000000000000e+02 5.734766845703125000e+02
9.965099999999999909e+02 3.640000000000000000e+02 5.734761352539062500e+02
9.968460000000000036e+02 3.000000000000000000e+02 5.734804077148437500e+02
9.971879999999999882e+02 3.980000000000000000e+02 5.734861450195312500e+02
9.975240000000000009e+02 3.990000000000000000e+02 5.734918212890625000e+02
9.978540000000000418e+02 3.890000000000000000e+02 5.734761352539062500e+02
9.981960000000000264e+02 3.610000000000000000e+02 5.734728393554687500e+02
9.985320000000000391e+02 4.340000000000000000e+02 5.734727783203125000e+02
9.988680000000000518e+02 2.690000000000000000e+02 5.734666748046875000e+02
9.992039999999999509e+02 4.380000000000000000e+02 5.734759521484375000e+02
9.995399999999999636e+02 3.170000000000000000e+02 5.734737548828125000e+02
9.998759999999999764e+02 3.820000000000000000e+02 5.734631958007812500e+02
