1.703389999999999986e+02 7.282000000000000000e+03 1.300659637451171875e+02
1.706750000000000114e+02 7.015000000000000000e+03 1.300661163330078125e+02
1.710130000000000052e+02 6.500000000000000000e+03 1.300661315917968750e+02
1.713499999999999943e+02 6.881000000000000000e+03 1.300663909912109375e+02
1.716860000000000070e+02 5.966000000000000000e+03 1.300662689208984375e+02
1.720229999999999961e+02 4.605000000000000000e+03 1.300659637451171875e+02
1.723590000000000089e+02 5.195000000000000000e+03 1.300660858154296875e+02
1.726949999999999932e+02 4.760000000000000000e+03 1.300655364990234375e+02
1.730320000000000107e+02 4.003000000000000000e+03 1.300657501220703125e+02
1.733679999999999950e+02 3.659000000000000000e+03 1.300668029785156250e+02
1.737040000000000077e+02 3.347000000000000000e+03 1.300656433105468750e+02
1.740399999999999920e+02 2.384000000000000000e+03 1.300657806396484375e+02
1.743770000000000095e+02 2.549000000000000000e+03 1.300654144287109375e+02
1.747129999999999939e+02 1.923000000000000000e+03 1.300660247802734375e+02
1.750490000000000066e+02 1.449000000000000000e+03 1.300676879882812500e+02
1.753859999999999957e+02 1.730000000000000000e+03 1.300654296875000000e+02
1.757230000000000132e+02 1.326000000000000000e+03 1.300658111572265625e+02
1.760589999999999975e+02 1.142000000000000000e+03 1.300653076171875000e+02
1.763959999999999866e+02 1.365000000000000000e+03 1.300643157958984375e+02
1.767319999999999993e+02 1.210000000000000000e+03 1.300624694824218750e+02
1.770680000000000121e+02 1.067000000000000000e+03 1.300570526123046875e+02
1.774050000000000011e+02 1.066000000000000000e+03 1.300570831298828125e+02
1.777410000000000139e+02 1.104000000000000000e+03 1.300589294433593750e+02
1.780769999999999982e+02 1.319000000000000000e+03 1.300591125488281250e+02
1.784130000000000109e+02 1.285000000000000000e+03 1.300565490722656250e+02
1.787500000000000000e+02 1.097000000000000000e+03 1.300597076416015625e+02
1.790860000000000127e+02 7.720000000000000000e+02 1.300606231689453125e+02
1.794219999999999970e+02 1.053000000000000000e+03 1.300573730468750000e+02
1.797589999999999861e+02 9.370000000000000000e+02 1.300595703125000000e+02
1.800949999999999989e+02 9.140000000000000000e+02 1.300611267089843750e+02
1.804310000000000116e+02 1.027000000000000000e+03 1.300632324218750000e+02
1.807680000000000007e+02 7.360000000000000000e+02 1.300619201660156250e+02
1.811049999999999898e+02 8.670000000000000000e+02 1.300649566650390625e+02
1.814420000000000073e+02 8.090000000000000000e+02 1.300652770996093750e+02
1.817779999999999916e+02 7.700000000000000000e+02 1.300644226074218750e+02
1.821140000000000043e+02 7.850000000000000000e+02 1.300631713867187500e+02
1.824509999999999934e+02 7.440000000000000000e+02 1.300615692138671875e+02
1.827870000000000061e+02 5.670000000000000000e+02 1.300637664794921875e+02
1.831229999999999905e+02 5.180000000000000000e+02 1.300668182373046875e+02
1.834590000000000032e+02 5.830000000000000000e+02 1.300636749267578125e+02
1.837959999999999923e+02 5.790000000000000000e+02 1.300668640136718750e+02
1.841320000000000050e+02 3.220000000000000000e+02 1.300631103515625000e+02
1.844679999999999893e+02 4.610000000000000000e+02 1.300659332275390625e+02
1.848050000000000068e+02 4.880000000000000000e+02 1.300662384033203125e+02
1.851409999999999911e+02 6.160000000000000000e+02 1.300659637451171875e+02
1.854770000000000039e+02 3.810000000000000000e+02 1.300653228759765625e+02
1.858139999999999930e+02 5.690000000000000000e+02 1.300660095214843750e+02
1.861500000000000057e+02 3.610000000000000000e+02 1.300639343261718750e+02
1.864869999999999948e+02 6.020000000000000000e+02 1.300653839111328125e+02
1.868230000000000075e+02 4.700000000000000000e+02 1.300648498535156250e+02
1.871599999999999966e+02 4.470000000000000000e+02 1.300658569335937500e+02
1.874960000000000093e+02 4.230000000000000000e+02 1.300628204345703125e+02
1.878329999999999984e+02 4.460000000000000000e+02 1.300646057128906250e+02
1.881690000000000111e+02 3.970000000000000000e+02 1.300664062500000000e+02
1.885049999999999955e+02 2.960000000000000000e+02 1.300668487548828125e+02
1.888410000000000082e+02 2.990000000000000000e+02 1.300655364990234375e+02
1.891779999999999973e+02 4.770000000000000000e+02 1.300632781982421875e+02
1.895140000000000100e+02 2.820000000000000000e+02 1.300639648437500000e+02
1.898499999999999943e+02 2.700000000000000000e+02 1.300634307861328125e+02
1.901870000000000118e+02 3.140000000000000000e+02 1.300668182373046875e+02
1.905229999999999961e+02 2.760000000000000000e+02 1.300668640136718750e+02
1.908590000000000089e+02 1.050000000000000000e+02 1.300679931640625000e+02
1.911970000000000027e+02 2.250000000000000000e+02 1.300680541992187500e+02
1.915329999999999870e+02 2.350000000000000000e+02 1.300667724609375000e+02
1.918700000000000045e+02 1.920000000000000000e+02 1.300601959228515625e+02
1.922059999999999889e+02 1.810000000000000000e+02 1.300692596435546875e+02
1.925420000000000016e+02 2.320000000000000000e+02 1.300677032470703125e+02
1.928789999999999907e+02 1.680000000000000000e+02 1.300670318603515625e+02
1.932150000000000034e+02 2.010000000000000000e+02 1.300643310546875000e+02
1.935509999999999877e+02 9.500000000000000000e+01 1.300628967285156250e+02
1.938870000000000005e+02 2.150000000000000000e+02 1.300633850097656250e+02
1.942239999999999895e+02 1.380000000000000000e+02 1.300603942871093750e+02
1.945600000000000023e+02 1.820000000000000000e+02 1.300617828369140625e+02
1.948969999999999914e+02 1.350000000000000000e+02 1.300633087158203125e+02
1.952330000000000041e+02 8.200000000000000000e+01 1.300660858154296875e+02
1.955689999999999884e+02 1.970000000000000000e+02 1.300646362304687500e+02
1.959060000000000059e+02 1.630000000000000000e+02 1.300628509521484375e+02
1.962419999999999902e+02 2.320000000000000000e+02 1.300634002685546875e+02
1.965780000000000030e+02 7.200000000000000000e+01 1.300654449462890625e+02
1.969149999999999920e+02 1.290000000000000000e+02 1.300586853027343750e+02
1.972510000000000048e+02 1.530000000000000000e+02 1.300562133789062500e+02
1.975869999999999891e+02 6.900000000000000000e+01 1.300619354248046875e+02
1.979230000000000018e+02 2.480000000000000000e+02 1.300644531250000000e+02
1.982599999999999909e+02 1.740000000000000000e+02 1.300615539550781250e+02
1.985960000000000036e+02 2.030000000000000000e+02 1.300638122558593750e+02
1.989319999999999879e+02 1.900000000000000000e+02 1.300656433105468750e+02
1.992690000000000055e+02 2.740000000000000000e+02 1.300669860839843750e+02
1.996049999999999898e+02 1.520000000000000000e+02 1.300630798339843750e+02
