1.306440000000000055e+02 1.408000000000000000e+03 6.540328979492187500e+02
1.309799999999999898e+02 1.227000000000000000e+03 6.540275878906250000e+02
1.313170000000000073e+02 1.152000000000000000e+03 6.540257568359375000e+02
1.316529999999999916e+02 1.192000000000000000e+03 6.540327148437500000e+02
1.319890000000000043e+02 1.011000000000000000e+03 6.540277099609375000e+02
1.323249999999999886e+02 1.033000000000000000e+03 6.540277709960937500e+02
1.326620000000000061e+02 1.254000000000000000e+03 6.540336303710937500e+02
1.329979999999999905e+02 9.370000000000000000e+02 6.540304565429687500e+02
1.333340000000000032e+02 1.225000000000000000e+03 6.540269775390625000e+02
1.336709999999999923e+02 1.031000000000000000e+03 6.540317993164062500e+02
1.340070000000000050e+02 1.155000000000000000e+03 6.540292358398437500e+02
1.343429999999999893e+02 1.080000000000000000e+03 6.540297241210937500e+02
1.346800000000000068e+02 9.030000000000000000e+02 6.540315551757812500e+02
1.350159999999999911e+02 1.092000000000000000e+03 6.540328979492187500e+02
1.353520000000000039e+02 1.084000000000000000e+03 6.540280761718750000e+02
1.356879999999999882e+02 9.270000000000000000e+02 6.540338745117187500e+02
1.360250000000000057e+02 8.770000000000000000e+02 6.540223388671875000e+02
1.363609999999999900e+02 9.570000000000000000e+02 6.540316772460937500e+02
1.366970000000000027e+02 9.100000000000000000e+02 6.540359497070312500e+02
1.370339999999999918e+02 8.730000000000000000e+02 6.540340576171875000e+02
1.373729999999999905e+02 1.371000000000000000e+03 6.540288696289062500e+02
1.377090000000000032e+02 8.450000000000000000e+02 6.540306396484375000e+02
1.380459999999999923e+02 9.710000000000000000e+02 6.540311279296875000e+02
1.383830000000000098e+02 7.510000000000000000e+02 6.540306396484375000e+02
1.387189999999999941e+02 8.960000000000000000e+02 6.540319824218750000e+02
1.390550000000000068e+02 9.280000000000000000e+02 6.540284423828125000e+02
1.393919999999999959e+02 9.070000000000000000e+02 6.540334472656250000e+02
1.397280000000000086e+02 8.510000000000000000e+02 6.540309448242187500e+02
1.400649999999999977e+02 8.820000000000000000e+02 6.540294189453125000e+02
1.404010000000000105e+02 9.240000000000000000e+02 6.540302734375000000e+02
1.407390000000000043e+02 9.930000000000000000e+02 6.540273437500000000e+02
1.410749999999999886e+02 9.370000000000000000e+02 6.540282592773437500e+02
1.414120000000000061e+02 7.860000000000000000e+02 6.540328979492187500e+02
1.417479999999999905e+02 9.600000000000000000e+02 6.540318603515625000e+02
1.420840000000000032e+02 8.100000000000000000e+02 6.540256958007812500e+02
1.424199999999999875e+02 6.570000000000000000e+02 6.540308837890625000e+02
1.427570000000000050e+02 5.960000000000000000e+02 6.540219726562500000e+02
1.430929999999999893e+02 6.830000000000000000e+02 6.540376586914062500e+02
1.434290000000000020e+02 9.280000000000000000e+02 6.540328369140625000e+02
1.437659999999999911e+02 6.870000000000000000e+02 6.540323486328125000e+02
1.441020000000000039e+02 7.550000000000000000e+02 6.540361328125000000e+02
1.444379999999999882e+02 6.070000000000000000e+02 6.540313720703125000e+02
1.447750000000000057e+02 6.310000000000000000e+02 6.540263671875000000e+02
1.451119999999999948e+02 7.470000000000000000e+02 6.540281372070312500e+02
1.454480000000000075e+02 6.060000000000000000e+02 6.540263671875000000e+02
1.457849999999999966e+02 5.520000000000000000e+02 6.540253906250000000e+02
1.461210000000000093e+02 4.160000000000000000e+02 6.540209350585937500e+02
1.464569999999999936e+02 3.960000000000000000e+02 6.540277099609375000e+02
1.467930000000000064e+02 4.090000000000000000e+02 6.540249633789062500e+02
1.471299999999999955e+02 4.190000000000000000e+02 6.540349121093750000e+02
1.474660000000000082e+02 5.270000000000000000e+02 6.540286865234375000e+02
1.478019999999999925e+02 3.850000000000000000e+02 6.540334472656250000e+02
1.481390000000000100e+02 3.510000000000000000e+02 6.540235595703125000e+02
1.484749999999999943e+02 2.750000000000000000e+02 6.540347290039062500e+02
1.488110000000000070e+02 2.530000000000000000e+02 6.540222778320312500e+02
1.491479999999999961e+02 3.130000000000000000e+02 6.540336303710937500e+02
1.494840000000000089e+02 2.920000000000000000e+02 6.540308227539062500e+02
1.498199999999999932e+02 2.410000000000000000e+02 6.540283813476562500e+02
1.501570000000000107e+02 3.460000000000000000e+02 6.540363159179687500e+02
1.504929999999999950e+02 2.690000000000000000e+02 6.540292358398437500e+02
1.508309999999999889e+02 2.350000000000000000e+02 6.540275268554687500e+02
1.511670000000000016e+02 2.700000000000000000e+02 6.540322265625000000e+02
1.515039999999999907e+02 2.050000000000000000e+02 6.540315551757812500e+02
1.518400000000000034e+02 1.620000000000000000e+02 6.540219116210937500e+02
1.521759999999999877e+02 2.270000000000000000e+02 6.540338745117187500e+02
1.525130000000000052e+02 1.670000000000000000e+02 6.540164184570312500e+02
1.528489999999999895e+02 1.200000000000000000e+02 6.540090332031250000e+02
1.531850000000000023e+02 1.110000000000000000e+02 6.540401611328125000e+02
1.535209999999999866e+02 1.400000000000000000e+02 6.540258178710937500e+02
1.538580000000000041e+02 8.400000000000000000e+01 6.540173950195312500e+02
1.541939999999999884e+02 1.680000000000000000e+02 6.540324707031250000e+02
1.545300000000000011e+02 1.410000000000000000e+02 6.540156860351562500e+02
1.548669999999999902e+02 1.120000000000000000e+02 6.540394287109375000e+02
