1.878329999999999984e+02 1.250000000000000000e+02 2.910774230957031250e+02
1.881690000000000111e+02 1.580000000000000000e+02 2.910848693847656250e+02
1.885049999999999955e+02 2.080000000000000000e+02 2.910798339843750000e+02
1.888410000000000082e+02 2.840000000000000000e+02 2.910907592773437500e+02
1.891779999999999973e+02 2.520000000000000000e+02 2.910930175781250000e+02
1.895140000000000100e+02 2.920000000000000000e+02 2.910791625976562500e+02
1.898499999999999943e+02 3.270000000000000000e+02 2.910818786621093750e+02
1.901870000000000118e+02 2.600000000000000000e+02 2.910754394531250000e+02
1.905229999999999961e+02 3.840000000000000000e+02 2.910791625976562500e+02
1.908590000000000089e+02 6.520000000000000000e+02 2.910811157226562500e+02
1.911970000000000027e+02 9.850000000000000000e+02 2.910847167968750000e+02
1.915329999999999870e+02 2.167000000000000000e+03 2.910854187011718750e+02
1.918700000000000045e+02 3.443000000000000000e+03 2.910866088867187500e+02
1.922059999999999889e+02 4.682000000000000000e+03 2.910854797363281250e+02
1.925420000000000016e+02 5.938000000000000000e+03 2.910848388671875000e+02
1.928789999999999907e+02 6.227000000000000000e+03 2.910847167968750000e+02
1.932150000000000034e+02 6.604000000000000000e+03 2.910858154296875000e+02
1.935509999999999877e+02 6.603000000000000000e+03 2.910862121582031250e+02
1.938870000000000005e+02 5.048000000000000000e+03 2.910851135253906250e+02
1.942239999999999895e+02 4.228000000000000000e+03 2.910852050781250000e+02
1.945600000000000023e+02 3.089000000000000000e+03 2.910860595703125000e+02
1.948969999999999914e+02 2.207000000000000000e+03 2.910844116210937500e+02
1.952330000000000041e+02 1.820000000000000000e+03 2.910831604003906250e+02
1.955689999999999884e+02 1.087000000000000000e+03 2.910848693847656250e+02
1.959060000000000059e+02 9.180000000000000000e+02 2.910822448730468750e+02
1.962419999999999902e+02 7.950000000000000000e+02 2.910832519531250000e+02
1.965780000000000030e+02 7.800000000000000000e+02 2.910846252441406250e+02
1.969149999999999920e+02 5.670000000000000000e+02 2.910850830078125000e+02
1.972510000000000048e+02 3.740000000000000000e+02 2.910822753906250000e+02
1.975869999999999891e+02 4.840000000000000000e+02 2.910818176269531250e+02
1.979230000000000018e+02 1.970000000000000000e+02 2.910678100585937500e+02
1.982599999999999909e+02 2.890000000000000000e+02 2.910821228027343750e+02
1.985960000000000036e+02 3.560000000000000000e+02 2.910864562988281250e+02
1.989319999999999879e+02 4.470000000000000000e+02 2.910853271484375000e+02
1.992690000000000055e+02 3.440000000000000000e+02 2.910798645019531250e+02
1.996049999999999898e+02 2.610000000000000000e+02 2.910761718750000000e+02
1.999410000000000025e+02 1.930000000000000000e+02 2.910934143066406250e+02
2.002779999999999916e+02 2.180000000000000000e+02 2.910889282226562500e+02
2.006140000000000043e+02 2.320000000000000000e+02 2.910831604003906250e+02
2.009499999999999886e+02 2.200000000000000000e+02 2.911007690429687500e+02
2.012880000000000109e+02 2.790000000000000000e+02 2.910853576660156250e+02
2.016239999999999952e+02 2.140000000000000000e+02 2.910915222167968750e+02
2.019610000000000127e+02 2.340000000000000000e+02 2.910833740234375000e+02
2.022969999999999970e+02 1.920000000000000000e+02 2.910904846191406250e+02
2.026339999999999861e+02 1.430000000000000000e+02 2.910936279296875000e+02
2.029699999999999989e+02 1.440000000000000000e+02 2.910754394531250000e+02
2.033060000000000116e+02 1.030000000000000000e+02 2.910948486328125000e+02
2.036430000000000007e+02 8.000000000000000000e+01 2.910825805664062500e+02
