3.309400000000000119e+01 5.280000000000000000e+02 8.201339721679687500e+02
3.342999999999999972e+01 4.670000000000000000e+02 8.201332397460937500e+02
3.376599999999999824e+01 4.460000000000000000e+02 8.201228027343750000e+02
3.410300000000000153e+01 5.530000000000000000e+02 8.201383056640625000e+02
3.443900000000000006e+01 2.320000000000000000e+02 8.201369018554687500e+02
3.477499999999999858e+01 4.280000000000000000e+02 8.201301269531250000e+02
3.511200000000000188e+01 1.930000000000000000e+02 8.201479492187500000e+02
3.544800000000000040e+01 1.670000000000000000e+02 8.201359252929687500e+02
3.578399999999999892e+01 3.200000000000000000e+02 8.201333618164062500e+02
3.611999999999999744e+01 1.520000000000000000e+02 8.201198120117187500e+02
