3.220559999999999832e+02 3.150000000000000000e+02 6.451436767578125000e+02
3.223940000000000055e+02 4.980000000000000000e+02 6.451401977539062500e+02
3.227300000000000182e+02 5.460000000000000000e+02 6.451455078125000000e+02
3.230659999999999741e+02 5.230000000000000000e+02 6.451450195312500000e+02
3.234030000000000200e+02 5.070000000000000000e+02 6.451418457031250000e+02
3.237389999999999759e+02 3.550000000000000000e+02 6.451418457031250000e+02
3.240749999999999886e+02 2.820000000000000000e+02 6.451429443359375000e+02
3.244119999999999777e+02 3.660000000000000000e+02 6.451386108398437500e+02
3.247479999999999905e+02 2.970000000000000000e+02 6.451353149414062500e+02
3.250840000000000032e+02 2.560000000000000000e+02 6.451495971679687500e+02
3.254209999999999923e+02 2.110000000000000000e+02 6.451509399414062500e+02
