4.387830000000000155e+02 2.050000000000000000e+02 2.671628112792968750e+02
4.391190000000000282e+02 3.360000000000000000e+02 2.671747741699218750e+02
4.394549999999999841e+02 3.970000000000000000e+02 2.671721191406250000e+02
4.397919999999999732e+02 4.430000000000000000e+02 2.671727600097656250e+02
4.401279999999999859e+02 5.330000000000000000e+02 2.671723937988281250e+02
4.404639999999999986e+02 4.020000000000000000e+02 2.671694030761718750e+02
4.408009999999999877e+02 4.040000000000000000e+02 2.671696777343750000e+02
4.411370000000000005e+02 3.940000000000000000e+02 2.671750183105468750e+02
4.414730000000000132e+02 1.830000000000000000e+02 2.671790161132812500e+02
4.418100000000000023e+02 2.060000000000000000e+02 2.671685791015625000e+02
4.421460000000000150e+02 2.420000000000000000e+02 2.671805725097656250e+02
4.424820000000000277e+02 1.350000000000000000e+02 2.671671447753906250e+02
