5.659370000000000118e+02 1.260000000000000000e+02 2.100871124267578125e+02
5.662730000000000246e+02 5.900000000000000000e+01 2.100918579101562500e+02
5.666090000000000373e+02 1.040000000000000000e+02 2.100943756103515625e+02
5.669460000000000264e+02 7.700000000000000000e+01 2.100955657958984375e+02
5.672820000000000391e+02 1.050000000000000000e+02 2.100901031494140625e+02
5.676180000000000518e+02 7.200000000000000000e+01 2.100933532714843750e+02
5.679539999999999509e+02 9.700000000000000000e+01 2.100875091552734375e+02
5.682910000000000537e+02 7.900000000000000000e+01 2.100898895263671875e+02
5.686269999999999527e+02 8.400000000000000000e+01 2.100835571289062500e+02
5.689629999999999654e+02 1.370000000000000000e+02 2.101005859375000000e+02
5.692999999999999545e+02 1.140000000000000000e+02 2.100860443115234375e+02
5.696359999999999673e+02 1.300000000000000000e+02 2.100870513916015625e+02
5.699719999999999800e+02 1.250000000000000000e+02 2.101007232666015625e+02
5.703089999999999691e+02 5.000000000000000000e+01 2.100987091064453125e+02
5.706449999999999818e+02 1.310000000000000000e+02 2.100914611816406250e+02
5.709809999999999945e+02 1.620000000000000000e+02 2.100895538330078125e+02
5.713179999999999836e+02 7.900000000000000000e+01 2.100931701660156250e+02
5.716539999999999964e+02 1.590000000000000000e+02 2.100920715332031250e+02
5.719900000000000091e+02 1.780000000000000000e+02 2.100934600830078125e+02
5.723260000000000218e+02 1.750000000000000000e+02 2.100941925048828125e+02
5.726630000000000109e+02 3.000000000000000000e+02 2.100911254882812500e+02
5.729990000000000236e+02 1.870000000000000000e+02 2.100964202880859375e+02
5.733350000000000364e+02 2.650000000000000000e+02 2.100894317626953125e+02
5.736720000000000255e+02 2.940000000000000000e+02 2.100895080566406250e+02
5.740080000000000382e+02 3.580000000000000000e+02 2.100857696533203125e+02
5.743440000000000509e+02 2.970000000000000000e+02 2.100916900634765625e+02
5.746820000000000164e+02 1.860000000000000000e+02 2.100904998779296875e+02
5.750180000000000291e+02 5.280000000000000000e+02 2.100873565673828125e+02
5.753550000000000182e+02 4.460000000000000000e+02 2.100911102294921875e+02
5.756910000000000309e+02 2.190000000000000000e+02 2.100888519287109375e+02
5.760270000000000437e+02 2.230000000000000000e+02 2.100946960449218750e+02
5.763640000000000327e+02 2.590000000000000000e+02 2.100917205810546875e+02
5.767000000000000455e+02 2.000000000000000000e+02 2.100927429199218750e+02
5.770359999999999445e+02 1.270000000000000000e+02 2.100968475341796875e+02
5.773719999999999573e+02 1.430000000000000000e+02 2.100880126953125000e+02
5.777100000000000364e+02 1.730000000000000000e+02 2.100942840576171875e+02
5.780460000000000491e+02 1.450000000000000000e+02 2.100930175781250000e+02
5.783819999999999482e+02 1.440000000000000000e+02 2.100883789062500000e+02
