7.506180000000000518e+02 3.680000000000000000e+02 2.510941162109375000e+02
7.509539999999999509e+02 2.400000000000000000e+02 2.510887451171875000e+02
7.512899999999999636e+02 3.880000000000000000e+02 2.510975646972656250e+02
7.516259999999999764e+02 2.440000000000000000e+02 2.510869598388671875e+02
7.519619999999999891e+02 2.820000000000000000e+02 2.510861663818359375e+02
7.522980000000000018e+02 2.960000000000000000e+02 2.510939025878906250e+02
7.526340000000000146e+02 3.470000000000000000e+02 2.510934448242187500e+02
7.529700000000000273e+02 2.210000000000000000e+02 2.510836639404296875e+02
7.533060000000000400e+02 2.300000000000000000e+02 2.511011962890625000e+02
7.536420000000000528e+02 2.950000000000000000e+02 2.510897369384765625e+02
7.539840000000000373e+02 4.270000000000000000e+02 2.510877227783203125e+02
7.543139999999999645e+02 3.160000000000000000e+02 2.510886993408203125e+02
7.546559999999999491e+02 3.110000000000000000e+02 2.510882720947265625e+02
7.549919999999999618e+02 3.060000000000000000e+02 2.510935668945312500e+02
7.553279999999999745e+02 4.080000000000000000e+02 2.510875854492187500e+02
7.556639999999999873e+02 4.160000000000000000e+02 2.510898132324218750e+02
7.560000000000000000e+02 4.180000000000000000e+02 2.510882110595703125e+02
7.563360000000000127e+02 3.920000000000000000e+02 2.510909423828125000e+02
7.566720000000000255e+02 3.040000000000000000e+02 2.510912780761718750e+02
7.570080000000000382e+02 2.910000000000000000e+02 2.510878295898437500e+02
7.573440000000000509e+02 3.990000000000000000e+02 2.510881805419921875e+02
7.576799999999999500e+02 4.300000000000000000e+02 2.510861511230468750e+02
7.580159999999999627e+02 3.500000000000000000e+02 2.510934143066406250e+02
7.583519999999999754e+02 2.650000000000000000e+02 2.510926666259765625e+02
7.586879999999999882e+02 2.790000000000000000e+02 2.510928955078125000e+02
7.590299999999999727e+02 2.490000000000000000e+02 2.510857391357421875e+02
7.593659999999999854e+02 2.740000000000000000e+02 2.510903167724609375e+02
7.597019999999999982e+02 3.140000000000000000e+02 2.510939941406250000e+02
7.600320000000000391e+02 3.460000000000000000e+02 2.510880584716796875e+02
7.603740000000000236e+02 3.110000000000000000e+02 2.510910491943359375e+02
7.607100000000000364e+02 2.290000000000000000e+02 2.510964965820312500e+02
7.610460000000000491e+02 2.040000000000000000e+02 2.510956268310546875e+02
7.613819999999999482e+02 4.230000000000000000e+02 2.510928497314453125e+02
7.617179999999999609e+02 2.840000000000000000e+02 2.510903778076171875e+02
7.620539999999999736e+02 3.740000000000000000e+02 2.510932769775390625e+02
7.623899999999999864e+02 2.410000000000000000e+02 2.510925292968750000e+02
7.627259999999999991e+02 4.250000000000000000e+02 2.510909423828125000e+02
7.630620000000000118e+02 2.830000000000000000e+02 2.510873870849609375e+02
7.633980000000000246e+02 3.140000000000000000e+02 2.510916595458984375e+02
7.637340000000000373e+02 3.370000000000000000e+02 2.510895538330078125e+02
7.640700000000000500e+02 3.630000000000000000e+02 2.510906066894531250e+02
7.644120000000000346e+02 2.830000000000000000e+02 2.510885162353515625e+02
7.647419999999999618e+02 3.220000000000000000e+02 2.510816955566406250e+02
7.650839999999999463e+02 1.740000000000000000e+02 2.510962829589843750e+02
7.654199999999999591e+02 5.220000000000000000e+02 2.510873718261718750e+02
7.657559999999999718e+02 4.470000000000000000e+02 2.510886535644531250e+02
7.660919999999999845e+02 1.630000000000000000e+02 2.510915832519531250e+02
7.664279999999999973e+02 2.490000000000000000e+02 2.510910644531250000e+02
7.667640000000000100e+02 3.620000000000000000e+02 2.510908508300781250e+02
7.671000000000000227e+02 3.220000000000000000e+02 2.510892028808593750e+02
7.674360000000000355e+02 2.700000000000000000e+02 2.510965576171875000e+02
7.677720000000000482e+02 3.910000000000000000e+02 2.510946044921875000e+02
7.681079999999999472e+02 2.030000000000000000e+02 2.510962066650390625e+02
7.684439999999999600e+02 3.730000000000000000e+02 2.510891571044921875e+02
7.687859999999999445e+02 3.150000000000000000e+02 2.510939636230468750e+02
7.691219999999999573e+02 2.660000000000000000e+02 2.510898742675781250e+02
7.694579999999999700e+02 2.970000000000000000e+02 2.510931701660156250e+02
7.697939999999999827e+02 2.290000000000000000e+02 2.510888366699218750e+02
7.701299999999999955e+02 2.840000000000000000e+02 2.510859069824218750e+02
7.704660000000000082e+02 2.460000000000000000e+02 2.510903778076171875e+02
7.708020000000000209e+02 3.070000000000000000e+02 2.510953674316406250e+02
7.711380000000000337e+02 2.780000000000000000e+02 2.510890960693359375e+02
7.714740000000000464e+02 4.020000000000000000e+02 2.510916290283203125e+02
7.718099999999999454e+02 2.380000000000000000e+02 2.510940399169921875e+02
7.721459999999999582e+02 1.230000000000000000e+02 2.510919342041015625e+02
7.724819999999999709e+02 3.350000000000000000e+02 2.510870361328125000e+02
7.728179999999999836e+02 3.570000000000000000e+02 2.510901336669921875e+02
7.731539999999999964e+02 3.640000000000000000e+02 2.510892639160156250e+02
7.734900000000000091e+02 2.820000000000000000e+02 2.510849151611328125e+02
7.738260000000000218e+02 1.890000000000000000e+02 2.510928802490234375e+02
7.741620000000000346e+02 3.690000000000000000e+02 2.510894317626953125e+02
7.744980000000000473e+02 3.110000000000000000e+02 2.510906677246093750e+02
7.748400000000000318e+02 4.060000000000000000e+02 2.510850219726562500e+02
7.751699999999999591e+02 2.800000000000000000e+02 2.510897827148437500e+02
7.755119999999999436e+02 3.760000000000000000e+02 2.510942535400390625e+02
7.758479999999999563e+02 3.770000000000000000e+02 2.510926513671875000e+02
7.761839999999999691e+02 2.590000000000000000e+02 2.510906829833984375e+02
7.765199999999999818e+02 3.110000000000000000e+02 2.510876007080078125e+02
7.768559999999999945e+02 3.820000000000000000e+02 2.510897674560546875e+02
7.771920000000000073e+02 3.610000000000000000e+02 2.510884399414062500e+02
7.775280000000000200e+02 2.560000000000000000e+02 2.510863342285156250e+02
7.778640000000000327e+02 3.190000000000000000e+02 2.510921020507812500e+02
7.782000000000000455e+02 4.650000000000000000e+02 2.510875396728515625e+02
7.785359999999999445e+02 1.780000000000000000e+02 2.510951843261718750e+02
7.788719999999999573e+02 2.630000000000000000e+02 2.510910949707031250e+02
7.792140000000000555e+02 3.720000000000000000e+02 2.510960083007812500e+02
7.795499999999999545e+02 2.510000000000000000e+02 2.510929412841796875e+02
7.798859999999999673e+02 2.780000000000000000e+02 2.510893249511718750e+02
