2.234900000000000091e+02 2.120000000000000000e+02 5.051765441894531250e+02
2.238269999999999982e+02 1.560000000000000000e+02 5.051881713867187500e+02
2.241630000000000109e+02 2.650000000000000000e+02 5.051742248535156250e+02
2.244989999999999952e+02 3.160000000000000000e+02 5.051786193847656250e+02
2.248350000000000080e+02 2.070000000000000000e+02 5.051702575683593750e+02
2.251719999999999970e+02 1.980000000000000000e+02 5.051672363281250000e+02
2.255080000000000098e+02 3.210000000000000000e+02 5.051844787597656250e+02
2.258439999999999941e+02 4.370000000000000000e+02 5.051807556152343750e+02
2.261810000000000116e+02 3.680000000000000000e+02 5.051917724609375000e+02
2.265169999999999959e+02 4.130000000000000000e+02 5.051760253906250000e+02
2.268530000000000086e+02 4.360000000000000000e+02 5.051842651367187500e+02
2.271899999999999977e+02 3.940000000000000000e+02 5.051819458007812500e+02
2.275260000000000105e+02 4.030000000000000000e+02 5.051760864257812500e+02
2.278619999999999948e+02 4.250000000000000000e+02 5.051793823242187500e+02
2.281980000000000075e+02 3.820000000000000000e+02 5.051733398437500000e+02
2.285349999999999966e+02 4.430000000000000000e+02 5.051926574707031250e+02
2.288710000000000093e+02 5.070000000000000000e+02 5.051788635253906250e+02
2.292069999999999936e+02 4.490000000000000000e+02 5.051826171875000000e+02
2.295440000000000111e+02 3.080000000000000000e+02 5.051898803710937500e+02
2.298799999999999955e+02 2.440000000000000000e+02 5.051847534179687500e+02
2.302160000000000082e+02 2.420000000000000000e+02 5.051790466308593750e+02
2.305529999999999973e+02 2.850000000000000000e+02 5.051855163574218750e+02
2.308890000000000100e+02 1.730000000000000000e+02 5.051868591308593750e+02
