1.737040000000000077e+02 2.810000000000000000e+02 4.942297363281250000e+02
1.740399999999999920e+02 4.060000000000000000e+02 4.942292785644531250e+02
1.743770000000000095e+02 4.040000000000000000e+02 4.942318725585937500e+02
1.747129999999999939e+02 5.020000000000000000e+02 4.942417602539062500e+02
1.750490000000000066e+02 4.260000000000000000e+02 4.942354736328125000e+02
1.753859999999999957e+02 4.440000000000000000e+02 4.942298278808593750e+02
1.757230000000000132e+02 4.600000000000000000e+02 4.942308959960937500e+02
1.760589999999999975e+02 3.470000000000000000e+02 4.942403259277343750e+02
1.763959999999999866e+02 3.320000000000000000e+02 4.942312316894531250e+02
1.767319999999999993e+02 1.850000000000000000e+02 4.942415466308593750e+02
1.770680000000000121e+02 1.780000000000000000e+02 4.942403869628906250e+02
1.774050000000000011e+02 1.890000000000000000e+02 4.942250366210937500e+02
1.777410000000000139e+02 1.440000000000000000e+02 4.942391662597656250e+02
1.780769999999999982e+02 8.800000000000000000e+01 4.942480163574218750e+02
