2.033060000000000116e+02 1.130000000000000000e+02 1.680484924316406250e+02
2.036430000000000007e+02 1.170000000000000000e+02 1.680433959960937500e+02
2.039790000000000134e+02 1.100000000000000000e+02 1.680521545410156250e+02
2.043149999999999977e+02 1.590000000000000000e+02 1.680408325195312500e+02
2.046519999999999868e+02 1.610000000000000000e+02 1.680472412109375000e+02
2.049879999999999995e+02 1.420000000000000000e+02 1.680485992431640625e+02
2.053240000000000123e+02 1.560000000000000000e+02 1.680431518554687500e+02
2.056599999999999966e+02 2.590000000000000000e+02 1.680400085449218750e+02
2.059970000000000141e+02 1.960000000000000000e+02 1.680487670898437500e+02
2.063329999999999984e+02 1.920000000000000000e+02 1.680418395996093750e+02
2.066690000000000111e+02 2.280000000000000000e+02 1.680440979003906250e+02
2.070060000000000002e+02 2.190000000000000000e+02 1.680478820800781250e+02
2.073420000000000130e+02 1.530000000000000000e+02 1.680491333007812500e+02
2.076779999999999973e+02 2.180000000000000000e+02 1.680427398681640625e+02
2.080149999999999864e+02 3.100000000000000000e+02 1.680412445068359375e+02
2.083509999999999991e+02 2.570000000000000000e+02 1.680482788085937500e+02
2.086870000000000118e+02 2.410000000000000000e+02 1.680384521484375000e+02
2.090229999999999961e+02 4.950000000000000000e+02 1.680450592041015625e+02
2.093600000000000136e+02 2.120000000000000000e+02 1.680464172363281250e+02
2.096959999999999980e+02 3.700000000000000000e+02 1.680430755615234375e+02
2.100320000000000107e+02 1.750000000000000000e+02 1.680466918945312500e+02
2.103689999999999998e+02 3.470000000000000000e+02 1.680461425781250000e+02
2.107050000000000125e+02 3.600000000000000000e+02 1.680472717285156250e+02
2.110409999999999968e+02 3.900000000000000000e+02 1.680459747314453125e+02
2.113789999999999907e+02 4.900000000000000000e+02 1.680433502197265625e+02
2.117160000000000082e+02 2.210000000000000000e+02 1.680491485595703125e+02
2.120519999999999925e+02 2.480000000000000000e+02 1.680433502197265625e+02
2.123880000000000052e+02 2.100000000000000000e+02 1.680513763427734375e+02
2.127239999999999895e+02 3.430000000000000000e+02 1.680508117675781250e+02
2.130610000000000070e+02 3.560000000000000000e+02 1.680435638427734375e+02
2.133969999999999914e+02 3.270000000000000000e+02 1.680463256835937500e+02
2.137330000000000041e+02 2.510000000000000000e+02 1.680399017333984375e+02
2.140699999999999932e+02 2.360000000000000000e+02 1.680470428466796875e+02
2.144060000000000059e+02 4.200000000000000000e+02 1.680435028076171875e+02
2.147419999999999902e+02 2.770000000000000000e+02 1.680474243164062500e+02
2.150790000000000077e+02 1.980000000000000000e+02 1.680470428466796875e+02
2.154149999999999920e+02 2.950000000000000000e+02 1.680459136962890625e+02
2.157510000000000048e+02 3.160000000000000000e+02 1.680464172363281250e+02
2.160869999999999891e+02 2.440000000000000000e+02 1.680487518310546875e+02
2.164240000000000066e+02 2.200000000000000000e+02 1.680470275878906250e+02
2.167599999999999909e+02 1.360000000000000000e+02 1.680485076904296875e+02
2.170960000000000036e+02 9.800000000000000000e+01 1.680434265136718750e+02
2.174329999999999927e+02 6.900000000000000000e+01 1.680498046875000000e+02
2.177690000000000055e+02 9.700000000000000000e+01 1.680484161376953125e+02
2.181059999999999945e+02 1.030000000000000000e+02 1.680411376953125000e+02
