6.722400000000000091e+02 1.620000000000000000e+02 3.902945556640625000e+02
6.725760000000000218e+02 1.160000000000000000e+02 3.902971801757812500e+02
6.729120000000000346e+02 1.770000000000000000e+02 3.902924499511718750e+02
6.732480000000000473e+02 1.740000000000000000e+02 3.903029785156250000e+02
6.735900000000000318e+02 1.530000000000000000e+02 3.902916259765625000e+02
6.739199999999999591e+02 3.170000000000000000e+02 3.902895202636718750e+02
6.742619999999999436e+02 3.040000000000000000e+02 3.902967834472656250e+02
6.745979999999999563e+02 2.610000000000000000e+02 3.903012695312500000e+02
6.749339999999999691e+02 2.380000000000000000e+02 3.902961120605468750e+02
6.752699999999999818e+02 2.950000000000000000e+02 3.902914123535156250e+02
6.756059999999999945e+02 3.210000000000000000e+02 3.902960205078125000e+02
6.759420000000000073e+02 2.060000000000000000e+02 3.902976684570312500e+02
6.762780000000000200e+02 3.520000000000000000e+02 3.902984008789062500e+02
6.766140000000000327e+02 1.880000000000000000e+02 3.902864685058593750e+02
6.769500000000000455e+02 2.330000000000000000e+02 3.903011779785156250e+02
6.772859999999999445e+02 2.130000000000000000e+02 3.903004150390625000e+02
6.776219999999999573e+02 1.870000000000000000e+02 3.902987060546875000e+02
6.779640000000000555e+02 2.400000000000000000e+02 3.902973937988281250e+02
6.782999999999999545e+02 3.060000000000000000e+02 3.902933044433593750e+02
6.786359999999999673e+02 3.590000000000000000e+02 3.902997741699218750e+02
6.789719999999999800e+02 4.020000000000000000e+02 3.902981567382812500e+02
6.793079999999999927e+02 4.210000000000000000e+02 3.902944335937500000e+02
6.796440000000000055e+02 2.940000000000000000e+02 3.902971496582031250e+02
6.799800000000000182e+02 4.240000000000000000e+02 3.902977600097656250e+02
6.803160000000000309e+02 3.900000000000000000e+02 3.902940368652343750e+02
6.806520000000000437e+02 4.010000000000000000e+02 3.902962951660156250e+02
6.809880000000000564e+02 4.890000000000000000e+02 3.902987365722656250e+02
6.813239999999999554e+02 2.530000000000000000e+02 3.902948913574218750e+02
6.816599999999999682e+02 2.660000000000000000e+02 3.902863769531250000e+02
6.819959999999999809e+02 1.880000000000000000e+02 3.902994689941406250e+02
6.823319999999999936e+02 1.310000000000000000e+02 3.902973632812500000e+02
6.826680000000000064e+02 1.120000000000000000e+02 3.902885131835937500e+02
6.830040000000000191e+02 1.220000000000000000e+02 3.902907104492187500e+02
6.833400000000000318e+02 1.760000000000000000e+02 3.902859497070312500e+02
