3.543489999999999895e+02 9.100000000000000000e+01 1.920703430175781250e+02
3.546850000000000023e+02 2.330000000000000000e+02 1.920643920898437500e+02
3.550219999999999914e+02 1.720000000000000000e+02 1.920660095214843750e+02
3.553580000000000041e+02 3.000000000000000000e+02 1.920643768310546875e+02
3.556940000000000168e+02 2.670000000000000000e+02 1.920619049072265625e+02
3.560310000000000059e+02 3.080000000000000000e+02 1.920691680908203125e+02
3.563670000000000186e+02 2.710000000000000000e+02 1.920668029785156250e+02
3.567029999999999745e+02 1.820000000000000000e+02 1.920653076171875000e+02
3.570389999999999873e+02 4.550000000000000000e+02 1.920664520263671875e+02
3.573759999999999764e+02 2.300000000000000000e+02 1.920646209716796875e+02
3.577119999999999891e+02 1.630000000000000000e+02 1.920682830810546875e+02
3.580480000000000018e+02 1.670000000000000000e+02 1.920713653564453125e+02
3.583849999999999909e+02 1.120000000000000000e+02 1.920702056884765625e+02
3.587210000000000036e+02 2.100000000000000000e+02 1.920650634765625000e+02
3.590570000000000164e+02 2.630000000000000000e+02 1.920708923339843750e+02
3.593940000000000055e+02 1.410000000000000000e+02 1.920671844482421875e+02
3.597300000000000182e+02 2.310000000000000000e+02 1.920715332031250000e+02
3.600670000000000073e+02 1.700000000000000000e+02 1.920744781494140625e+02
3.604030000000000200e+02 2.060000000000000000e+02 1.920683441162109375e+02
3.607400000000000091e+02 1.760000000000000000e+02 1.920664672851562500e+02
3.610760000000000218e+02 3.150000000000000000e+02 1.920678710937500000e+02
3.614119999999999777e+02 2.740000000000000000e+02 1.920646514892578125e+02
3.617490000000000236e+02 2.760000000000000000e+02 1.920678863525390625e+02
3.620849999999999795e+02 2.480000000000000000e+02 1.920624084472656250e+02
3.624209999999999923e+02 2.220000000000000000e+02 1.920738983154296875e+02
3.627590000000000146e+02 1.520000000000000000e+02 1.920682525634765625e+02
3.630950000000000273e+02 2.340000000000000000e+02 1.920634307861328125e+02
3.634320000000000164e+02 1.150000000000000000e+02 1.920637512207031250e+02
3.637679999999999723e+02 7.100000000000000000e+01 1.920731353759765625e+02
3.641039999999999850e+02 1.640000000000000000e+02 1.920635070800781250e+02
3.644409999999999741e+02 8.600000000000000000e+01 1.920725860595703125e+02
3.647769999999999868e+02 1.660000000000000000e+02 1.920640716552734375e+02
3.651129999999999995e+02 1.260000000000000000e+02 1.920586853027343750e+02
3.654490000000000123e+02 1.260000000000000000e+02 1.920557708740234375e+02
3.657860000000000014e+02 8.600000000000000000e+01 1.920679626464843750e+02
3.661220000000000141e+02 2.020000000000000000e+02 1.920691680908203125e+02
3.664580000000000268e+02 7.700000000000000000e+01 1.920744171142578125e+02
3.667950000000000159e+02 1.150000000000000000e+02 1.920620117187500000e+02
3.671309999999999718e+02 3.100000000000000000e+01 1.920798950195312500e+02
3.674669999999999845e+02 5.000000000000000000e+01 1.920718231201171875e+02
3.678039999999999736e+02 8.200000000000000000e+01 1.920661773681640625e+02
3.681399999999999864e+02 8.800000000000000000e+01 1.920731201171875000e+02
