8.747459999999999809e+02 1.220000000000000000e+02 2.842885437011718750e+02
8.750819999999999936e+02 2.310000000000000000e+02 2.843024291992187500e+02
8.754180000000000064e+02 2.510000000000000000e+02 2.842888183593750000e+02
8.757540000000000191e+02 1.680000000000000000e+02 2.842874145507812500e+02
8.760900000000000318e+02 1.990000000000000000e+02 2.842950134277343750e+02
8.764260000000000446e+02 2.550000000000000000e+02 2.842846069335937500e+02
8.767619999999999436e+02 2.980000000000000000e+02 2.842855529785156250e+02
8.770979999999999563e+02 2.760000000000000000e+02 2.842879333496093750e+02
8.774339999999999691e+02 2.660000000000000000e+02 2.842846374511718750e+02
8.777699999999999818e+02 4.500000000000000000e+02 2.842851257324218750e+02
8.781059999999999945e+02 1.980000000000000000e+02 2.842889404296875000e+02
8.784479999999999791e+02 1.520000000000000000e+02 2.842940979003906250e+02
8.787839999999999918e+02 1.550000000000000000e+02 2.842849121093750000e+02
8.791200000000000045e+02 2.180000000000000000e+02 2.842839660644531250e+02
