2.534350000000000023e+02 1.410000000000000000e+02 3.311647949218750000e+02
2.537709999999999866e+02 2.070000000000000000e+02 3.311428222656250000e+02
2.541069999999999993e+02 1.320000000000000000e+02 3.311596374511718750e+02
2.544430000000000121e+02 1.970000000000000000e+02 3.311616210937500000e+02
2.547800000000000011e+02 2.500000000000000000e+02 3.311525878906250000e+02
2.551160000000000139e+02 1.680000000000000000e+02 3.311513061523437500e+02
2.554519999999999982e+02 4.030000000000000000e+02 3.311567687988281250e+02
2.557889999999999873e+02 3.730000000000000000e+02 3.311594238281250000e+02
2.561250000000000000e+02 4.240000000000000000e+02 3.311650390625000000e+02
2.564610000000000127e+02 4.010000000000000000e+02 3.311528625488281250e+02
2.567980000000000018e+02 4.400000000000000000e+02 3.311532897949218750e+02
2.571340000000000146e+02 3.370000000000000000e+02 3.311608276367187500e+02
2.574700000000000273e+02 2.600000000000000000e+02 3.311666564941406250e+02
2.578070000000000164e+02 2.290000000000000000e+02 3.311542968750000000e+02
2.581429999999999723e+02 2.330000000000000000e+02 3.311407470703125000e+02
2.584789999999999850e+02 1.780000000000000000e+02 3.311426086425781250e+02
2.588149999999999977e+02 1.700000000000000000e+02 3.311588745117187500e+02
