8.394239999999999782e+02 3.900000000000000000e+01 2.170931091308593750e+02
8.397599999999999909e+02 8.300000000000000000e+01 2.170781250000000000e+02
8.400960000000000036e+02 1.540000000000000000e+02 2.170768890380859375e+02
8.404320000000000164e+02 1.710000000000000000e+02 2.170792694091796875e+02
8.407680000000000291e+02 2.370000000000000000e+02 2.170780181884765625e+02
8.411040000000000418e+02 4.240000000000000000e+02 2.170802154541015625e+02
8.414400000000000546e+02 2.760000000000000000e+02 2.170766296386718750e+02
8.417759999999999536e+02 3.670000000000000000e+02 2.170825805664062500e+02
8.421119999999999663e+02 2.830000000000000000e+02 2.170826416015625000e+02
8.424479999999999791e+02 2.070000000000000000e+02 2.170846099853515625e+02
8.427899999999999636e+02 1.380000000000000000e+02 2.170850372314453125e+02
8.431259999999999764e+02 1.720000000000000000e+02 2.170756225585937500e+02
8.434619999999999891e+02 1.380000000000000000e+02 2.170856628417968750e+02
8.437980000000000018e+02 6.000000000000000000e+01 2.170720672607421875e+02
8.441340000000000146e+02 9.100000000000000000e+01 2.170824127197265625e+02
8.444700000000000273e+02 6.800000000000000000e+01 2.170748748779296875e+02
8.448060000000000400e+02 1.270000000000000000e+02 2.170880126953125000e+02
8.451420000000000528e+02 4.400000000000000000e+01 2.170917205810546875e+02
8.454779999999999518e+02 7.600000000000000000e+01 2.170999298095703125e+02
8.458139999999999645e+02 4.900000000000000000e+01 2.170936889648437500e+02
8.461499999999999773e+02 5.900000000000000000e+01 2.170760498046875000e+02
