2.399720000000000084e+02 2.130000000000000000e+02 6.111564331054687500e+02
2.403079999999999927e+02 3.750000000000000000e+02 6.111545410156250000e+02
2.406440000000000055e+02 2.100000000000000000e+02 6.111664428710937500e+02
2.409809999999999945e+02 3.460000000000000000e+02 6.111525268554687500e+02
2.413170000000000073e+02 4.600000000000000000e+02 6.111563110351562500e+02
2.416550000000000011e+02 4.550000000000000000e+02 6.111550903320312500e+02
2.419910000000000139e+02 3.030000000000000000e+02 6.111570434570312500e+02
2.423269999999999982e+02 2.300000000000000000e+02 6.111731567382812500e+02
2.426639999999999873e+02 1.180000000000000000e+02 6.111734008789062500e+02
2.430000000000000000e+02 1.250000000000000000e+02 6.111770629882812500e+02
2.433360000000000127e+02 1.290000000000000000e+02 6.111687622070312500e+02
2.436730000000000018e+02 1.560000000000000000e+02 6.111450195312500000e+02
2.440089999999999861e+02 3.440000000000000000e+02 6.111584472656250000e+02
2.443449999999999989e+02 3.450000000000000000e+02 6.111570434570312500e+02
2.446810000000000116e+02 4.220000000000000000e+02 6.111453247070312500e+02
2.450180000000000007e+02 4.820000000000000000e+02 6.111583862304687500e+02
2.453540000000000134e+02 4.780000000000000000e+02 6.111696166992187500e+02
2.456899999999999977e+02 3.590000000000000000e+02 6.111581420898437500e+02
2.460269999999999868e+02 3.850000000000000000e+02 6.111605224609375000e+02
2.463629999999999995e+02 3.480000000000000000e+02 6.111577148437500000e+02
2.466990000000000123e+02 3.720000000000000000e+02 6.111525268554687500e+02
2.470360000000000014e+02 3.020000000000000000e+02 6.111632080078125000e+02
2.473720000000000141e+02 5.960000000000000000e+02 6.111611938476562500e+02
2.477150000000000034e+02 2.153000000000000000e+03 6.111567993164062500e+02
2.480519999999999925e+02 6.015000000000000000e+03 6.111606445312500000e+02
2.483880000000000052e+02 1.348000000000000000e+04 6.111572265625000000e+02
2.487239999999999895e+02 2.347600000000000000e+04 6.111591796875000000e+02
2.490600000000000023e+02 3.141100000000000000e+04 6.111585083007812500e+02
2.493969999999999914e+02 3.875400000000000000e+04 6.111583862304687500e+02
2.497330000000000041e+02 4.107400000000000000e+04 6.111604614257812500e+02
2.500699999999999932e+02 3.786200000000000000e+04 6.111608276367187500e+02
2.504060000000000059e+02 3.630800000000000000e+04 6.111640014648437500e+02
2.507429999999999950e+02 3.140800000000000000e+04 6.111585693359375000e+02
2.510790000000000077e+02 2.425400000000000000e+04 6.111625366210937500e+02
2.514149999999999920e+02 1.792200000000000000e+04 6.111600341796875000e+02
2.517529999999999859e+02 1.344100000000000000e+04 6.111594848632812500e+02
2.520889999999999986e+02 8.675000000000000000e+03 6.111593627929687500e+02
2.524259999999999877e+02 6.472000000000000000e+03 6.111612548828125000e+02
2.527620000000000005e+02 4.453000000000000000e+03 6.111635131835937500e+02
2.530980000000000132e+02 3.563000000000000000e+03 6.111618041992187500e+02
2.534350000000000023e+02 2.681000000000000000e+03 6.111614990234375000e+02
2.537709999999999866e+02 2.043000000000000000e+03 6.111591186523437500e+02
2.541069999999999993e+02 1.304000000000000000e+03 6.111563110351562500e+02
2.544430000000000121e+02 8.870000000000000000e+02 6.111611328125000000e+02
2.547800000000000011e+02 7.250000000000000000e+02 6.111610717773437500e+02
2.551160000000000139e+02 5.980000000000000000e+02 6.111600341796875000e+02
2.554519999999999982e+02 4.560000000000000000e+02 6.111663818359375000e+02
2.557889999999999873e+02 3.810000000000000000e+02 6.111599731445312500e+02
2.561250000000000000e+02 3.000000000000000000e+02 6.111737670898437500e+02
2.564610000000000127e+02 3.140000000000000000e+02 6.111556396484375000e+02
2.567980000000000018e+02 3.360000000000000000e+02 6.111578979492187500e+02
2.571340000000000146e+02 5.440000000000000000e+02 6.111637573242187500e+02
2.574700000000000273e+02 5.070000000000000000e+02 6.111648559570312500e+02
2.578070000000000164e+02 7.220000000000000000e+02 6.111672973632812500e+02
2.581429999999999723e+02 9.120000000000000000e+02 6.111566772460937500e+02
2.584789999999999850e+02 1.126000000000000000e+03 6.111625366210937500e+02
2.588149999999999977e+02 1.172000000000000000e+03 6.111568603515625000e+02
2.591519999999999868e+02 1.319000000000000000e+03 6.111620483398437500e+02
2.594879999999999995e+02 1.151000000000000000e+03 6.111562500000000000e+02
2.598240000000000123e+02 1.040000000000000000e+03 6.111611938476562500e+02
2.601610000000000014e+02 9.260000000000000000e+02 6.111606445312500000e+02
2.604970000000000141e+02 1.045000000000000000e+03 6.111536865234375000e+02
2.608330000000000268e+02 4.640000000000000000e+02 6.111568603515625000e+02
2.611700000000000159e+02 3.450000000000000000e+02 6.111634521484375000e+02
2.615059999999999718e+02 4.850000000000000000e+02 6.111605834960937500e+02
2.618439999999999941e+02 3.250000000000000000e+02 6.111648559570312500e+02
2.621800000000000068e+02 2.770000000000000000e+02 6.111555786132812500e+02
2.625169999999999959e+02 1.530000000000000000e+02 6.111639404296875000e+02
2.628530000000000086e+02 8.700000000000000000e+01 6.111617431640625000e+02
2.631890000000000214e+02 1.350000000000000000e+02 6.111798095703125000e+02
2.635260000000000105e+02 9.400000000000000000e+01 6.111790161132812500e+02
2.638620000000000232e+02 1.490000000000000000e+02 6.111640014648437500e+02
2.641979999999999791e+02 1.900000000000000000e+02 6.111693115234375000e+02
