7.082340000000000373e+02 2.290000000000000000e+02 2.896534729003906250e+02
7.085700000000000500e+02 1.490000000000000000e+02 2.896629638671875000e+02
7.089059999999999491e+02 5.200000000000000000e+01 2.896514892578125000e+02
7.092419999999999618e+02 1.150000000000000000e+02 2.896563720703125000e+02
7.095779999999999745e+02 1.790000000000000000e+02 2.896554870605468750e+02
7.099139999999999873e+02 1.640000000000000000e+02 2.896543884277343750e+02
7.102559999999999718e+02 2.680000000000000000e+02 2.896581115722656250e+02
7.105919999999999845e+02 3.590000000000000000e+02 2.896516723632812500e+02
7.109279999999999973e+02 3.590000000000000000e+02 2.896531372070312500e+02
7.112640000000000100e+02 3.960000000000000000e+02 2.896495361328125000e+02
7.116000000000000227e+02 4.180000000000000000e+02 2.896521606445312500e+02
7.119360000000000355e+02 3.600000000000000000e+02 2.896522216796875000e+02
7.122720000000000482e+02 2.650000000000000000e+02 2.896528625488281250e+02
7.126079999999999472e+02 3.360000000000000000e+02 2.896603088378906250e+02
7.129439999999999600e+02 2.320000000000000000e+02 2.896546020507812500e+02
7.132799999999999727e+02 3.190000000000000000e+02 2.896570129394531250e+02
7.136159999999999854e+02 2.330000000000000000e+02 2.896551208496093750e+02
7.139519999999999982e+02 2.650000000000000000e+02 2.896542053222656250e+02
7.142880000000000109e+02 1.530000000000000000e+02 2.896582031250000000e+02
7.146240000000000236e+02 1.210000000000000000e+02 2.896616516113281250e+02
7.149600000000000364e+02 1.490000000000000000e+02 2.896464538574218750e+02
7.152960000000000491e+02 5.800000000000000000e+01 2.896613464355468750e+02
7.156319999999999482e+02 5.400000000000000000e+01 2.896549072265625000e+02
7.159740000000000464e+02 4.200000000000000000e+01 2.896514892578125000e+02
7.163099999999999454e+02 3.500000000000000000e+01 2.896618041992187500e+02
