7.701299999999999955e+02 2.330000000000000000e+02 5.755119018554687500e+02
7.704660000000000082e+02 2.500000000000000000e+02 5.755014648437500000e+02
7.708020000000000209e+02 3.080000000000000000e+02 5.754946289062500000e+02
7.711380000000000337e+02 2.650000000000000000e+02 5.754995727539062500e+02
7.714740000000000464e+02 3.500000000000000000e+02 5.754963989257812500e+02
7.718099999999999454e+02 3.650000000000000000e+02 5.754994506835937500e+02
7.721459999999999582e+02 2.600000000000000000e+02 5.755014038085937500e+02
7.724819999999999709e+02 3.240000000000000000e+02 5.754989013671875000e+02
7.728179999999999836e+02 3.870000000000000000e+02 5.754951171875000000e+02
7.731539999999999964e+02 3.200000000000000000e+02 5.754965209960937500e+02
7.734900000000000091e+02 2.590000000000000000e+02 5.754992065429687500e+02
7.738260000000000218e+02 3.080000000000000000e+02 5.754978027343750000e+02
7.741620000000000346e+02 2.750000000000000000e+02 5.755112915039062500e+02
7.744980000000000473e+02 2.640000000000000000e+02 5.755057373046875000e+02
7.748400000000000318e+02 3.980000000000000000e+02 5.755074462890625000e+02
7.751699999999999591e+02 2.410000000000000000e+02 5.755043334960937500e+02
7.755119999999999436e+02 3.160000000000000000e+02 5.754991455078125000e+02
7.758479999999999563e+02 3.720000000000000000e+02 5.755001831054687500e+02
7.761839999999999691e+02 3.200000000000000000e+02 5.754924926757812500e+02
7.765199999999999818e+02 3.500000000000000000e+02 5.755018310546875000e+02
7.768559999999999945e+02 2.970000000000000000e+02 5.754998168945312500e+02
7.771920000000000073e+02 2.460000000000000000e+02 5.754892578125000000e+02
7.775280000000000200e+02 3.310000000000000000e+02 5.754916992187500000e+02
7.778640000000000327e+02 2.810000000000000000e+02 5.755063476562500000e+02
7.782000000000000455e+02 2.560000000000000000e+02 5.754979248046875000e+02
7.785359999999999445e+02 2.180000000000000000e+02 5.754926147460937500e+02
7.788719999999999573e+02 2.040000000000000000e+02 5.755028076171875000e+02
7.792140000000000555e+02 2.580000000000000000e+02 5.754980468750000000e+02
7.795499999999999545e+02 1.780000000000000000e+02 5.755031738281250000e+02
7.798859999999999673e+02 3.060000000000000000e+02 5.754987182617187500e+02
7.802219999999999800e+02 2.300000000000000000e+02 5.754978637695312500e+02
7.805579999999999927e+02 2.430000000000000000e+02 5.755051269531250000e+02
7.808940000000000055e+02 2.770000000000000000e+02 5.755000000000000000e+02
7.812300000000000182e+02 3.580000000000000000e+02 5.754893798828125000e+02
7.815660000000000309e+02 2.790000000000000000e+02 5.755067138671875000e+02
7.819020000000000437e+02 2.340000000000000000e+02 5.755057373046875000e+02
7.822380000000000564e+02 3.630000000000000000e+02 5.755001831054687500e+02
7.825739999999999554e+02 3.480000000000000000e+02 5.754978027343750000e+02
7.829099999999999682e+02 3.200000000000000000e+02 5.754943847656250000e+02
7.832459999999999809e+02 2.140000000000000000e+02 5.754993896484375000e+02
7.835819999999999936e+02 2.670000000000000000e+02 5.755070190429687500e+02
7.839180000000000064e+02 3.560000000000000000e+02 5.754985351562500000e+02
7.842540000000000191e+02 3.180000000000000000e+02 5.755009155273437500e+02
7.845900000000000318e+02 3.540000000000000000e+02 5.755026855468750000e+02
7.849260000000000446e+02 4.160000000000000000e+02 5.754934692382812500e+02
7.852619999999999436e+02 2.030000000000000000e+02 5.754954223632812500e+02
7.855979999999999563e+02 2.870000000000000000e+02 5.755028686523437500e+02
7.859400000000000546e+02 3.020000000000000000e+02 5.754901123046875000e+02
7.862759999999999536e+02 3.240000000000000000e+02 5.755026855468750000e+02
7.866119999999999663e+02 3.100000000000000000e+02 5.754984130859375000e+02
7.869479999999999791e+02 3.560000000000000000e+02 5.754930419921875000e+02
7.872839999999999918e+02 3.320000000000000000e+02 5.755004882812500000e+02
7.876200000000000045e+02 2.650000000000000000e+02 5.754996337890625000e+02
7.879560000000000173e+02 2.160000000000000000e+02 5.754923095703125000e+02
7.882920000000000300e+02 3.120000000000000000e+02 5.754998779296875000e+02
7.886280000000000427e+02 3.080000000000000000e+02 5.755079956054687500e+02
7.889640000000000555e+02 3.740000000000000000e+02 5.754968261718750000e+02
7.892999999999999545e+02 3.110000000000000000e+02 5.754983520507812500e+02
7.896359999999999673e+02 3.710000000000000000e+02 5.754956054687500000e+02
7.899719999999999800e+02 3.030000000000000000e+02 5.754957275390625000e+02
7.903139999999999645e+02 3.280000000000000000e+02 5.754952392578125000e+02
7.906499999999999773e+02 1.590000000000000000e+02 5.755068969726562500e+02
7.909859999999999900e+02 2.940000000000000000e+02 5.754943847656250000e+02
7.913160000000000309e+02 3.980000000000000000e+02 5.754951171875000000e+02
7.916580000000000155e+02 3.860000000000000000e+02 5.754976806640625000e+02
7.919940000000000282e+02 3.660000000000000000e+02 5.755036621093750000e+02
7.923300000000000409e+02 4.500000000000000000e+02 5.755003662109375000e+02
7.926660000000000537e+02 2.700000000000000000e+02 5.754871826171875000e+02
7.930019999999999527e+02 2.720000000000000000e+02 5.754979248046875000e+02
7.933379999999999654e+02 2.650000000000000000e+02 5.754898071289062500e+02
7.936739999999999782e+02 3.430000000000000000e+02 5.754991455078125000e+02
7.940099999999999909e+02 3.310000000000000000e+02 5.754914550781250000e+02
7.943460000000000036e+02 3.250000000000000000e+02 5.754941406250000000e+02
7.946820000000000164e+02 3.550000000000000000e+02 5.754876098632812500e+02
7.950180000000000291e+02 3.300000000000000000e+02 5.754982299804687500e+02
7.953540000000000418e+02 3.070000000000000000e+02 5.755003662109375000e+02
7.956900000000000546e+02 3.430000000000000000e+02 5.754909667968750000e+02
7.960259999999999536e+02 2.780000000000000000e+02 5.754994506835937500e+02
7.963619999999999663e+02 2.570000000000000000e+02 5.754975585937500000e+02
7.967039999999999509e+02 3.670000000000000000e+02 5.754956054687500000e+02
7.970399999999999636e+02 3.750000000000000000e+02 5.755028076171875000e+02
7.973759999999999764e+02 3.020000000000000000e+02 5.754911499023437500e+02
7.977119999999999891e+02 2.600000000000000000e+02 5.755025024414062500e+02
7.980480000000000018e+02 2.300000000000000000e+02 5.755104370117187500e+02
7.983840000000000146e+02 3.390000000000000000e+02 5.754988403320312500e+02
7.987200000000000273e+02 2.930000000000000000e+02 5.754924316406250000e+02
7.990560000000000400e+02 4.070000000000000000e+02 5.754939575195312500e+02
7.993920000000000528e+02 4.210000000000000000e+02 5.754917602539062500e+02
