2.514149999999999920e+02 1.850000000000000000e+02 4.842734375000000000e+02
2.517529999999999859e+02 3.200000000000000000e+02 4.842688598632812500e+02
2.520889999999999986e+02 3.560000000000000000e+02 4.842638854980468750e+02
2.524259999999999877e+02 4.100000000000000000e+02 4.842670288085937500e+02
2.527620000000000005e+02 4.140000000000000000e+02 4.842652282714843750e+02
2.530980000000000132e+02 3.000000000000000000e+02 4.842722778320312500e+02
2.534350000000000023e+02 3.480000000000000000e+02 4.842715148925781250e+02
2.537709999999999866e+02 2.810000000000000000e+02 4.842664794921875000e+02
2.541069999999999993e+02 1.970000000000000000e+02 4.842655029296875000e+02
2.544430000000000121e+02 1.150000000000000000e+02 4.842687377929687500e+02
