9.588419999999999845e+02 3.800000000000000000e+02 7.374882812500000000e+02
9.591779999999999973e+02 3.760000000000000000e+02 7.374867553710937500e+02
9.595140000000000100e+02 3.690000000000000000e+02 7.374916381835937500e+02
9.598500000000000227e+02 2.890000000000000000e+02 7.374918823242187500e+02
9.601860000000000355e+02 3.010000000000000000e+02 7.374830932617187500e+02
9.605220000000000482e+02 3.070000000000000000e+02 7.374851684570312500e+02
9.608579999999999472e+02 2.760000000000000000e+02 7.374990844726562500e+02
9.611939999999999600e+02 2.970000000000000000e+02 7.374849243164062500e+02
9.615299999999999727e+02 3.860000000000000000e+02 7.374893188476562500e+02
9.618659999999999854e+02 3.330000000000000000e+02 7.374934082031250000e+02
9.622019999999999982e+02 2.900000000000000000e+02 7.374796142578125000e+02
9.625380000000000109e+02 2.860000000000000000e+02 7.374896850585937500e+02
9.628740000000000236e+02 2.650000000000000000e+02 7.374817504882812500e+02
9.632100000000000364e+02 3.140000000000000000e+02 7.374805908203125000e+02
9.635460000000000491e+02 2.030000000000000000e+02 7.374868164062500000e+02
9.638819999999999482e+02 2.940000000000000000e+02 7.374844360351562500e+02
9.642179999999999609e+02 2.440000000000000000e+02 7.374894409179687500e+02
9.645539999999999736e+02 3.760000000000000000e+02 7.374784545898437500e+02
9.648959999999999582e+02 3.650000000000000000e+02 7.374890747070312500e+02
9.652319999999999709e+02 3.480000000000000000e+02 7.374914550781250000e+02
9.655679999999999836e+02 2.750000000000000000e+02 7.374884033203125000e+02
9.659039999999999964e+02 3.390000000000000000e+02 7.374810180664062500e+02
9.662400000000000091e+02 2.520000000000000000e+02 7.374904174804687500e+02
9.665760000000000218e+02 2.830000000000000000e+02 7.374953613281250000e+02
9.669120000000000346e+02 3.590000000000000000e+02 7.374952392578125000e+02
9.672480000000000473e+02 3.560000000000000000e+02 7.374946899414062500e+02
9.675839999999999463e+02 3.800000000000000000e+02 7.374822387695312500e+02
9.679199999999999591e+02 3.710000000000000000e+02 7.374769897460937500e+02
9.682559999999999718e+02 1.890000000000000000e+02 7.374904785156250000e+02
9.685919999999999845e+02 2.510000000000000000e+02 7.374907836914062500e+02
9.689279999999999973e+02 2.800000000000000000e+02 7.374804687500000000e+02
9.692640000000000100e+02 4.120000000000000000e+02 7.374835815429687500e+02
9.696059999999999945e+02 2.710000000000000000e+02 7.374960937500000000e+02
9.699360000000000355e+02 3.160000000000000000e+02 7.374766845703125000e+02
9.702780000000000200e+02 3.290000000000000000e+02 7.374899902343750000e+02
9.706140000000000327e+02 2.920000000000000000e+02 7.374891357421875000e+02
9.709500000000000455e+02 2.170000000000000000e+02 7.374906005859375000e+02
9.712859999999999445e+02 2.680000000000000000e+02 7.374976806640625000e+02
9.716219999999999573e+02 3.170000000000000000e+02 7.374863891601562500e+02
9.719579999999999700e+02 2.920000000000000000e+02 7.374933471679687500e+02
9.722939999999999827e+02 3.080000000000000000e+02 7.374879760742187500e+02
9.726299999999999955e+02 3.030000000000000000e+02 7.374866943359375000e+02
9.729660000000000082e+02 3.010000000000000000e+02 7.374961547851562500e+02
9.733020000000000209e+02 1.550000000000000000e+02 7.375014038085937500e+02
9.736380000000000337e+02 4.140000000000000000e+02 7.374872436523437500e+02
9.739740000000000464e+02 2.330000000000000000e+02 7.374838256835937500e+02
9.743099999999999454e+02 3.300000000000000000e+02 7.374916381835937500e+02
9.746459999999999582e+02 3.410000000000000000e+02 7.374829711914062500e+02
9.749819999999999709e+02 2.860000000000000000e+02 7.374782104492187500e+02
9.753179999999999836e+02 2.610000000000000000e+02 7.374891967773437500e+02
9.756599999999999682e+02 2.790000000000000000e+02 7.374874877929687500e+02
9.759959999999999809e+02 4.730000000000000000e+02 7.374843750000000000e+02
9.763319999999999936e+02 2.200000000000000000e+02 7.374821166992187500e+02
9.766680000000000064e+02 1.720000000000000000e+02 7.374957275390625000e+02
9.770040000000000191e+02 1.890000000000000000e+02 7.374966430664062500e+02
9.773400000000000318e+02 2.520000000000000000e+02 7.374937133789062500e+02
