9.840660000000000309e+02 3.600000000000000000e+01 6.443873291015625000e+02
9.844020000000000437e+02 5.800000000000000000e+01 6.443886718750000000e+02
9.847380000000000564e+02 9.600000000000000000e+01 6.443911743164062500e+02
9.850739999999999554e+02 1.170000000000000000e+02 6.443962402343750000e+02
9.854099999999999682e+02 1.340000000000000000e+02 6.443902587890625000e+02
9.857459999999999809e+02 2.000000000000000000e+02 6.443766479492187500e+02
9.860819999999999936e+02 2.720000000000000000e+02 6.443928222656250000e+02
9.864180000000000064e+02 2.120000000000000000e+02 6.443945312500000000e+02
9.867599999999999909e+02 2.850000000000000000e+02 6.443900146484375000e+02
9.870960000000000036e+02 2.670000000000000000e+02 6.443790283203125000e+02
9.874260000000000446e+02 3.590000000000000000e+02 6.443861694335937500e+02
9.877680000000000291e+02 4.060000000000000000e+02 6.443773803710937500e+02
9.881040000000000418e+02 3.790000000000000000e+02 6.443840332031250000e+02
9.884400000000000546e+02 2.650000000000000000e+02 6.443895874023437500e+02
9.887759999999999536e+02 3.860000000000000000e+02 6.443857421875000000e+02
9.891119999999999663e+02 3.400000000000000000e+02 6.443847045898437500e+02
9.894479999999999791e+02 4.000000000000000000e+02 6.443807373046875000e+02
9.897839999999999918e+02 3.650000000000000000e+02 6.443795166015625000e+02
9.901200000000000045e+02 4.130000000000000000e+02 6.443911132812500000e+02
9.904619999999999891e+02 3.820000000000000000e+02 6.443749389648437500e+02
9.907920000000000300e+02 3.420000000000000000e+02 6.443874511718750000e+02
9.911340000000000146e+02 3.610000000000000000e+02 6.443856201171875000e+02
9.914640000000000555e+02 3.400000000000000000e+02 6.443895263671875000e+02
9.918060000000000400e+02 2.780000000000000000e+02 6.443883666992187500e+02
9.921420000000000528e+02 2.200000000000000000e+02 6.443856811523437500e+02
9.924779999999999518e+02 1.690000000000000000e+02 6.444050292968750000e+02
9.928139999999999645e+02 3.540000000000000000e+02 6.443853759765625000e+02
9.931499999999999773e+02 1.370000000000000000e+02 6.443972167968750000e+02
9.934859999999999900e+02 2.190000000000000000e+02 6.443758544921875000e+02
9.938220000000000027e+02 7.700000000000000000e+01 6.443818969726562500e+02
9.941580000000000155e+02 2.170000000000000000e+02 6.443840942382812500e+02
9.944940000000000282e+02 1.250000000000000000e+02 6.443922119140625000e+02
9.948300000000000409e+02 1.530000000000000000e+02 6.443869018554687500e+02
9.951660000000000537e+02 1.520000000000000000e+02 6.443890991210937500e+02
9.955019999999999527e+02 9.400000000000000000e+01 6.443792724609375000e+02
9.958379999999999654e+02 7.200000000000000000e+01 6.444003906250000000e+02
9.961739999999999782e+02 1.360000000000000000e+02 6.443795776367187500e+02
9.965099999999999909e+02 1.850000000000000000e+02 6.443941650390625000e+02
9.968460000000000036e+02 7.700000000000000000e+01 6.443719482421875000e+02
