1.198780000000000001e+02 5.200000000000000000e+01 4.660271606445312500e+02
1.202139999999999986e+02 2.710000000000000000e+02 4.660273132324218750e+02
1.205520000000000067e+02 1.199000000000000000e+03 4.660171203613281250e+02
1.208880000000000052e+02 2.497000000000000000e+03 4.660218811035156250e+02
1.212240000000000038e+02 3.727000000000000000e+03 4.660215759277343750e+02
1.215610000000000070e+02 4.269000000000000000e+03 4.660232543945312500e+02
1.218970000000000056e+02 3.895000000000000000e+03 4.660254821777343750e+02
1.222330000000000041e+02 3.728000000000000000e+03 4.660213012695312500e+02
1.225690000000000026e+02 3.112000000000000000e+03 4.660209350585937500e+02
1.229060000000000059e+02 2.543000000000000000e+03 4.660209960937500000e+02
1.232429999999999950e+02 2.495000000000000000e+03 4.660205078125000000e+02
1.235789999999999935e+02 2.566000000000000000e+03 4.660217895507812500e+02
1.239159999999999968e+02 2.159000000000000000e+03 4.660279235839843750e+02
1.242519999999999953e+02 2.543000000000000000e+03 4.660220031738281250e+02
1.245889999999999986e+02 2.477000000000000000e+03 4.660222167968750000e+02
1.249249999999999972e+02 2.564000000000000000e+03 4.660222778320312500e+02
1.252609999999999957e+02 2.489000000000000000e+03 4.660241699218750000e+02
1.255979999999999990e+02 2.018000000000000000e+03 4.660216979980468750e+02
1.259339999999999975e+02 2.460000000000000000e+03 4.660197753906250000e+02
1.262699999999999960e+02 2.576000000000000000e+03 4.660223388671875000e+02
1.266069999999999993e+02 2.247000000000000000e+03 4.660232543945312500e+02
1.269429999999999978e+02 2.702000000000000000e+03 4.660211486816406250e+02
1.272789999999999964e+02 2.316000000000000000e+03 4.660237426757812500e+02
1.276149999999999949e+02 2.494000000000000000e+03 4.660223388671875000e+02
1.279519999999999982e+02 2.372000000000000000e+03 4.660241699218750000e+02
1.282880000000000109e+02 2.528000000000000000e+03 4.660223388671875000e+02
1.286239999999999952e+02 2.433000000000000000e+03 4.660213317871093750e+02
1.289610000000000127e+02 2.651000000000000000e+03 4.660246582031250000e+02
1.292969999999999970e+02 2.590000000000000000e+03 4.660224609375000000e+02
1.296330000000000098e+02 2.568000000000000000e+03 4.660222778320312500e+02
1.299699999999999989e+02 2.692000000000000000e+03 4.660216979980468750e+02
1.303060000000000116e+02 2.707000000000000000e+03 4.660201416015625000e+02
1.306440000000000055e+02 2.463000000000000000e+03 4.660209960937500000e+02
1.309799999999999898e+02 2.439000000000000000e+03 4.660233459472656250e+02
1.313170000000000073e+02 2.895000000000000000e+03 4.660221862792968750e+02
1.316529999999999916e+02 2.297000000000000000e+03 4.660236816406250000e+02
1.319890000000000043e+02 2.651000000000000000e+03 4.660237731933593750e+02
1.323249999999999886e+02 2.322000000000000000e+03 4.660204467773437500e+02
1.326620000000000061e+02 2.710000000000000000e+03 4.660222778320312500e+02
1.329979999999999905e+02 2.323000000000000000e+03 4.660225524902343750e+02
1.333340000000000032e+02 2.643000000000000000e+03 4.660243225097656250e+02
1.336709999999999923e+02 2.114000000000000000e+03 4.660230102539062500e+02
1.340070000000000050e+02 2.829000000000000000e+03 4.660223388671875000e+02
1.343429999999999893e+02 2.865000000000000000e+03 4.660256958007812500e+02
1.346800000000000068e+02 2.447000000000000000e+03 4.660220642089843750e+02
1.350159999999999911e+02 2.333000000000000000e+03 4.660248413085937500e+02
1.353520000000000039e+02 2.858000000000000000e+03 4.660191650390625000e+02
1.356879999999999882e+02 2.405000000000000000e+03 4.660221557617187500e+02
1.360250000000000057e+02 2.786000000000000000e+03 4.660224914550781250e+02
