4.767959999999999923e+02 1.100000000000000000e+02 2.501723632812500000e+02
4.771320000000000050e+02 1.630000000000000000e+02 2.501744842529296875e+02
4.774680000000000177e+02 1.370000000000000000e+02 2.501718139648437500e+02
4.778050000000000068e+02 2.660000000000000000e+02 2.501770477294921875e+02
4.781410000000000196e+02 1.680000000000000000e+02 2.501702575683593750e+02
4.784769999999999754e+02 2.080000000000000000e+02 2.501702575683593750e+02
4.788140000000000214e+02 2.480000000000000000e+02 2.501774291992187500e+02
4.791499999999999773e+02 2.180000000000000000e+02 2.501741485595703125e+02
4.794859999999999900e+02 2.250000000000000000e+02 2.501743469238281250e+02
4.798229999999999791e+02 3.210000000000000000e+02 2.501754150390625000e+02
4.801589999999999918e+02 3.660000000000000000e+02 2.501759490966796875e+02
4.804950000000000045e+02 5.820000000000000000e+02 2.501754760742187500e+02
4.808310000000000173e+02 4.690000000000000000e+02 2.501756286621093750e+02
4.811680000000000064e+02 4.780000000000000000e+02 2.501728820800781250e+02
4.815040000000000191e+02 5.470000000000000000e+02 2.501745452880859375e+02
4.818399999999999750e+02 4.770000000000000000e+02 2.501746520996093750e+02
4.821770000000000209e+02 1.162000000000000000e+03 2.501740570068359375e+02
4.825129999999999768e+02 7.090000000000000000e+02 2.501731719970703125e+02
4.828489999999999895e+02 7.040000000000000000e+02 2.501746673583984375e+02
4.831859999999999786e+02 7.980000000000000000e+02 2.501757812500000000e+02
4.835219999999999914e+02 1.370000000000000000e+03 2.501764984130859375e+02
4.838600000000000136e+02 1.051000000000000000e+03 2.501776885986328125e+02
4.841960000000000264e+02 1.430000000000000000e+03 2.501759033203125000e+02
4.845319999999999823e+02 1.050000000000000000e+03 2.501743927001953125e+02
4.848690000000000282e+02 1.282000000000000000e+03 2.501757812500000000e+02
4.852049999999999841e+02 1.670000000000000000e+03 2.501764221191406250e+02
4.855409999999999968e+02 1.990000000000000000e+03 2.501751403808593750e+02
4.858779999999999859e+02 2.361000000000000000e+03 2.501746368408203125e+02
4.862149999999999750e+02 1.806000000000000000e+03 2.501763153076171875e+02
4.865509999999999877e+02 2.516000000000000000e+03 2.501754302978515625e+02
4.868870000000000005e+02 2.419000000000000000e+03 2.501755218505859375e+02
4.872239999999999895e+02 2.171000000000000000e+03 2.501751556396484375e+02
4.875600000000000023e+02 2.758000000000000000e+03 2.501770019531250000e+02
4.878960000000000150e+02 2.364000000000000000e+03 2.501738128662109375e+02
4.882330000000000041e+02 2.553000000000000000e+03 2.501772918701171875e+02
4.885690000000000168e+02 2.706000000000000000e+03 2.501773681640625000e+02
4.889049999999999727e+02 3.013000000000000000e+03 2.501747131347656250e+02
4.892420000000000186e+02 3.329000000000000000e+03 2.501749420166015625e+02
4.895779999999999745e+02 3.358000000000000000e+03 2.501771087646484375e+02
4.899139999999999873e+02 3.572000000000000000e+03 2.501755523681640625e+02
4.902500000000000000e+02 3.579000000000000000e+03 2.501764221191406250e+02
4.905869999999999891e+02 3.774000000000000000e+03 2.501748809814453125e+02
4.909230000000000018e+02 3.856000000000000000e+03 2.501753387451171875e+02
4.912590000000000146e+02 3.745000000000000000e+03 2.501761627197265625e+02
4.915960000000000036e+02 4.185000000000000000e+03 2.501756591796875000e+02
4.919320000000000164e+02 3.954000000000000000e+03 2.501753540039062500e+02
4.922679999999999723e+02 3.997000000000000000e+03 2.501760101318359375e+02
4.926050000000000182e+02 3.938000000000000000e+03 2.501758270263671875e+02
4.929409999999999741e+02 3.404000000000000000e+03 2.501757507324218750e+02
4.932769999999999868e+02 3.832000000000000000e+03 2.501759033203125000e+02
4.936129999999999995e+02 3.700000000000000000e+03 2.501762084960937500e+02
4.939510000000000218e+02 3.253000000000000000e+03 2.501754302978515625e+02
4.942880000000000109e+02 3.138000000000000000e+03 2.501743316650390625e+02
4.946240000000000236e+02 3.438000000000000000e+03 2.501764526367187500e+02
4.949599999999999795e+02 3.189000000000000000e+03 2.501765899658203125e+02
4.952970000000000255e+02 2.219000000000000000e+03 2.501771392822265625e+02
4.956329999999999814e+02 2.217000000000000000e+03 2.501779022216796875e+02
4.959689999999999941e+02 1.710000000000000000e+03 2.501770477294921875e+02
4.963059999999999832e+02 1.709000000000000000e+03 2.501794586181640625e+02
4.966419999999999959e+02 1.789000000000000000e+03 2.501788482666015625e+02
4.969780000000000086e+02 1.379000000000000000e+03 2.501763305664062500e+02
4.973140000000000214e+02 1.362000000000000000e+03 2.501760711669921875e+02
4.976510000000000105e+02 9.300000000000000000e+02 2.501730499267578125e+02
4.979870000000000232e+02 8.530000000000000000e+02 2.501758422851562500e+02
4.983229999999999791e+02 9.230000000000000000e+02 2.501735992431640625e+02
4.986600000000000250e+02 5.490000000000000000e+02 2.501774902343750000e+02
4.989959999999999809e+02 4.100000000000000000e+02 2.501784667968750000e+02
4.993319999999999936e+02 4.950000000000000000e+02 2.501769409179687500e+02
4.996689999999999827e+02 2.780000000000000000e+02 2.501755371093750000e+02
5.000049999999999955e+02 1.840000000000000000e+02 2.501710205078125000e+02
5.003410000000000082e+02 4.500000000000000000e+02 2.501725158691406250e+02
5.006779999999999973e+02 2.040000000000000000e+02 2.501773681640625000e+02
5.010140000000000100e+02 1.890000000000000000e+02 2.501749420166015625e+02
5.013509999999999991e+02 1.430000000000000000e+02 2.501665802001953125e+02
5.016870000000000118e+02 2.460000000000000000e+02 2.501756896972656250e+02
5.020240000000000009e+02 1.330000000000000000e+02 2.501756134033203125e+02
5.023600000000000136e+02 1.650000000000000000e+02 2.501745147705078125e+02
5.026960000000000264e+02 8.500000000000000000e+01 2.501923065185546875e+02
