1.205520000000000067e+02 1.720000000000000000e+02 3.251171569824218750e+02
1.208880000000000052e+02 3.680000000000000000e+02 3.251002807617187500e+02
1.212240000000000038e+02 7.110000000000000000e+02 3.250964965820312500e+02
1.215610000000000070e+02 1.111000000000000000e+03 3.250939636230468750e+02
1.218970000000000056e+02 1.600000000000000000e+03 3.250954589843750000e+02
1.222330000000000041e+02 1.957000000000000000e+03 3.250935058593750000e+02
1.225690000000000026e+02 1.986000000000000000e+03 3.250939636230468750e+02
1.229060000000000059e+02 2.308000000000000000e+03 3.250951538085937500e+02
1.232429999999999950e+02 2.705000000000000000e+03 3.250937194824218750e+02
1.235789999999999935e+02 2.951000000000000000e+03 3.250957031250000000e+02
1.239159999999999968e+02 2.756000000000000000e+03 3.250966796875000000e+02
1.242519999999999953e+02 2.878000000000000000e+03 3.250942382812500000e+02
1.245889999999999986e+02 2.886000000000000000e+03 3.250953063964843750e+02
1.249249999999999972e+02 2.593000000000000000e+03 3.250961303710937500e+02
1.252609999999999957e+02 3.208000000000000000e+03 3.250979309082031250e+02
1.255979999999999990e+02 2.289000000000000000e+03 3.250967712402343750e+02
1.259339999999999975e+02 3.081000000000000000e+03 3.250969848632812500e+02
1.262699999999999960e+02 2.620000000000000000e+03 3.250948791503906250e+02
1.266069999999999993e+02 2.587000000000000000e+03 3.250965270996093750e+02
1.269429999999999978e+02 2.839000000000000000e+03 3.250960998535156250e+02
1.272789999999999964e+02 2.783000000000000000e+03 3.250955810546875000e+02
1.276149999999999949e+02 2.678000000000000000e+03 3.250960083007812500e+02
1.279519999999999982e+02 2.890000000000000000e+03 3.250978698730468750e+02
1.282880000000000109e+02 2.767000000000000000e+03 3.250957946777343750e+02
1.286239999999999952e+02 2.367000000000000000e+03 3.250939331054687500e+02
1.289610000000000127e+02 2.594000000000000000e+03 3.250951843261718750e+02
1.292969999999999970e+02 2.459000000000000000e+03 3.250971069335937500e+02
1.296330000000000098e+02 2.895000000000000000e+03 3.250942077636718750e+02
1.299699999999999989e+02 2.434000000000000000e+03 3.250970153808593750e+02
1.303060000000000116e+02 2.537000000000000000e+03 3.251000061035156250e+02
1.306440000000000055e+02 2.766000000000000000e+03 3.250948181152343750e+02
1.309799999999999898e+02 2.524000000000000000e+03 3.250939636230468750e+02
1.313170000000000073e+02 2.489000000000000000e+03 3.250981750488281250e+02
1.316529999999999916e+02 2.100000000000000000e+03 3.250983276367187500e+02
1.319890000000000043e+02 1.986000000000000000e+03 3.250951538085937500e+02
1.323249999999999886e+02 1.956000000000000000e+03 3.250943908691406250e+02
1.326620000000000061e+02 2.148000000000000000e+03 3.250959167480468750e+02
1.329979999999999905e+02 2.467000000000000000e+03 3.250943603515625000e+02
1.333340000000000032e+02 2.384000000000000000e+03 3.250942687988281250e+02
1.336709999999999923e+02 2.001000000000000000e+03 3.250972595214843750e+02
1.340070000000000050e+02 2.097000000000000000e+03 3.250950622558593750e+02
1.343429999999999893e+02 2.162000000000000000e+03 3.250960693359375000e+02
1.346800000000000068e+02 2.092000000000000000e+03 3.250935668945312500e+02
1.350159999999999911e+02 1.822000000000000000e+03 3.250969848632812500e+02
1.353520000000000039e+02 1.902000000000000000e+03 3.250946350097656250e+02
1.356879999999999882e+02 2.079000000000000000e+03 3.250931396484375000e+02
1.360250000000000057e+02 2.000000000000000000e+03 3.250952148437500000e+02
1.363609999999999900e+02 2.290000000000000000e+03 3.250959167480468750e+02
1.366970000000000027e+02 2.177000000000000000e+03 3.250961303710937500e+02
1.370339999999999918e+02 2.005000000000000000e+03 3.250933532714843750e+02
1.373729999999999905e+02 1.726000000000000000e+03 3.250986328125000000e+02
1.377090000000000032e+02 2.357000000000000000e+03 3.250941162109375000e+02
1.380459999999999923e+02 2.045000000000000000e+03 3.250951538085937500e+02
1.383830000000000098e+02 2.036000000000000000e+03 3.250930175781250000e+02
1.387189999999999941e+02 2.190000000000000000e+03 3.250951232910156250e+02
1.390550000000000068e+02 1.847000000000000000e+03 3.250953369140625000e+02
1.393919999999999959e+02 1.710000000000000000e+03 3.250968933105468750e+02
1.397280000000000086e+02 1.602000000000000000e+03 3.250943603515625000e+02
