2.181059999999999945e+02 3.420000000000000000e+02 3.971853637695312500e+02
2.184420000000000073e+02 4.260000000000000000e+02 3.971957397460937500e+02
2.187789999999999964e+02 3.090000000000000000e+02 3.971875610351562500e+02
2.191150000000000091e+02 3.390000000000000000e+02 3.971921081542968750e+02
2.194509999999999934e+02 4.130000000000000000e+02 3.971927490234375000e+02
2.197880000000000109e+02 4.800000000000000000e+02 3.972001647949218750e+02
2.201239999999999952e+02 5.020000000000000000e+02 3.971888122558593750e+02
2.204600000000000080e+02 4.690000000000000000e+02 3.971890258789062500e+02
2.207969999999999970e+02 4.580000000000000000e+02 3.972012023925781250e+02
2.211339999999999861e+02 5.560000000000000000e+02 3.971927185058593750e+02
2.214710000000000036e+02 4.630000000000000000e+02 3.971967163085937500e+02
2.218089999999999975e+02 7.030000000000000000e+02 3.972020874023437500e+02
2.221450000000000102e+02 4.810000000000000000e+02 3.971976013183593750e+02
2.224809999999999945e+02 4.550000000000000000e+02 3.971885986328125000e+02
2.228180000000000121e+02 6.360000000000000000e+02 3.971935119628906250e+02
2.231539999999999964e+02 6.220000000000000000e+02 3.971956787109375000e+02
2.234900000000000091e+02 5.190000000000000000e+02 3.971920471191406250e+02
2.238269999999999982e+02 5.430000000000000000e+02 3.971873168945312500e+02
2.241630000000000109e+02 5.110000000000000000e+02 3.971956787109375000e+02
2.244989999999999952e+02 5.760000000000000000e+02 3.971920776367187500e+02
2.248350000000000080e+02 5.500000000000000000e+02 3.971891784667968750e+02
2.251719999999999970e+02 5.600000000000000000e+02 3.971882019042968750e+02
2.255080000000000098e+02 7.210000000000000000e+02 3.971955871582031250e+02
2.258439999999999941e+02 5.800000000000000000e+02 3.971937866210937500e+02
2.261810000000000116e+02 6.990000000000000000e+02 3.971990661621093750e+02
2.265169999999999959e+02 8.480000000000000000e+02 3.971927490234375000e+02
2.268530000000000086e+02 6.030000000000000000e+02 3.971940917968750000e+02
2.271899999999999977e+02 1.013000000000000000e+03 3.971967468261718750e+02
2.275260000000000105e+02 9.360000000000000000e+02 3.971990356445312500e+02
2.278619999999999948e+02 1.370000000000000000e+03 3.972010803222656250e+02
2.281980000000000075e+02 1.855000000000000000e+03 3.971945190429687500e+02
2.285349999999999966e+02 1.677000000000000000e+03 3.971972045898437500e+02
2.288710000000000093e+02 1.633000000000000000e+03 3.971942443847656250e+02
2.292069999999999936e+02 1.631000000000000000e+03 3.971928100585937500e+02
2.295440000000000111e+02 1.764000000000000000e+03 3.971982727050781250e+02
2.298799999999999955e+02 1.511000000000000000e+03 3.971972656250000000e+02
2.302160000000000082e+02 1.830000000000000000e+03 3.971995239257812500e+02
2.305529999999999973e+02 1.650000000000000000e+03 3.971927185058593750e+02
2.308890000000000100e+02 2.074000000000000000e+03 3.971944580078125000e+02
2.312249999999999943e+02 2.157000000000000000e+03 3.971951293945312500e+02
2.315629999999999882e+02 2.031000000000000000e+03 3.971956176757812500e+02
2.318990000000000009e+02 1.788000000000000000e+03 3.971960449218750000e+02
2.322359999999999900e+02 2.557000000000000000e+03 3.971949462890625000e+02
2.325720000000000027e+02 2.741000000000000000e+03 3.971958923339843750e+02
2.329079999999999870e+02 2.775000000000000000e+03 3.971958312988281250e+02
2.332450000000000045e+02 2.463000000000000000e+03 3.971960144042968750e+02
2.335809999999999889e+02 2.207000000000000000e+03 3.971975097656250000e+02
2.339180000000000064e+02 1.921000000000000000e+03 3.971986389160156250e+02
2.342539999999999907e+02 2.149000000000000000e+03 3.971995239257812500e+02
2.345910000000000082e+02 1.924000000000000000e+03 3.971954345703125000e+02
2.349269999999999925e+02 1.600000000000000000e+03 3.971976013183593750e+02
2.352630000000000052e+02 1.788000000000000000e+03 3.971979370117187500e+02
2.355999999999999943e+02 1.802000000000000000e+03 3.971974487304687500e+02
2.359360000000000070e+02 1.553000000000000000e+03 3.971950683593750000e+02
2.362719999999999914e+02 1.750000000000000000e+03 3.971966857910156250e+02
2.366090000000000089e+02 1.440000000000000000e+03 3.971960449218750000e+02
2.369449999999999932e+02 1.664000000000000000e+03 3.971977539062500000e+02
2.372810000000000059e+02 1.518000000000000000e+03 3.971985168457031250e+02
2.376169999999999902e+02 1.804000000000000000e+03 3.971970214843750000e+02
2.379540000000000077e+02 1.434000000000000000e+03 3.971953735351562500e+02
2.382899999999999920e+02 1.459000000000000000e+03 3.971968994140625000e+02
2.386260000000000048e+02 1.365000000000000000e+03 3.971974792480468750e+02
2.389629999999999939e+02 1.118000000000000000e+03 3.971963195800781250e+02
2.392990000000000066e+02 9.070000000000000000e+02 3.972015380859375000e+02
2.396349999999999909e+02 8.760000000000000000e+02 3.971984863281250000e+02
2.399720000000000084e+02 6.080000000000000000e+02 3.971960144042968750e+02
2.403079999999999927e+02 5.430000000000000000e+02 3.972014160156250000e+02
2.406440000000000055e+02 3.590000000000000000e+02 3.971894531250000000e+02
2.409809999999999945e+02 6.300000000000000000e+02 3.972011413574218750e+02
2.413170000000000073e+02 4.190000000000000000e+02 3.971928100585937500e+02
2.416550000000000011e+02 3.910000000000000000e+02 3.971983642578125000e+02
2.419910000000000139e+02 5.000000000000000000e+02 3.971947326660156250e+02
2.423269999999999982e+02 3.190000000000000000e+02 3.971990051269531250e+02
2.426639999999999873e+02 2.710000000000000000e+02 3.972051086425781250e+02
2.430000000000000000e+02 2.390000000000000000e+02 3.971966552734375000e+02
2.433360000000000127e+02 4.070000000000000000e+02 3.971964416503906250e+02
2.436730000000000018e+02 2.870000000000000000e+02 3.971988525390625000e+02
2.440089999999999861e+02 2.530000000000000000e+02 3.971967773437500000e+02
2.443449999999999989e+02 2.410000000000000000e+02 3.971914062500000000e+02
2.446810000000000116e+02 4.240000000000000000e+02 3.971857910156250000e+02
2.450180000000000007e+02 2.620000000000000000e+02 3.971911926269531250e+02
2.453540000000000134e+02 3.190000000000000000e+02 3.971898498535156250e+02
2.456899999999999977e+02 2.170000000000000000e+02 3.972001342773437500e+02
2.460269999999999868e+02 2.690000000000000000e+02 3.971981201171875000e+02
2.463629999999999995e+02 2.280000000000000000e+02 3.971941833496093750e+02
2.466990000000000123e+02 1.000000000000000000e+02 3.971909790039062500e+02
