7.482659999999999627e+02 5.800000000000000000e+01 2.611521911621093750e+02
7.486019999999999754e+02 1.370000000000000000e+02 2.611523742675781250e+02
7.489379999999999882e+02 1.890000000000000000e+02 2.611310424804687500e+02
7.492740000000000009e+02 2.400000000000000000e+02 2.611398010253906250e+02
7.496100000000000136e+02 5.280000000000000000e+02 2.611388854980468750e+02
7.499460000000000264e+02 9.650000000000000000e+02 2.611441955566406250e+02
7.502820000000000391e+02 1.090000000000000000e+03 2.611442260742187500e+02
7.506180000000000518e+02 1.245000000000000000e+03 2.611445007324218750e+02
7.509539999999999509e+02 1.683000000000000000e+03 2.611449584960937500e+02
7.512899999999999636e+02 1.915000000000000000e+03 2.611458435058593750e+02
7.516259999999999764e+02 2.400000000000000000e+03 2.611425476074218750e+02
7.519619999999999891e+02 2.004000000000000000e+03 2.611424865722656250e+02
7.522980000000000018e+02 2.341000000000000000e+03 2.611426696777343750e+02
7.526340000000000146e+02 2.186000000000000000e+03 2.611435546875000000e+02
7.529700000000000273e+02 2.577000000000000000e+03 2.611434936523437500e+02
7.533060000000000400e+02 1.817000000000000000e+03 2.611439208984375000e+02
7.536420000000000528e+02 1.603000000000000000e+03 2.611452636718750000e+02
7.539840000000000373e+02 1.260000000000000000e+03 2.611423034667968750e+02
7.543139999999999645e+02 9.520000000000000000e+02 2.611433715820312500e+02
7.546559999999999491e+02 9.630000000000000000e+02 2.611424865722656250e+02
7.549919999999999618e+02 6.410000000000000000e+02 2.611415405273437500e+02
7.553279999999999745e+02 5.730000000000000000e+02 2.611439514160156250e+02
7.556639999999999873e+02 2.530000000000000000e+02 2.611511535644531250e+02
7.560000000000000000e+02 1.930000000000000000e+02 2.611567077636718750e+02
7.563360000000000127e+02 2.200000000000000000e+02 2.611359252929687500e+02
7.566720000000000255e+02 3.390000000000000000e+02 2.611472473144531250e+02
7.570080000000000382e+02 2.780000000000000000e+02 2.611437072753906250e+02
7.573440000000000509e+02 2.860000000000000000e+02 2.611415710449218750e+02
7.576799999999999500e+02 1.380000000000000000e+02 2.611455688476562500e+02
7.580159999999999627e+02 1.220000000000000000e+02 2.611432800292968750e+02
7.583519999999999754e+02 1.430000000000000000e+02 2.611469421386718750e+02
7.586879999999999882e+02 1.750000000000000000e+02 2.611486816406250000e+02
7.590299999999999727e+02 2.270000000000000000e+02 2.611484375000000000e+02
7.593659999999999854e+02 1.330000000000000000e+02 2.611542663574218750e+02
7.597019999999999982e+02 1.330000000000000000e+02 2.611414489746093750e+02
7.600320000000000391e+02 1.830000000000000000e+02 2.611357116699218750e+02
7.603740000000000236e+02 1.390000000000000000e+02 2.611422729492187500e+02
7.607100000000000364e+02 1.700000000000000000e+02 2.611355285644531250e+02
7.610460000000000491e+02 1.540000000000000000e+02 2.611382446289062500e+02
7.613819999999999482e+02 1.430000000000000000e+02 2.611375732421875000e+02
7.617179999999999609e+02 2.000000000000000000e+02 2.611456909179687500e+02
7.620539999999999736e+02 1.420000000000000000e+02 2.611284790039062500e+02
7.623899999999999864e+02 9.400000000000000000e+01 2.611448974609375000e+02
7.627259999999999991e+02 1.590000000000000000e+02 2.611470947265625000e+02
7.630620000000000118e+02 1.980000000000000000e+02 2.611429443359375000e+02
7.633980000000000246e+02 1.330000000000000000e+02 2.611442871093750000e+02
7.637340000000000373e+02 1.180000000000000000e+02 2.611361083984375000e+02
7.640700000000000500e+02 1.310000000000000000e+02 2.611339721679687500e+02
