1.282880000000000109e+02 2.245000000000000000e+03 4.440332641601562500e+02
1.286239999999999952e+02 1.856000000000000000e+03 4.440263671875000000e+02
1.289610000000000127e+02 2.217000000000000000e+03 4.440303955078125000e+02
1.292969999999999970e+02 2.478000000000000000e+03 4.440314941406250000e+02
1.296330000000000098e+02 2.675000000000000000e+03 4.440318603515625000e+02
1.299699999999999989e+02 2.508000000000000000e+03 4.440354003906250000e+02
1.303060000000000116e+02 2.317000000000000000e+03 4.440309143066406250e+02
1.306440000000000055e+02 2.536000000000000000e+03 4.440332641601562500e+02
1.309799999999999898e+02 2.227000000000000000e+03 4.440319213867187500e+02
1.313170000000000073e+02 2.051000000000000000e+03 4.440317382812500000e+02
1.316529999999999916e+02 2.222000000000000000e+03 4.440323791503906250e+02
1.319890000000000043e+02 2.321000000000000000e+03 4.440309143066406250e+02
1.323249999999999886e+02 1.816000000000000000e+03 4.440334167480468750e+02
1.326620000000000061e+02 2.031000000000000000e+03 4.440328369140625000e+02
1.329979999999999905e+02 2.412000000000000000e+03 4.440327758789062500e+02
1.333340000000000032e+02 2.126000000000000000e+03 4.440298461914062500e+02
1.336709999999999923e+02 2.293000000000000000e+03 4.440288696289062500e+02
1.340070000000000050e+02 2.322000000000000000e+03 4.440333557128906250e+02
1.343429999999999893e+02 2.098000000000000000e+03 4.440344543457031250e+02
1.346800000000000068e+02 2.291000000000000000e+03 4.440303344726562500e+02
1.350159999999999911e+02 2.468000000000000000e+03 4.440330505371093750e+02
1.353520000000000039e+02 1.936000000000000000e+03 4.440321044921875000e+02
1.356879999999999882e+02 1.911000000000000000e+03 4.440343933105468750e+02
1.360250000000000057e+02 2.022000000000000000e+03 4.440320129394531250e+02
1.363609999999999900e+02 1.982000000000000000e+03 4.440324707031250000e+02
1.366970000000000027e+02 2.174000000000000000e+03 4.440339965820312500e+02
1.370339999999999918e+02 1.876000000000000000e+03 4.440313110351562500e+02
1.373729999999999905e+02 2.223000000000000000e+03 4.440312194824218750e+02
1.377090000000000032e+02 1.993000000000000000e+03 4.440316162109375000e+02
1.380459999999999923e+02 1.999000000000000000e+03 4.440301208496093750e+02
1.383830000000000098e+02 2.384000000000000000e+03 4.440317993164062500e+02
1.387189999999999941e+02 2.335000000000000000e+03 4.440298461914062500e+02
1.390550000000000068e+02 1.901000000000000000e+03 4.440330505371093750e+02
1.393919999999999959e+02 2.009000000000000000e+03 4.440347595214843750e+02
1.397280000000000086e+02 1.880000000000000000e+03 4.440329284667968750e+02
1.400649999999999977e+02 2.279000000000000000e+03 4.440304260253906250e+02
1.404010000000000105e+02 2.012000000000000000e+03 4.440314025878906250e+02
1.407390000000000043e+02 1.818000000000000000e+03 4.440319519042968750e+02
1.410749999999999886e+02 2.064000000000000000e+03 4.440302124023437500e+02
1.414120000000000061e+02 2.205000000000000000e+03 4.440337219238281250e+02
1.417479999999999905e+02 1.950000000000000000e+03 4.440343017578125000e+02
1.420840000000000032e+02 1.923000000000000000e+03 4.440324096679687500e+02
1.424199999999999875e+02 1.862000000000000000e+03 4.440323181152343750e+02
1.427570000000000050e+02 1.890000000000000000e+03 4.440291748046875000e+02
1.430929999999999893e+02 2.217000000000000000e+03 4.440308837890625000e+02
1.434290000000000020e+02 1.861000000000000000e+03 4.440313720703125000e+02
1.437659999999999911e+02 2.052000000000000000e+03 4.440300598144531250e+02
1.441020000000000039e+02 1.775000000000000000e+03 4.440318298339843750e+02
1.444379999999999882e+02 2.089000000000000000e+03 4.440304870605468750e+02
1.447750000000000057e+02 1.818000000000000000e+03 4.440295410156250000e+02
1.451119999999999948e+02 1.678000000000000000e+03 4.440268249511718750e+02
1.454480000000000075e+02 1.836000000000000000e+03 4.440325317382812500e+02
1.457849999999999966e+02 1.710000000000000000e+03 4.440329589843750000e+02
1.461210000000000093e+02 1.860000000000000000e+03 4.440289611816406250e+02
1.464569999999999936e+02 1.538000000000000000e+03 4.440323791503906250e+02
1.467930000000000064e+02 1.455000000000000000e+03 4.440290222167968750e+02
1.471299999999999955e+02 1.381000000000000000e+03 4.440327453613281250e+02
1.474660000000000082e+02 1.622000000000000000e+03 4.440313415527343750e+02
1.478019999999999925e+02 1.510000000000000000e+03 4.440297241210937500e+02
1.481390000000000100e+02 1.530000000000000000e+03 4.440281372070312500e+02
1.484749999999999943e+02 1.270000000000000000e+03 4.440330505371093750e+02
1.488110000000000070e+02 8.670000000000000000e+02 4.440306701660156250e+02
1.491479999999999961e+02 1.275000000000000000e+03 4.440281982421875000e+02
1.494840000000000089e+02 1.015000000000000000e+03 4.440314025878906250e+02
1.498199999999999932e+02 1.197000000000000000e+03 4.440309143066406250e+02
1.501570000000000107e+02 1.229000000000000000e+03 4.440286254882812500e+02
1.504929999999999950e+02 8.680000000000000000e+02 4.440302429199218750e+02
1.508309999999999889e+02 9.450000000000000000e+02 4.440292968750000000e+02
1.511670000000000016e+02 1.005000000000000000e+03 4.440327758789062500e+02
1.515039999999999907e+02 1.040000000000000000e+03 4.440308837890625000e+02
1.518400000000000034e+02 9.610000000000000000e+02 4.440279541015625000e+02
1.521759999999999877e+02 8.190000000000000000e+02 4.440281677246093750e+02
1.525130000000000052e+02 8.560000000000000000e+02 4.440294189453125000e+02
1.528489999999999895e+02 8.890000000000000000e+02 4.440331420898437500e+02
1.531850000000000023e+02 8.610000000000000000e+02 4.440277404785156250e+02
1.535209999999999866e+02 6.800000000000000000e+02 4.440252380371093750e+02
1.538580000000000041e+02 8.430000000000000000e+02 4.440308837890625000e+02
1.541939999999999884e+02 9.510000000000000000e+02 4.440295104980468750e+02
1.545300000000000011e+02 7.920000000000000000e+02 4.440305175781250000e+02
1.548669999999999902e+02 7.360000000000000000e+02 4.440342407226562500e+02
1.552030000000000030e+02 8.720000000000000000e+02 4.440299377441406250e+02
1.555399999999999920e+02 6.280000000000000000e+02 4.440294189453125000e+02
1.558760000000000048e+02 7.970000000000000000e+02 4.440310974121093750e+02
1.562119999999999891e+02 9.390000000000000000e+02 4.440321350097656250e+02
1.565490000000000066e+02 8.710000000000000000e+02 4.440335998535156250e+02
1.568849999999999909e+02 8.420000000000000000e+02 4.440278015136718750e+02
1.572210000000000036e+02 8.640000000000000000e+02 4.440332336425781250e+02
1.575579999999999927e+02 7.150000000000000000e+02 4.440333557128906250e+02
