4.486599999999999966e+01 3.770000000000000000e+02 3.940799255371093750e+02
4.520300000000000296e+01 6.220000000000000000e+02 3.940868530273437500e+02
4.553900000000000148e+01 1.089000000000000000e+03 3.940938720703125000e+02
4.587500000000000000e+01 1.590000000000000000e+03 3.940932922363281250e+02
4.621200000000000330e+01 1.882000000000000000e+03 3.940919189453125000e+02
4.654800000000000182e+01 2.070000000000000000e+03 3.940949707031250000e+02
4.688400000000000034e+01 1.591000000000000000e+03 3.940926818847656250e+02
4.722099999999999653e+01 2.159000000000000000e+03 3.940940856933593750e+02
4.755700000000000216e+01 1.266000000000000000e+03 3.940969238281250000e+02
4.789300000000000068e+01 1.133000000000000000e+03 3.940957946777343750e+02
4.822999999999999687e+01 1.217000000000000000e+03 3.940910644531250000e+02
4.856600000000000250e+01 8.430000000000000000e+02 3.940939636230468750e+02
4.890200000000000102e+01 8.080000000000000000e+02 3.940925292968750000e+02
4.923799999999999955e+01 7.250000000000000000e+02 3.940913391113281250e+02
4.957500000000000284e+01 4.860000000000000000e+02 3.940900573730468750e+02
4.991299999999999670e+01 3.660000000000000000e+02 3.940950317382812500e+02
5.024900000000000233e+01 3.950000000000000000e+02 3.940950622558593750e+02
5.058500000000000085e+01 3.170000000000000000e+02 3.940933837890625000e+02
5.092099999999999937e+01 1.900000000000000000e+02 3.940996093750000000e+02
5.125800000000000267e+01 1.900000000000000000e+02 3.940871582031250000e+02
5.159400000000000119e+01 1.330000000000000000e+02 3.940957336425781250e+02
5.192999999999999972e+01 1.410000000000000000e+02 3.940996398925781250e+02
5.226700000000000301e+01 9.400000000000000000e+01 3.941059265136718750e+02
5.260300000000000153e+01 9.900000000000000000e+01 3.940741882324218750e+02
5.293900000000000006e+01 1.200000000000000000e+02 3.941092224121093750e+02
5.327600000000000335e+01 8.000000000000000000e+01 3.940877685546875000e+02
5.361200000000000188e+01 1.030000000000000000e+02 3.940991210937500000e+02
5.394800000000000040e+01 1.090000000000000000e+02 3.940972595214843750e+02
5.428399999999999892e+01 1.190000000000000000e+02 3.940900268554687500e+02
5.462100000000000222e+01 9.500000000000000000e+01 3.940785522460937500e+02
