1.975869999999999891e+02 4.600000000000000000e+02 4.580596008300781250e+02
1.979230000000000018e+02 5.200000000000000000e+02 4.580505981445312500e+02
1.982599999999999909e+02 5.890000000000000000e+02 4.580577392578125000e+02
1.985960000000000036e+02 1.062000000000000000e+03 4.580512084960937500e+02
1.989319999999999879e+02 1.200000000000000000e+03 4.580466918945312500e+02
1.992690000000000055e+02 1.238000000000000000e+03 4.580527954101562500e+02
1.996049999999999898e+02 1.358000000000000000e+03 4.580524597167968750e+02
1.999410000000000025e+02 1.625000000000000000e+03 4.580531616210937500e+02
2.002779999999999916e+02 1.776000000000000000e+03 4.580483398437500000e+02
2.006140000000000043e+02 1.564000000000000000e+03 4.580500793457031250e+02
2.009499999999999886e+02 1.683000000000000000e+03 4.580500183105468750e+02
2.012880000000000109e+02 1.874000000000000000e+03 4.580546569824218750e+02
2.016239999999999952e+02 1.998000000000000000e+03 4.580498046875000000e+02
2.019610000000000127e+02 1.689000000000000000e+03 4.580510864257812500e+02
2.022969999999999970e+02 2.066000000000000000e+03 4.580503540039062500e+02
2.026339999999999861e+02 1.884000000000000000e+03 4.580498046875000000e+02
2.029699999999999989e+02 1.432000000000000000e+03 4.580474853515625000e+02
2.033060000000000116e+02 1.145000000000000000e+03 4.580551757812500000e+02
2.036430000000000007e+02 1.549000000000000000e+03 4.580468444824218750e+02
2.039790000000000134e+02 1.025000000000000000e+03 4.580530395507812500e+02
2.043149999999999977e+02 8.670000000000000000e+02 4.580524597167968750e+02
2.046519999999999868e+02 6.160000000000000000e+02 4.580567016601562500e+02
2.049879999999999995e+02 8.550000000000000000e+02 4.580435485839843750e+02
2.053240000000000123e+02 7.140000000000000000e+02 4.580436401367187500e+02
2.056599999999999966e+02 3.060000000000000000e+02 4.580491638183593750e+02
2.059970000000000141e+02 4.650000000000000000e+02 4.580455932617187500e+02
2.063329999999999984e+02 4.300000000000000000e+02 4.580484313964843750e+02
2.066690000000000111e+02 2.860000000000000000e+02 4.580484619140625000e+02
2.070060000000000002e+02 2.210000000000000000e+02 4.580501098632812500e+02
2.073420000000000130e+02 2.580000000000000000e+02 4.580411376953125000e+02
2.076779999999999973e+02 2.240000000000000000e+02 4.580546875000000000e+02
2.080149999999999864e+02 2.340000000000000000e+02 4.580467224121093750e+02
2.083509999999999991e+02 1.150000000000000000e+02 4.580430908203125000e+02
2.086870000000000118e+02 1.290000000000000000e+02 4.580477294921875000e+02
2.090229999999999961e+02 8.900000000000000000e+01 4.580493774414062500e+02
2.093600000000000136e+02 1.020000000000000000e+02 4.580487976074218750e+02
