3.277749999999999773e+02 1.526900000000000000e+04 2.070647277832031250e+02
3.281120000000000232e+02 1.322100000000000000e+04 2.070646057128906250e+02
3.284479999999999791e+02 1.142500000000000000e+04 2.070649871826171875e+02
3.287850000000000250e+02 7.864000000000000000e+03 2.070645904541015625e+02
3.291209999999999809e+02 6.553000000000000000e+03 2.070652770996093750e+02
3.294569999999999936e+02 5.002000000000000000e+03 2.070645141601562500e+02
3.297939999999999827e+02 4.245000000000000000e+03 2.070641632080078125e+02
3.301299999999999955e+02 3.345000000000000000e+03 2.070640563964843750e+02
3.304660000000000082e+02 2.479000000000000000e+03 2.070653076171875000e+02
3.308029999999999973e+02 1.687000000000000000e+03 2.070649108886718750e+02
3.311390000000000100e+02 1.458000000000000000e+03 2.070641479492187500e+02
3.314750000000000227e+02 1.047000000000000000e+03 2.070665130615234375e+02
3.318120000000000118e+02 1.327000000000000000e+03 2.070651550292968750e+02
3.321480000000000246e+02 8.050000000000000000e+02 2.070680236816406250e+02
3.324859999999999900e+02 8.470000000000000000e+02 2.070682373046875000e+02
3.328220000000000027e+02 6.910000000000000000e+02 2.070646362304687500e+02
3.331580000000000155e+02 7.010000000000000000e+02 2.070688171386718750e+02
3.334950000000000045e+02 8.580000000000000000e+02 2.070655364990234375e+02
3.338310000000000173e+02 9.720000000000000000e+02 2.070637054443359375e+02
3.341669999999999732e+02 1.187000000000000000e+03 2.070623016357421875e+02
3.345040000000000191e+02 1.281000000000000000e+03 2.070641174316406250e+02
3.348399999999999750e+02 1.007000000000000000e+03 2.070643005371093750e+02
3.351759999999999877e+02 1.122000000000000000e+03 2.070643005371093750e+02
3.355120000000000005e+02 9.420000000000000000e+02 2.070643005371093750e+02
3.358489999999999895e+02 7.540000000000000000e+02 2.070657196044921875e+02
3.361850000000000023e+02 5.900000000000000000e+02 2.070646362304687500e+02
3.365210000000000150e+02 5.390000000000000000e+02 2.070648651123046875e+02
3.368580000000000041e+02 7.570000000000000000e+02 2.070614166259765625e+02
3.371940000000000168e+02 4.420000000000000000e+02 2.070632324218750000e+02
3.375299999999999727e+02 5.180000000000000000e+02 2.070643005371093750e+02
3.378670000000000186e+02 4.990000000000000000e+02 2.070658721923828125e+02
3.382029999999999745e+02 6.670000000000000000e+02 2.070661010742187500e+02
3.385389999999999873e+02 3.530000000000000000e+02 2.070651397705078125e+02
3.388750000000000000e+02 4.030000000000000000e+02 2.070650634765625000e+02
3.392119999999999891e+02 5.580000000000000000e+02 2.070645599365234375e+02
3.395480000000000018e+02 6.080000000000000000e+02 2.070670776367187500e+02
3.398840000000000146e+02 8.560000000000000000e+02 2.070635833740234375e+02
3.402210000000000036e+02 1.330000000000000000e+03 2.070657501220703125e+02
3.405570000000000164e+02 1.541000000000000000e+03 2.070654144287109375e+02
3.408929999999999723e+02 1.647000000000000000e+03 2.070639343261718750e+02
3.412300000000000182e+02 2.595000000000000000e+03 2.070638275146484375e+02
3.415659999999999741e+02 2.125000000000000000e+03 2.070656127929687500e+02
3.419019999999999868e+02 2.286000000000000000e+03 2.070639648437500000e+02
3.422379999999999995e+02 1.918000000000000000e+03 2.070630035400390625e+02
3.425760000000000218e+02 1.864000000000000000e+03 2.070652313232421875e+02
3.429130000000000109e+02 1.401000000000000000e+03 2.070645141601562500e+02
3.432490000000000236e+02 1.301000000000000000e+03 2.070667724609375000e+02
3.435849999999999795e+02 1.074000000000000000e+03 2.070642395019531250e+02
3.439220000000000255e+02 9.120000000000000000e+02 2.070627746582031250e+02
3.442579999999999814e+02 7.970000000000000000e+02 2.070648345947265625e+02
3.445950000000000273e+02 8.750000000000000000e+02 2.070647125244140625e+02
3.449309999999999832e+02 6.700000000000000000e+02 2.070698242187500000e+02
3.452679999999999723e+02 7.280000000000000000e+02 2.070635528564453125e+02
3.456039999999999850e+02 6.850000000000000000e+02 2.070680084228515625e+02
3.459399999999999977e+02 8.930000000000000000e+02 2.070636444091796875e+02
3.462769999999999868e+02 1.076000000000000000e+03 2.070663604736328125e+02
3.466129999999999995e+02 1.126000000000000000e+03 2.070660247802734375e+02
3.469490000000000123e+02 1.372000000000000000e+03 2.070657196044921875e+02
3.472850000000000250e+02 1.689000000000000000e+03 2.070655212402343750e+02
3.476220000000000141e+02 1.665000000000000000e+03 2.070649719238281250e+02
3.479580000000000268e+02 1.979000000000000000e+03 2.070629577636718750e+02
3.482939999999999827e+02 2.225000000000000000e+03 2.070640563964843750e+02
3.486299999999999955e+02 2.511000000000000000e+03 2.070675659179687500e+02
3.489669999999999845e+02 2.509000000000000000e+03 2.070653381347656250e+02
3.493029999999999973e+02 2.180000000000000000e+03 2.070635986328125000e+02
3.496390000000000100e+02 2.629000000000000000e+03 2.070652618408203125e+02
3.499759999999999991e+02 2.016000000000000000e+03 2.070647430419921875e+02
3.503120000000000118e+02 1.545000000000000000e+03 2.070651092529296875e+02
3.506480000000000246e+02 1.586000000000000000e+03 2.070652465820312500e+02
3.509850000000000136e+02 1.559000000000000000e+03 2.070638122558593750e+02
3.513210000000000264e+02 1.155000000000000000e+03 2.070686950683593750e+02
3.516569999999999823e+02 9.230000000000000000e+02 2.070657348632812500e+02
3.519929999999999950e+02 8.090000000000000000e+02 2.070671997070312500e+02
3.523299999999999841e+02 7.780000000000000000e+02 2.070659027099609375e+02
3.526680000000000064e+02 8.290000000000000000e+02 2.070656127929687500e+02
3.530040000000000191e+02 6.510000000000000000e+02 2.070669250488281250e+02
3.533399999999999750e+02 7.850000000000000000e+02 2.070661163330078125e+02
3.536759999999999877e+02 8.560000000000000000e+02 2.070680236816406250e+02
3.540129999999999768e+02 8.630000000000000000e+02 2.070641326904296875e+02
3.543489999999999895e+02 8.370000000000000000e+02 2.070637207031250000e+02
3.546850000000000023e+02 7.650000000000000000e+02 2.070666503906250000e+02
3.550219999999999914e+02 8.220000000000000000e+02 2.070654296875000000e+02
3.553580000000000041e+02 6.700000000000000000e+02 2.070717315673828125e+02
3.556940000000000168e+02 1.018000000000000000e+03 2.070626831054687500e+02
3.560310000000000059e+02 7.010000000000000000e+02 2.070680389404296875e+02
3.563670000000000186e+02 5.780000000000000000e+02 2.070659637451171875e+02
3.567029999999999745e+02 8.310000000000000000e+02 2.070659332275390625e+02
3.570389999999999873e+02 6.220000000000000000e+02 2.070667419433593750e+02
