8.384160000000000537e+02 1.870000000000000000e+02 3.181899108886718750e+02
8.387519999999999527e+02 1.840000000000000000e+02 3.181884765625000000e+02
8.390879999999999654e+02 5.130000000000000000e+02 3.181837463378906250e+02
8.394239999999999782e+02 8.750000000000000000e+02 3.181825866699218750e+02
8.397599999999999909e+02 9.990000000000000000e+02 3.181807250976562500e+02
8.400960000000000036e+02 1.481000000000000000e+03 3.181802368164062500e+02
8.404320000000000164e+02 1.479000000000000000e+03 3.181791687011718750e+02
8.407680000000000291e+02 1.833000000000000000e+03 3.181792602539062500e+02
8.411040000000000418e+02 1.825000000000000000e+03 3.181793212890625000e+02
8.414400000000000546e+02 1.366000000000000000e+03 3.181802368164062500e+02
8.417759999999999536e+02 1.357000000000000000e+03 3.181850891113281250e+02
8.421119999999999663e+02 1.360000000000000000e+03 3.181804504394531250e+02
8.424479999999999791e+02 1.343000000000000000e+03 3.181824035644531250e+02
8.427899999999999636e+02 1.459000000000000000e+03 3.181823120117187500e+02
8.431259999999999764e+02 9.670000000000000000e+02 3.181831359863281250e+02
8.434619999999999891e+02 9.020000000000000000e+02 3.181836547851562500e+02
8.437980000000000018e+02 7.390000000000000000e+02 3.181784362792968750e+02
8.441340000000000146e+02 4.560000000000000000e+02 3.181829528808593750e+02
8.444700000000000273e+02 4.050000000000000000e+02 3.181844482421875000e+02
8.448060000000000400e+02 3.840000000000000000e+02 3.181770019531250000e+02
8.451420000000000528e+02 2.870000000000000000e+02 3.181792602539062500e+02
8.454779999999999518e+02 2.730000000000000000e+02 3.181827392578125000e+02
8.458139999999999645e+02 6.600000000000000000e+01 3.181881713867187500e+02
8.461499999999999773e+02 8.800000000000000000e+01 3.181783752441406250e+02
8.464859999999999900e+02 1.300000000000000000e+02 3.181834411621093750e+02
8.468220000000000027e+02 7.600000000000000000e+01 3.181791992187500000e+02
8.471639999999999873e+02 1.070000000000000000e+02 3.181871948242187500e+02
