2.349269999999999925e+02 3.910000000000000000e+02 4.600618286132812500e+02
2.352630000000000052e+02 5.110000000000000000e+02 4.600674133300781250e+02
2.355999999999999943e+02 7.270000000000000000e+02 4.600657043457031250e+02
2.359360000000000070e+02 8.690000000000000000e+02 4.600599060058593750e+02
2.362719999999999914e+02 1.240000000000000000e+03 4.600593261718750000e+02
2.366090000000000089e+02 1.364000000000000000e+03 4.600673522949218750e+02
2.369449999999999932e+02 1.676000000000000000e+03 4.600654907226562500e+02
2.372810000000000059e+02 1.262000000000000000e+03 4.600618286132812500e+02
2.376169999999999902e+02 1.095000000000000000e+03 4.600671081542968750e+02
2.379540000000000077e+02 1.141000000000000000e+03 4.600639648437500000e+02
2.382899999999999920e+02 7.110000000000000000e+02 4.600687561035156250e+02
2.386260000000000048e+02 8.610000000000000000e+02 4.600682067871093750e+02
2.389629999999999939e+02 7.320000000000000000e+02 4.600590515136718750e+02
2.392990000000000066e+02 5.500000000000000000e+02 4.600614013671875000e+02
2.396349999999999909e+02 3.030000000000000000e+02 4.600671081542968750e+02
2.399720000000000084e+02 3.050000000000000000e+02 4.600549926757812500e+02
2.403079999999999927e+02 2.690000000000000000e+02 4.600720825195312500e+02
2.406440000000000055e+02 2.830000000000000000e+02 4.600589904785156250e+02
2.409809999999999945e+02 2.000000000000000000e+02 4.600677795410156250e+02
2.413170000000000073e+02 1.650000000000000000e+02 4.600536193847656250e+02
2.416550000000000011e+02 2.480000000000000000e+02 4.600579833984375000e+02
2.419910000000000139e+02 3.180000000000000000e+02 4.600655517578125000e+02
2.423269999999999982e+02 5.210000000000000000e+02 4.600657958984375000e+02
2.426639999999999873e+02 5.180000000000000000e+02 4.600580749511718750e+02
2.430000000000000000e+02 5.220000000000000000e+02 4.600625610351562500e+02
2.433360000000000127e+02 4.750000000000000000e+02 4.600548400878906250e+02
2.436730000000000018e+02 3.880000000000000000e+02 4.600604248046875000e+02
2.440089999999999861e+02 3.180000000000000000e+02 4.600565795898437500e+02
2.443449999999999989e+02 3.000000000000000000e+02 4.600743408203125000e+02
2.446810000000000116e+02 2.020000000000000000e+02 4.600585021972656250e+02
2.450180000000000007e+02 1.380000000000000000e+02 4.600577697753906250e+02
2.453540000000000134e+02 7.200000000000000000e+01 4.600611877441406250e+02
2.456899999999999977e+02 1.010000000000000000e+02 4.600572204589843750e+02
2.460269999999999868e+02 1.100000000000000000e+02 4.600573425292968750e+02
2.463629999999999995e+02 6.300000000000000000e+01 4.600534362792968750e+02
