4.385699999999999932e+01 1.210000000000000000e+02 4.100780029296875000e+02
4.419299999999999784e+01 1.190000000000000000e+02 4.100506591796875000e+02
4.452900000000000347e+01 1.120000000000000000e+02 4.100535583496093750e+02
4.486599999999999966e+01 2.280000000000000000e+02 4.100711669921875000e+02
4.520300000000000296e+01 6.150000000000000000e+02 4.100679626464843750e+02
4.553900000000000148e+01 6.390000000000000000e+02 4.100655517578125000e+02
4.587500000000000000e+01 1.116000000000000000e+03 4.100669860839843750e+02
4.621200000000000330e+01 1.517000000000000000e+03 4.100661010742187500e+02
4.654800000000000182e+01 1.659000000000000000e+03 4.100669860839843750e+02
4.688400000000000034e+01 1.197000000000000000e+03 4.100673522949218750e+02
4.722099999999999653e+01 1.202000000000000000e+03 4.100717468261718750e+02
4.755700000000000216e+01 1.156000000000000000e+03 4.100688171386718750e+02
4.789300000000000068e+01 8.950000000000000000e+02 4.100701293945312500e+02
4.822999999999999687e+01 8.610000000000000000e+02 4.100666503906250000e+02
4.856600000000000250e+01 7.810000000000000000e+02 4.100667724609375000e+02
4.890200000000000102e+01 5.020000000000000000e+02 4.100731506347656250e+02
4.923799999999999955e+01 3.390000000000000000e+02 4.100698547363281250e+02
4.957500000000000284e+01 3.440000000000000000e+02 4.100746154785156250e+02
4.991299999999999670e+01 2.260000000000000000e+02 4.100743713378906250e+02
5.024900000000000233e+01 1.500000000000000000e+02 4.100812072753906250e+02
5.058500000000000085e+01 1.910000000000000000e+02 4.100823974609375000e+02
5.092099999999999937e+01 2.000000000000000000e+02 4.100592041015625000e+02
5.125800000000000267e+01 1.500000000000000000e+02 4.100763854980468750e+02
