1.208880000000000052e+02 6.300000000000000000e+01 2.940969238281250000e+02
1.212240000000000038e+02 1.670000000000000000e+02 2.940987548828125000e+02
1.215610000000000070e+02 3.780000000000000000e+02 2.940964660644531250e+02
1.218970000000000056e+02 6.100000000000000000e+02 2.941028442382812500e+02
1.222330000000000041e+02 6.570000000000000000e+02 2.941000061035156250e+02
1.225690000000000026e+02 8.150000000000000000e+02 2.940972290039062500e+02
1.229060000000000059e+02 8.120000000000000000e+02 2.940991821289062500e+02
1.232429999999999950e+02 1.307000000000000000e+03 2.940973510742187500e+02
1.235789999999999935e+02 1.386000000000000000e+03 2.940979614257812500e+02
1.239159999999999968e+02 1.397000000000000000e+03 2.940993347167968750e+02
1.242519999999999953e+02 1.214000000000000000e+03 2.940986328125000000e+02
1.245889999999999986e+02 1.105000000000000000e+03 2.940998229980468750e+02
1.249249999999999972e+02 1.514000000000000000e+03 2.940994567871093750e+02
1.252609999999999957e+02 1.214000000000000000e+03 2.940998535156250000e+02
1.255979999999999990e+02 1.342000000000000000e+03 2.940972595214843750e+02
1.259339999999999975e+02 1.069000000000000000e+03 2.941002807617187500e+02
1.262699999999999960e+02 1.040000000000000000e+03 2.941003417968750000e+02
1.266069999999999993e+02 1.409000000000000000e+03 2.940968933105468750e+02
1.269429999999999978e+02 1.362000000000000000e+03 2.941003417968750000e+02
1.272789999999999964e+02 1.214000000000000000e+03 2.940982666015625000e+02
1.276149999999999949e+02 1.156000000000000000e+03 2.940986328125000000e+02
1.279519999999999982e+02 1.019000000000000000e+03 2.941018981933593750e+02
1.282880000000000109e+02 9.910000000000000000e+02 2.941008605957031250e+02
1.286239999999999952e+02 1.254000000000000000e+03 2.941004333496093750e+02
1.289610000000000127e+02 1.001000000000000000e+03 2.940988159179687500e+02
1.292969999999999970e+02 1.156000000000000000e+03 2.940968322753906250e+02
1.296330000000000098e+02 1.348000000000000000e+03 2.941008911132812500e+02
1.299699999999999989e+02 8.870000000000000000e+02 2.941035156250000000e+02
1.303060000000000116e+02 9.890000000000000000e+02 2.941046447753906250e+02
1.306440000000000055e+02 1.285000000000000000e+03 2.941012573242187500e+02
1.309799999999999898e+02 8.960000000000000000e+02 2.941033325195312500e+02
1.313170000000000073e+02 9.390000000000000000e+02 2.941000976562500000e+02
1.316529999999999916e+02 1.129000000000000000e+03 2.940982360839843750e+02
1.319890000000000043e+02 8.670000000000000000e+02 2.940969543457031250e+02
1.323249999999999886e+02 9.740000000000000000e+02 2.940986328125000000e+02
1.326620000000000061e+02 9.870000000000000000e+02 2.940995483398437500e+02
1.329979999999999905e+02 6.210000000000000000e+02 2.941036987304687500e+02
1.333340000000000032e+02 8.650000000000000000e+02 2.941006774902343750e+02
1.336709999999999923e+02 1.090000000000000000e+03 2.940980224609375000e+02
1.340070000000000050e+02 8.430000000000000000e+02 2.941022338867187500e+02
1.343429999999999893e+02 8.420000000000000000e+02 2.941001586914062500e+02
1.346800000000000068e+02 7.320000000000000000e+02 2.940991516113281250e+02
1.350159999999999911e+02 9.080000000000000000e+02 2.941000976562500000e+02
1.353520000000000039e+02 8.470000000000000000e+02 2.940984191894531250e+02
1.356879999999999882e+02 9.900000000000000000e+02 2.940973510742187500e+02
1.360250000000000057e+02 8.210000000000000000e+02 2.940965881347656250e+02
1.363609999999999900e+02 9.070000000000000000e+02 2.940997314453125000e+02
1.366970000000000027e+02 7.760000000000000000e+02 2.941014404296875000e+02
1.370339999999999918e+02 9.650000000000000000e+02 2.941014404296875000e+02
1.373729999999999905e+02 9.330000000000000000e+02 2.940988159179687500e+02
1.377090000000000032e+02 6.410000000000000000e+02 2.940984191894531250e+02
1.380459999999999923e+02 7.900000000000000000e+02 2.940971374511718750e+02
1.383830000000000098e+02 5.820000000000000000e+02 2.940961608886718750e+02
1.387189999999999941e+02 7.380000000000000000e+02 2.940974731445312500e+02
1.390550000000000068e+02 8.650000000000000000e+02 2.940979919433593750e+02
1.393919999999999959e+02 8.130000000000000000e+02 2.940990905761718750e+02
