4.808310000000000173e+02 1.030000000000000000e+02 3.511957702636718750e+02
4.811680000000000064e+02 1.820000000000000000e+02 3.512077331542968750e+02
4.815040000000000191e+02 1.660000000000000000e+02 3.512042846679687500e+02
4.818399999999999750e+02 8.600000000000000000e+01 3.511997070312500000e+02
4.821770000000000209e+02 2.020000000000000000e+02 3.511986389160156250e+02
4.825129999999999768e+02 3.470000000000000000e+02 3.512130432128906250e+02
4.828489999999999895e+02 4.560000000000000000e+02 3.512103271484375000e+02
4.831859999999999786e+02 4.760000000000000000e+02 3.512114257812500000e+02
4.835219999999999914e+02 4.700000000000000000e+02 3.512186279296875000e+02
4.838600000000000136e+02 9.200000000000000000e+02 3.512117919921875000e+02
4.841960000000000264e+02 1.073000000000000000e+03 3.512071228027343750e+02
4.845319999999999823e+02 1.278000000000000000e+03 3.512146606445312500e+02
4.848690000000000282e+02 9.410000000000000000e+02 3.512131652832031250e+02
4.852049999999999841e+02 7.220000000000000000e+02 3.512151184082031250e+02
4.855409999999999968e+02 8.640000000000000000e+02 3.512135925292968750e+02
4.858779999999999859e+02 8.000000000000000000e+02 3.512140502929687500e+02
4.862149999999999750e+02 1.064000000000000000e+03 3.512131958007812500e+02
4.865509999999999877e+02 6.820000000000000000e+02 3.512134094238281250e+02
4.868870000000000005e+02 7.180000000000000000e+02 3.512061157226562500e+02
4.872239999999999895e+02 6.180000000000000000e+02 3.512151184082031250e+02
4.875600000000000023e+02 6.070000000000000000e+02 3.512075195312500000e+02
4.878960000000000150e+02 5.690000000000000000e+02 3.512099914550781250e+02
4.882330000000000041e+02 2.720000000000000000e+02 3.512040100097656250e+02
4.885690000000000168e+02 5.470000000000000000e+02 3.512119445800781250e+02
4.889049999999999727e+02 3.390000000000000000e+02 3.512041931152343750e+02
4.892420000000000186e+02 2.670000000000000000e+02 3.512102355957031250e+02
4.895779999999999745e+02 2.550000000000000000e+02 3.512059936523437500e+02
4.899139999999999873e+02 2.350000000000000000e+02 3.512107543945312500e+02
4.902500000000000000e+02 2.680000000000000000e+02 3.512088317871093750e+02
4.905869999999999891e+02 2.200000000000000000e+02 3.512110595703125000e+02
4.909230000000000018e+02 1.570000000000000000e+02 3.512006835937500000e+02
