4.785819999999999936e+02 1.670000000000000000e+02 3.512106628417968750e+02
4.789189999999999827e+02 1.470000000000000000e+02 3.512047729492187500e+02
4.792549999999999955e+02 2.310000000000000000e+02 3.512041320800781250e+02
4.795910000000000082e+02 1.460000000000000000e+02 3.512197570800781250e+02
4.799279999999999973e+02 1.810000000000000000e+02 3.511932983398437500e+02
4.802640000000000100e+02 2.250000000000000000e+02 3.512012634277343750e+02
4.806000000000000227e+02 1.230000000000000000e+02 3.511915283203125000e+02
4.809359999999999786e+02 1.840000000000000000e+02 3.512077026367187500e+02
4.812730000000000246e+02 1.390000000000000000e+02 3.512062988281250000e+02
4.816089999999999804e+02 2.850000000000000000e+02 3.512013854980468750e+02
4.819449999999999932e+02 3.510000000000000000e+02 3.512120361328125000e+02
4.822819999999999823e+02 6.440000000000000000e+02 3.512113037109375000e+02
4.826179999999999950e+02 7.710000000000000000e+02 3.512106323242187500e+02
4.829540000000000077e+02 8.000000000000000000e+02 3.512124938964843750e+02
4.832900000000000205e+02 8.390000000000000000e+02 3.512114562988281250e+02
4.836270000000000095e+02 1.021000000000000000e+03 3.512117614746093750e+02
4.839630000000000223e+02 1.300000000000000000e+03 3.512113037109375000e+02
4.842989999999999782e+02 9.260000000000000000e+02 3.512071838378906250e+02
4.846360000000000241e+02 9.550000000000000000e+02 3.512117919921875000e+02
4.849719999999999800e+02 9.700000000000000000e+02 3.512105102539062500e+02
4.853079999999999927e+02 7.830000000000000000e+02 3.512120361328125000e+02
4.856460000000000150e+02 6.870000000000000000e+02 3.512082824707031250e+02
4.859820000000000277e+02 5.780000000000000000e+02 3.512147827148437500e+02
4.863190000000000168e+02 5.520000000000000000e+02 3.512072753906250000e+02
4.866549999999999727e+02 6.150000000000000000e+02 3.512124328613281250e+02
4.869909999999999854e+02 5.010000000000000000e+02 3.512105102539062500e+02
4.873279999999999745e+02 4.700000000000000000e+02 3.512139892578125000e+02
4.876639999999999873e+02 4.470000000000000000e+02 3.512079162597656250e+02
4.880000000000000000e+02 2.600000000000000000e+02 3.512044677734375000e+02
4.883369999999999891e+02 4.250000000000000000e+02 3.512037658691406250e+02
4.886730000000000018e+02 3.500000000000000000e+02 3.512045288085937500e+02
4.890090000000000146e+02 2.850000000000000000e+02 3.512121582031250000e+02
4.893450000000000273e+02 2.580000000000000000e+02 3.512095031738281250e+02
