3.063570000000000277e+02 8.100000000000000000e+01 5.042300109863281250e+02
3.066929999999999836e+02 1.050000000000000000e+02 5.042384948730468750e+02
3.070299999999999727e+02 1.650000000000000000e+02 5.042102355957031250e+02
3.073659999999999854e+02 2.460000000000000000e+02 5.042250671386718750e+02
3.077019999999999982e+02 1.760000000000000000e+02 5.042186584472656250e+02
3.080389999999999873e+02 3.020000000000000000e+02 5.042169799804687500e+02
3.083750000000000000e+02 3.690000000000000000e+02 5.042257385253906250e+02
3.087110000000000127e+02 5.940000000000000000e+02 5.042228698730468750e+02
3.090470000000000255e+02 5.200000000000000000e+02 5.042140197753906250e+02
3.093840000000000146e+02 8.720000000000000000e+02 5.042176818847656250e+02
3.097200000000000273e+02 1.111000000000000000e+03 5.042214965820312500e+02
3.100559999999999832e+02 9.610000000000000000e+02 5.042160644531250000e+02
3.103929999999999723e+02 1.297000000000000000e+03 5.042197570800781250e+02
3.107289999999999850e+02 1.126000000000000000e+03 5.042182617187500000e+02
3.110649999999999977e+02 1.184000000000000000e+03 5.042175903320312500e+02
3.114019999999999868e+02 1.237000000000000000e+03 5.042237243652343750e+02
3.117389999999999759e+02 1.124000000000000000e+03 5.042167358398437500e+02
3.120749999999999886e+02 8.380000000000000000e+02 5.042095947265625000e+02
3.124110000000000014e+02 5.710000000000000000e+02 5.042218322753906250e+02
3.127470000000000141e+02 6.580000000000000000e+02 5.042206420898437500e+02
3.130840000000000032e+02 5.360000000000000000e+02 5.042215270996093750e+02
3.134200000000000159e+02 3.440000000000000000e+02 5.042210998535156250e+02
3.137559999999999718e+02 3.170000000000000000e+02 5.042294006347656250e+02
3.140939999999999941e+02 1.860000000000000000e+02 5.042258300781250000e+02
3.144300000000000068e+02 1.630000000000000000e+02 5.042178039550781250e+02
