2.458079999999999927e+02 1.670000000000000000e+02 6.121674194335937500e+02
2.461450000000000102e+02 1.250000000000000000e+02 6.121638793945312500e+02
2.464809999999999945e+02 3.060000000000000000e+02 6.121480102539062500e+02
2.468170000000000073e+02 1.014000000000000000e+03 6.121569213867187500e+02
2.471539999999999964e+02 2.451000000000000000e+03 6.121588745117187500e+02
2.474900000000000091e+02 4.403000000000000000e+03 6.121632690429687500e+02
2.478259999999999934e+02 6.822000000000000000e+03 6.121594848632812500e+02
2.481620000000000061e+02 9.764000000000000000e+03 6.121594848632812500e+02
2.484989999999999952e+02 1.142100000000000000e+04 6.121603393554687500e+02
2.488350000000000080e+02 1.142800000000000000e+04 6.121598510742187500e+02
2.491709999999999923e+02 1.088700000000000000e+04 6.121612548828125000e+02
2.495080000000000098e+02 1.020200000000000000e+04 6.121595458984375000e+02
2.498439999999999941e+02 8.077000000000000000e+03 6.121587524414062500e+02
2.501800000000000068e+02 6.458000000000000000e+03 6.121599731445312500e+02
2.505169999999999959e+02 5.101000000000000000e+03 6.121609497070312500e+02
2.508530000000000086e+02 3.462000000000000000e+03 6.121604614257812500e+02
2.511889999999999930e+02 2.752000000000000000e+03 6.121602783203125000e+02
2.515260000000000105e+02 1.880000000000000000e+03 6.121610107421875000e+02
2.518619999999999948e+02 1.368000000000000000e+03 6.121614990234375000e+02
2.521980000000000075e+02 1.067000000000000000e+03 6.121613159179687500e+02
2.525339999999999918e+02 6.830000000000000000e+02 6.121643676757812500e+02
2.528710000000000093e+02 5.690000000000000000e+02 6.121647338867187500e+02
2.532069999999999936e+02 4.410000000000000000e+02 6.121621704101562500e+02
2.535449999999999875e+02 2.520000000000000000e+02 6.121618652343750000e+02
