3.820409999999999968e+02 1.410000000000000000e+02 2.941070861816406250e+02
3.823770000000000095e+02 3.040000000000000000e+02 2.941082153320312500e+02
3.827139999999999986e+02 5.880000000000000000e+02 2.941113891601562500e+02
3.830500000000000114e+02 6.740000000000000000e+02 2.941098632812500000e+02
3.833860000000000241e+02 1.149000000000000000e+03 2.941091918945312500e+02
3.837230000000000132e+02 1.007000000000000000e+03 2.941104431152343750e+02
3.840590000000000259e+02 1.065000000000000000e+03 2.941072998046875000e+02
3.843960000000000150e+02 1.052000000000000000e+03 2.941076660156250000e+02
3.847339999999999804e+02 8.070000000000000000e+02 2.941079711914062500e+02
3.850699999999999932e+02 7.920000000000000000e+02 2.941076660156250000e+02
3.854060000000000059e+02 7.100000000000000000e+02 2.941033935546875000e+02
3.857429999999999950e+02 2.600000000000000000e+02 2.941108398437500000e+02
3.860790000000000077e+02 1.870000000000000000e+02 2.941101379394531250e+02
3.864150000000000205e+02 4.030000000000000000e+02 2.941119995117187500e+02
3.867520000000000095e+02 1.520000000000000000e+02 2.941255493164062500e+02
