3.073659999999999854e+02 5.000000000000000000e+02 7.890960083007812500e+02
3.077019999999999982e+02 8.050000000000000000e+02 7.891026611328125000e+02
3.080389999999999873e+02 9.630000000000000000e+02 7.890973510742187500e+02
3.083750000000000000e+02 8.800000000000000000e+02 7.890999145507812500e+02
3.087110000000000127e+02 9.610000000000000000e+02 7.890919189453125000e+02
3.090470000000000255e+02 9.480000000000000000e+02 7.890897827148437500e+02
3.093840000000000146e+02 1.082000000000000000e+03 7.890921630859375000e+02
3.097200000000000273e+02 9.190000000000000000e+02 7.890938110351562500e+02
3.100559999999999832e+02 4.980000000000000000e+02 7.890968017578125000e+02
3.103929999999999723e+02 6.350000000000000000e+02 7.891003417968750000e+02
3.107289999999999850e+02 4.190000000000000000e+02 7.891017456054687500e+02
3.110649999999999977e+02 4.150000000000000000e+02 7.890957641601562500e+02
3.114019999999999868e+02 1.960000000000000000e+02 7.890992431640625000e+02
3.117389999999999759e+02 1.920000000000000000e+02 7.890845947265625000e+02
