9.370679999999999836e+02 1.219000000000000000e+03 3.973818969726562500e+02
9.374039999999999964e+02 1.366000000000000000e+03 3.973809509277343750e+02
9.377400000000000091e+02 1.231000000000000000e+03 3.973803405761718750e+02
9.380760000000000218e+02 1.421000000000000000e+03 3.973813171386718750e+02
9.384120000000000346e+02 1.270000000000000000e+03 3.973822631835937500e+02
9.387480000000000473e+02 1.326000000000000000e+03 3.973794250488281250e+02
9.390839999999999463e+02 1.170000000000000000e+03 3.973832397460937500e+02
9.394199999999999591e+02 1.168000000000000000e+03 3.973782348632812500e+02
9.397619999999999436e+02 1.073000000000000000e+03 3.973792724609375000e+02
9.400979999999999563e+02 1.336000000000000000e+03 3.973787231445312500e+02
9.404339999999999691e+02 1.185000000000000000e+03 3.973829650878906250e+02
9.407699999999999818e+02 1.238000000000000000e+03 3.973793640136718750e+02
9.411059999999999945e+02 1.313000000000000000e+03 3.973769836425781250e+02
9.414420000000000073e+02 1.093000000000000000e+03 3.973820495605468750e+02
9.417780000000000200e+02 9.100000000000000000e+02 3.973840637207031250e+02
9.421140000000000327e+02 1.254000000000000000e+03 3.973827514648437500e+02
9.424500000000000455e+02 1.347000000000000000e+03 3.973778076171875000e+02
9.427859999999999445e+02 9.550000000000000000e+02 3.973790588378906250e+02
9.431219999999999573e+02 1.063000000000000000e+03 3.973795166015625000e+02
9.434579999999999700e+02 1.030000000000000000e+03 3.973811950683593750e+02
9.437939999999999827e+02 8.810000000000000000e+02 3.973818054199218750e+02
9.441299999999999955e+02 1.048000000000000000e+03 3.973835449218750000e+02
9.444660000000000082e+02 1.024000000000000000e+03 3.973825073242187500e+02
9.448079999999999927e+02 1.200000000000000000e+03 3.973789062500000000e+02
9.451440000000000055e+02 9.260000000000000000e+02 3.973833312988281250e+02
9.454740000000000464e+02 1.009000000000000000e+03 3.973815612792968750e+02
9.458160000000000309e+02 8.560000000000000000e+02 3.973801269531250000e+02
9.461520000000000437e+02 1.027000000000000000e+03 3.973810119628906250e+02
9.464880000000000564e+02 9.610000000000000000e+02 3.973778991699218750e+02
9.468239999999999554e+02 8.650000000000000000e+02 3.973815917968750000e+02
9.471599999999999682e+02 1.158000000000000000e+03 3.973782653808593750e+02
9.474959999999999809e+02 1.154000000000000000e+03 3.973772277832031250e+02
9.478319999999999936e+02 9.660000000000000000e+02 3.973807678222656250e+02
9.481680000000000064e+02 7.980000000000000000e+02 3.973780212402343750e+02
9.485040000000000191e+02 8.680000000000000000e+02 3.973800354003906250e+02
9.488400000000000318e+02 8.800000000000000000e+02 3.973787231445312500e+02
9.491760000000000446e+02 7.160000000000000000e+02 3.973801574707031250e+02
9.495119999999999436e+02 9.890000000000000000e+02 3.973827514648437500e+02
9.498540000000000418e+02 8.290000000000000000e+02 3.973814697265625000e+02
9.501900000000000546e+02 1.022000000000000000e+03 3.973797607421875000e+02
9.505259999999999536e+02 7.040000000000000000e+02 3.973803405761718750e+02
9.508619999999999663e+02 5.780000000000000000e+02 3.973864135742187500e+02
9.511979999999999791e+02 8.350000000000000000e+02 3.973804321289062500e+02
9.515339999999999918e+02 7.060000000000000000e+02 3.973825378417968750e+02
9.518700000000000045e+02 1.078000000000000000e+03 3.973790588378906250e+02
9.522060000000000173e+02 6.550000000000000000e+02 3.973838500976562500e+02
9.525420000000000300e+02 6.040000000000000000e+02 3.973793334960937500e+02
9.528780000000000427e+02 9.730000000000000000e+02 3.973811340332031250e+02
9.532140000000000555e+02 6.310000000000000000e+02 3.973812561035156250e+02
9.535499999999999545e+02 6.650000000000000000e+02 3.973820800781250000e+02
9.538859999999999673e+02 6.000000000000000000e+02 3.973799743652343750e+02
9.542219999999999800e+02 7.460000000000000000e+02 3.973810729980468750e+02
9.545579999999999927e+02 8.250000000000000000e+02 3.973827209472656250e+02
9.548940000000000055e+02 7.510000000000000000e+02 3.973811950683593750e+02
9.552300000000000182e+02 6.670000000000000000e+02 3.973817749023437500e+02
9.555660000000000309e+02 5.160000000000000000e+02 3.973791503906250000e+02
9.559020000000000437e+02 7.380000000000000000e+02 3.973766479492187500e+02
9.562440000000000282e+02 4.750000000000000000e+02 3.973803710937500000e+02
9.565800000000000409e+02 4.960000000000000000e+02 3.973788757324218750e+02
9.569160000000000537e+02 4.910000000000000000e+02 3.973807067871093750e+02
9.572519999999999527e+02 3.910000000000000000e+02 3.973791198730468750e+02
9.575879999999999654e+02 3.530000000000000000e+02 3.973840332031250000e+02
9.579239999999999782e+02 5.000000000000000000e+02 3.973836364746093750e+02
9.582599999999999909e+02 5.380000000000000000e+02 3.973781127929687500e+02
9.585960000000000036e+02 4.030000000000000000e+02 3.973778076171875000e+02
9.589320000000000164e+02 4.130000000000000000e+02 3.973859252929687500e+02
9.592680000000000291e+02 3.090000000000000000e+02 3.973864135742187500e+02
9.596040000000000418e+02 3.400000000000000000e+02 3.973832702636718750e+02
9.599400000000000546e+02 2.590000000000000000e+02 3.973749694824218750e+02
9.602759999999999536e+02 4.090000000000000000e+02 3.973860778808593750e+02
9.606119999999999663e+02 4.420000000000000000e+02 3.973765869140625000e+02
9.609539999999999509e+02 3.040000000000000000e+02 3.973807983398437500e+02
9.612899999999999636e+02 3.630000000000000000e+02 3.973831481933593750e+02
9.616200000000000045e+02 3.860000000000000000e+02 3.973723144531250000e+02
9.619619999999999891e+02 4.170000000000000000e+02 3.973778686523437500e+02
9.622980000000000018e+02 2.320000000000000000e+02 3.973800659179687500e+02
9.626340000000000146e+02 4.070000000000000000e+02 3.973679504394531250e+02
9.629700000000000273e+02 2.560000000000000000e+02 3.973833007812500000e+02
9.633060000000000400e+02 3.890000000000000000e+02 3.973819274902343750e+02
9.636420000000000528e+02 3.450000000000000000e+02 3.973734130859375000e+02
9.639779999999999518e+02 2.940000000000000000e+02 3.973757934570312500e+02
9.643139999999999645e+02 3.060000000000000000e+02 3.973836669921875000e+02
9.646499999999999773e+02 2.730000000000000000e+02 3.973674926757812500e+02
9.649859999999999900e+02 2.800000000000000000e+02 3.973738403320312500e+02
9.653220000000000027e+02 2.350000000000000000e+02 3.973775024414062500e+02
9.656580000000000155e+02 2.350000000000000000e+02 3.973749084472656250e+02
9.660000000000000000e+02 1.220000000000000000e+02 3.973766479492187500e+02
9.663360000000000127e+02 4.320000000000000000e+02 3.973778076171875000e+02
