1.596899999999999977e+02 6.100000000000000000e+01 1.310689697265625000e+02
1.600260000000000105e+02 2.500000000000000000e+01 1.310715637207031250e+02
1.603629999999999995e+02 8.800000000000000000e+01 1.310637817382812500e+02
1.606990000000000123e+02 9.900000000000000000e+01 1.310676574707031250e+02
1.610349999999999966e+02 6.600000000000000000e+01 1.310630645751953125e+02
1.613710000000000093e+02 1.350000000000000000e+02 1.310690460205078125e+02
1.617079999999999984e+02 4.900000000000000000e+01 1.310667724609375000e+02
1.620440000000000111e+02 2.890000000000000000e+02 1.310674743652343750e+02
1.623799999999999955e+02 3.420000000000000000e+02 1.310711059570312500e+02
1.627179999999999893e+02 5.430000000000000000e+02 1.310690307617187500e+02
1.630550000000000068e+02 5.640000000000000000e+02 1.310688323974609375e+02
1.633909999999999911e+02 6.610000000000000000e+02 1.310706024169921875e+02
1.637270000000000039e+02 7.910000000000000000e+02 1.310690917968750000e+02
1.640639999999999930e+02 7.650000000000000000e+02 1.310692138671875000e+02
1.644010000000000105e+02 7.310000000000000000e+02 1.310661468505859375e+02
1.647369999999999948e+02 8.170000000000000000e+02 1.310696411132812500e+02
1.650730000000000075e+02 7.350000000000000000e+02 1.310680694580078125e+02
1.654089999999999918e+02 7.640000000000000000e+02 1.310693054199218750e+02
1.657460000000000093e+02 9.350000000000000000e+02 1.310694580078125000e+02
1.660819999999999936e+02 8.010000000000000000e+02 1.310676727294921875e+02
1.664180000000000064e+02 9.010000000000000000e+02 1.310693664550781250e+02
1.667549999999999955e+02 8.800000000000000000e+02 1.310684051513671875e+02
1.670910000000000082e+02 7.790000000000000000e+02 1.310684204101562500e+02
1.674269999999999925e+02 8.230000000000000000e+02 1.310685729980468750e+02
1.677640000000000100e+02 8.890000000000000000e+02 1.310690460205078125e+02
1.680999999999999943e+02 8.570000000000000000e+02 1.310685882568359375e+02
1.684360000000000070e+02 9.040000000000000000e+02 1.310685577392578125e+02
1.687719999999999914e+02 9.730000000000000000e+02 1.310708770751953125e+02
1.691090000000000089e+02 6.680000000000000000e+02 1.310683746337890625e+02
1.694449999999999932e+02 1.008000000000000000e+03 1.310704345703125000e+02
1.697810000000000059e+02 9.610000000000000000e+02 1.310696258544921875e+02
1.701179999999999950e+02 6.700000000000000000e+02 1.310715942382812500e+02
1.704540000000000077e+02 5.680000000000000000e+02 1.310679168701171875e+02
1.707899999999999920e+02 5.460000000000000000e+02 1.310706329345703125e+02
1.711270000000000095e+02 4.800000000000000000e+02 1.310677337646484375e+02
1.714629999999999939e+02 7.940000000000000000e+02 1.310699462890625000e+02
1.717990000000000066e+02 5.600000000000000000e+02 1.310673522949218750e+02
1.721349999999999909e+02 3.710000000000000000e+02 1.310663299560546875e+02
1.724720000000000084e+02 3.950000000000000000e+02 1.310680847167968750e+02
1.728110000000000070e+02 3.510000000000000000e+02 1.310678100585937500e+02
1.731469999999999914e+02 2.720000000000000000e+02 1.310742034912109375e+02
1.734830000000000041e+02 4.150000000000000000e+02 1.310669097900390625e+02
1.738199999999999932e+02 2.720000000000000000e+02 1.310701293945312500e+02
1.741560000000000059e+02 1.360000000000000000e+02 1.310644073486328125e+02
1.744919999999999902e+02 1.560000000000000000e+02 1.310704040527343750e+02
1.748290000000000077e+02 1.490000000000000000e+02 1.310679473876953125e+02
1.751649999999999920e+02 1.260000000000000000e+02 1.310706787109375000e+02
