1.946750000000000114e+02 2.680000000000000000e+02 6.962714233398437500e+02
1.950120000000000005e+02 3.270000000000000000e+02 6.962832641601562500e+02
1.953480000000000132e+02 4.320000000000000000e+02 6.962764892578125000e+02
1.956850000000000023e+02 4.800000000000000000e+02 6.962750854492187500e+02
1.960219999999999914e+02 6.770000000000000000e+02 6.962748413085937500e+02
1.963580000000000041e+02 7.470000000000000000e+02 6.962781372070312500e+02
1.966939999999999884e+02 1.007000000000000000e+03 6.962852172851562500e+02
1.970300000000000011e+02 9.860000000000000000e+02 6.962721557617187500e+02
1.973669999999999902e+02 7.890000000000000000e+02 6.962816162109375000e+02
1.977030000000000030e+02 8.240000000000000000e+02 6.962790527343750000e+02
1.980389999999999873e+02 6.480000000000000000e+02 6.962780761718750000e+02
1.983760000000000048e+02 5.380000000000000000e+02 6.962768554687500000e+02
1.987119999999999891e+02 3.450000000000000000e+02 6.962844238281250000e+02
1.990480000000000018e+02 4.000000000000000000e+02 6.962810058593750000e+02
1.993849999999999909e+02 2.650000000000000000e+02 6.962860107421875000e+02
1.997220000000000084e+02 2.350000000000000000e+02 6.962775878906250000e+02
2.000589999999999975e+02 1.920000000000000000e+02 6.962774658203125000e+02
2.003950000000000102e+02 1.170000000000000000e+02 6.962706909179687500e+02
2.007319999999999993e+02 1.890000000000000000e+02 6.962825317382812500e+02
