2.367259999999999991e+02 9.900000000000000000e+01 5.542333984375000000e+02
2.370620000000000118e+02 1.320000000000000000e+02 5.542373657226562500e+02
2.373979999999999961e+02 9.400000000000000000e+01 5.542352294921875000e+02
2.377350000000000136e+02 1.880000000000000000e+02 5.542277221679687500e+02
2.380709999999999980e+02 3.860000000000000000e+02 5.542264404296875000e+02
2.384070000000000107e+02 6.030000000000000000e+02 5.542200317382812500e+02
2.387439999999999998e+02 6.400000000000000000e+02 5.542251586914062500e+02
2.390800000000000125e+02 8.670000000000000000e+02 5.542257690429687500e+02
2.394159999999999968e+02 7.540000000000000000e+02 5.542353515625000000e+02
2.397529999999999859e+02 1.001000000000000000e+03 5.542265014648437500e+02
2.400889999999999986e+02 9.620000000000000000e+02 5.542382812500000000e+02
2.404250000000000114e+02 7.610000000000000000e+02 5.542290649414062500e+02
2.407620000000000005e+02 5.180000000000000000e+02 5.542409057617187500e+02
2.410980000000000132e+02 5.870000000000000000e+02 5.542261962890625000e+02
2.414339999999999975e+02 3.880000000000000000e+02 5.542297973632812500e+02
2.417709999999999866e+02 4.060000000000000000e+02 5.542352905273437500e+02
2.421069999999999993e+02 4.290000000000000000e+02 5.542296142578125000e+02
2.424430000000000121e+02 3.500000000000000000e+02 5.542279663085937500e+02
2.427800000000000011e+02 2.320000000000000000e+02 5.542350463867187500e+02
2.431160000000000139e+02 1.760000000000000000e+02 5.542335815429687500e+02
