3.383120000000000118e+02 1.460000000000000000e+02 4.631051635742187500e+02
3.386490000000000009e+02 2.190000000000000000e+02 4.631309204101562500e+02
3.389850000000000136e+02 2.670000000000000000e+02 4.631263732910156250e+02
3.393210000000000264e+02 5.490000000000000000e+02 4.631242675781250000e+02
3.396580000000000155e+02 6.150000000000000000e+02 4.631181335449218750e+02
3.399940000000000282e+02 8.240000000000000000e+02 4.631199951171875000e+02
3.403299999999999841e+02 9.850000000000000000e+02 4.631231079101562500e+02
3.406669999999999732e+02 7.050000000000000000e+02 4.631212463378906250e+02
3.410029999999999859e+02 7.150000000000000000e+02 4.631118469238281250e+02
3.413389999999999986e+02 5.410000000000000000e+02 4.631218261718750000e+02
3.416759999999999877e+02 6.560000000000000000e+02 4.631169738769531250e+02
3.420120000000000005e+02 4.290000000000000000e+02 4.631172180175781250e+02
3.423480000000000132e+02 3.250000000000000000e+02 4.631291503906250000e+02
