9.818039999999999736e+02 1.277000000000000000e+03 5.734807739257812500e+02
9.821459999999999582e+02 1.053000000000000000e+03 5.734856567382812500e+02
9.824759999999999991e+02 1.178000000000000000e+03 5.734783935546875000e+02
9.828179999999999836e+02 1.147000000000000000e+03 5.734846801757812500e+02
9.831539999999999964e+02 1.098000000000000000e+03 5.734822387695312500e+02
9.834900000000000091e+02 1.085000000000000000e+03 5.734812622070312500e+02
9.838260000000000218e+02 1.113000000000000000e+03 5.734821777343750000e+02
9.841620000000000346e+02 1.027000000000000000e+03 5.734863281250000000e+02
9.844980000000000473e+02 1.093000000000000000e+03 5.734837646484375000e+02
9.848339999999999463e+02 9.430000000000000000e+02 5.734739990234375000e+02
9.851699999999999591e+02 9.220000000000000000e+02 5.734845581054687500e+02
9.855059999999999718e+02 1.024000000000000000e+03 5.734815063476562500e+02
9.858419999999999845e+02 1.017000000000000000e+03 5.734842529296875000e+02
9.861779999999999973e+02 8.610000000000000000e+02 5.734861450195312500e+02
9.865140000000000100e+02 1.029000000000000000e+03 5.734796752929687500e+02
9.868500000000000227e+02 8.660000000000000000e+02 5.734810180664062500e+02
9.871860000000000355e+02 1.001000000000000000e+03 5.734863281250000000e+02
9.875220000000000482e+02 7.880000000000000000e+02 5.734761962890625000e+02
9.878579999999999472e+02 7.460000000000000000e+02 5.734824218750000000e+02
9.881939999999999600e+02 9.690000000000000000e+02 5.734847412109375000e+02
9.885299999999999727e+02 1.067000000000000000e+03 5.734825439453125000e+02
9.888719999999999573e+02 9.720000000000000000e+02 5.734815673828125000e+02
9.892079999999999700e+02 6.080000000000000000e+02 5.734840087890625000e+02
9.895439999999999827e+02 8.430000000000000000e+02 5.734870605468750000e+02
9.898799999999999955e+02 7.670000000000000000e+02 5.734824218750000000e+02
9.902160000000000082e+02 8.870000000000000000e+02 5.734890747070312500e+02
9.905520000000000209e+02 8.610000000000000000e+02 5.734805297851562500e+02
9.908880000000000337e+02 9.050000000000000000e+02 5.734882812500000000e+02
9.912240000000000464e+02 9.940000000000000000e+02 5.734831542968750000e+02
9.915599999999999454e+02 7.330000000000000000e+02 5.734876098632812500e+02
9.918959999999999582e+02 8.870000000000000000e+02 5.734820556640625000e+02
9.922319999999999709e+02 1.145000000000000000e+03 5.734846191406250000e+02
9.925679999999999836e+02 8.330000000000000000e+02 5.734865112304687500e+02
9.929039999999999964e+02 9.320000000000000000e+02 5.734813842773437500e+02
9.932400000000000091e+02 9.520000000000000000e+02 5.734823608398437500e+02
9.935760000000000218e+02 9.450000000000000000e+02 5.734796142578125000e+02
9.939180000000000064e+02 9.090000000000000000e+02 5.734810180664062500e+02
9.942540000000000191e+02 9.160000000000000000e+02 5.734759521484375000e+02
9.945900000000000318e+02 7.610000000000000000e+02 5.734852294921875000e+02
9.949260000000000446e+02 7.910000000000000000e+02 5.734821777343750000e+02
9.952619999999999436e+02 6.920000000000000000e+02 5.734818725585937500e+02
9.955979999999999563e+02 6.730000000000000000e+02 5.734867553710937500e+02
9.959339999999999691e+02 8.550000000000000000e+02 5.734791259765625000e+02
9.962699999999999818e+02 8.310000000000000000e+02 5.734749755859375000e+02
9.966059999999999945e+02 9.800000000000000000e+02 5.734772949218750000e+02
9.969420000000000073e+02 7.570000000000000000e+02 5.734827880859375000e+02
9.972780000000000200e+02 8.400000000000000000e+02 5.734809570312500000e+02
9.976140000000000327e+02 8.570000000000000000e+02 5.734848022460937500e+02
9.979500000000000455e+02 8.020000000000000000e+02 5.734840698242187500e+02
9.982859999999999445e+02 7.940000000000000000e+02 5.734732666015625000e+02
9.986219999999999573e+02 6.770000000000000000e+02 5.734703369140625000e+02
9.989579999999999700e+02 7.700000000000000000e+02 5.734833374023437500e+02
9.992939999999999827e+02 7.160000000000000000e+02 5.734743041992187500e+02
9.996299999999999955e+02 8.970000000000000000e+02 5.734738769531250000e+02
9.999719999999999800e+02 9.050000000000000000e+02 5.734752197265625000e+02
