2.310500000000000043e+01 4.200000000000000000e+01 1.989405212402343750e+02
2.344099999999999895e+01 6.400000000000000000e+01 1.989261322021484375e+02
2.377799999999999869e+01 1.140000000000000000e+02 1.989477996826171875e+02
2.411400000000000077e+01 1.610000000000000000e+02 1.989436492919921875e+02
2.444999999999999929e+01 3.090000000000000000e+02 1.989423980712890625e+02
2.478699999999999903e+01 4.380000000000000000e+02 1.989351043701171875e+02
2.512300000000000111e+01 7.690000000000000000e+02 1.989363861083984375e+02
2.545899999999999963e+01 9.260000000000000000e+02 1.989374694824218750e+02
2.579599999999999937e+01 9.000000000000000000e+02 1.989389801025390625e+02
2.613200000000000145e+01 8.700000000000000000e+02 1.989405212402343750e+02
2.646799999999999997e+01 7.800000000000000000e+02 1.989392700195312500e+02
2.680399999999999849e+01 6.340000000000000000e+02 1.989393463134765625e+02
2.714099999999999824e+01 4.050000000000000000e+02 1.989358978271484375e+02
2.747700000000000031e+01 1.390000000000000000e+02 1.989403228759765625e+02
2.781299999999999883e+01 8.100000000000000000e+01 1.989477996826171875e+02
2.814999999999999858e+01 7.000000000000000000e+01 1.989391479492187500e+02
2.848600000000000065e+01 3.900000000000000000e+01 1.989356689453125000e+02
