3.066929999999999836e+02 2.180000000000000000e+02 3.409978332519531250e+02
3.070299999999999727e+02 2.520000000000000000e+02 3.409985046386718750e+02
3.073659999999999854e+02 3.690000000000000000e+02 3.409903869628906250e+02
3.077019999999999982e+02 8.010000000000000000e+02 3.409955444335937500e+02
3.080389999999999873e+02 5.990000000000000000e+02 3.409938964843750000e+02
3.083750000000000000e+02 8.560000000000000000e+02 3.409953613281250000e+02
3.087110000000000127e+02 7.190000000000000000e+02 3.409951171875000000e+02
3.090470000000000255e+02 7.730000000000000000e+02 3.409927673339843750e+02
3.093840000000000146e+02 8.860000000000000000e+02 3.409936523437500000e+02
3.097200000000000273e+02 5.500000000000000000e+02 3.409949645996093750e+02
3.100559999999999832e+02 6.770000000000000000e+02 3.409974670410156250e+02
3.103929999999999723e+02 6.620000000000000000e+02 3.409959106445312500e+02
3.107289999999999850e+02 4.640000000000000000e+02 3.409968261718750000e+02
3.110649999999999977e+02 6.030000000000000000e+02 3.409960021972656250e+02
3.114019999999999868e+02 4.910000000000000000e+02 3.409963684082031250e+02
3.117389999999999759e+02 3.440000000000000000e+02 3.409976501464843750e+02
3.120749999999999886e+02 2.620000000000000000e+02 3.409921875000000000e+02
3.124110000000000014e+02 2.460000000000000000e+02 3.409995117187500000e+02
3.127470000000000141e+02 1.550000000000000000e+02 3.409935913085937500e+02
