3.813679999999999950e+02 1.880000000000000000e+02 2.611343383789062500e+02
3.817049999999999841e+02 2.010000000000000000e+02 2.611326293945312500e+02
3.820409999999999968e+02 1.720000000000000000e+02 2.611303710937500000e+02
3.823770000000000095e+02 3.750000000000000000e+02 2.611201171875000000e+02
3.827139999999999986e+02 5.350000000000000000e+02 2.611242370605468750e+02
3.830500000000000114e+02 3.890000000000000000e+02 2.611185913085937500e+02
3.833860000000000241e+02 4.860000000000000000e+02 2.611241760253906250e+02
3.837230000000000132e+02 7.050000000000000000e+02 2.611197814941406250e+02
3.840590000000000259e+02 7.500000000000000000e+02 2.611158447265625000e+02
3.843960000000000150e+02 5.950000000000000000e+02 2.611232604980468750e+02
3.847339999999999804e+02 8.530000000000000000e+02 2.611191406250000000e+02
3.850699999999999932e+02 5.990000000000000000e+02 2.611238098144531250e+02
3.854060000000000059e+02 4.420000000000000000e+02 2.611237487792968750e+02
3.857429999999999950e+02 4.750000000000000000e+02 2.611258850097656250e+02
3.860790000000000077e+02 3.670000000000000000e+02 2.611250305175781250e+02
3.864150000000000205e+02 3.190000000000000000e+02 2.611186828613281250e+02
3.867520000000000095e+02 1.570000000000000000e+02 2.611281127929687500e+02
3.870880000000000223e+02 1.430000000000000000e+02 2.611280517578125000e+02
3.874239999999999782e+02 1.480000000000000000e+02 2.611182861328125000e+02
3.877610000000000241e+02 2.070000000000000000e+02 2.611315307617187500e+02
3.880969999999999800e+02 9.700000000000000000e+01 2.611280212402343750e+02
3.884329999999999927e+02 1.300000000000000000e+02 2.611347351074218750e+02
3.887690000000000055e+02 9.900000000000000000e+01 2.611256408691406250e+02
