2.908820000000000050e+02 1.550000000000000000e+02 8.482450561523437500e+02
2.912180000000000177e+02 3.100000000000000000e+02 8.482432250976562500e+02
2.915550000000000068e+02 4.590000000000000000e+02 8.482557373046875000e+02
2.918910000000000196e+02 7.070000000000000000e+02 8.482548217773437500e+02
2.922269999999999754e+02 5.800000000000000000e+02 8.482457885742187500e+02
2.925640000000000214e+02 8.650000000000000000e+02 8.482514648437500000e+02
2.928999999999999773e+02 8.440000000000000000e+02 8.482532958984375000e+02
2.932359999999999900e+02 7.730000000000000000e+02 8.482487182617187500e+02
2.935720000000000027e+02 5.080000000000000000e+02 8.482636718750000000e+02
2.939100000000000250e+02 5.960000000000000000e+02 8.482532958984375000e+02
2.942470000000000141e+02 6.150000000000000000e+02 8.482605590820312500e+02
2.945830000000000268e+02 6.190000000000000000e+02 8.482565917968750000e+02
2.949189999999999827e+02 5.140000000000000000e+02 8.482506103515625000e+02
2.952549999999999955e+02 4.030000000000000000e+02 8.482568359375000000e+02
2.955919999999999845e+02 3.800000000000000000e+02 8.482458496093750000e+02
2.959279999999999973e+02 2.680000000000000000e+02 8.482492065429687500e+02
2.962649999999999864e+02 2.530000000000000000e+02 8.482426147460937500e+02
2.966009999999999991e+02 3.280000000000000000e+02 8.482515869140625000e+02
2.969370000000000118e+02 1.230000000000000000e+02 8.482479858398437500e+02
2.972730000000000246e+02 1.800000000000000000e+02 8.482408447265625000e+02
