9.905520000000000209e+02 1.065000000000000000e+03 7.425288696289062500e+02
9.908880000000000337e+02 1.057000000000000000e+03 7.425285644531250000e+02
9.912240000000000464e+02 1.154000000000000000e+03 7.425282592773437500e+02
9.915599999999999454e+02 1.026000000000000000e+03 7.425265502929687500e+02
9.918959999999999582e+02 1.114000000000000000e+03 7.425297241210937500e+02
9.922319999999999709e+02 9.490000000000000000e+02 7.425302124023437500e+02
9.925679999999999836e+02 7.940000000000000000e+02 7.425233154296875000e+02
9.929039999999999964e+02 9.600000000000000000e+02 7.425265502929687500e+02
9.932400000000000091e+02 1.003000000000000000e+03 7.425263061523437500e+02
9.935760000000000218e+02 1.064000000000000000e+03 7.425249633789062500e+02
9.939180000000000064e+02 1.022000000000000000e+03 7.425267333984375000e+02
9.942540000000000191e+02 9.070000000000000000e+02 7.425238647460937500e+02
9.945900000000000318e+02 8.960000000000000000e+02 7.425295410156250000e+02
9.949260000000000446e+02 1.041000000000000000e+03 7.425266723632812500e+02
9.952619999999999436e+02 7.530000000000000000e+02 7.425287475585937500e+02
9.955979999999999563e+02 8.260000000000000000e+02 7.425307617187500000e+02
9.959339999999999691e+02 1.096000000000000000e+03 7.425282592773437500e+02
9.962699999999999818e+02 1.030000000000000000e+03 7.425274047851562500e+02
9.966059999999999945e+02 1.028000000000000000e+03 7.425250244140625000e+02
9.969420000000000073e+02 7.910000000000000000e+02 7.425234985351562500e+02
9.972780000000000200e+02 8.520000000000000000e+02 7.425290527343750000e+02
9.976140000000000327e+02 8.270000000000000000e+02 7.425273437500000000e+02
9.979500000000000455e+02 9.270000000000000000e+02 7.425267333984375000e+02
9.982859999999999445e+02 8.150000000000000000e+02 7.425220336914062500e+02
9.986219999999999573e+02 7.720000000000000000e+02 7.425249023437500000e+02
9.989579999999999700e+02 8.750000000000000000e+02 7.425206909179687500e+02
9.992939999999999827e+02 9.210000000000000000e+02 7.425283813476562500e+02
9.996299999999999955e+02 8.490000000000000000e+02 7.425291748046875000e+02
9.999719999999999800e+02 7.820000000000000000e+02 7.425239868164062500e+02
