2.579169999999999732e+02 1.390000000000000000e+02 5.342067871093750000e+02
2.582529999999999859e+02 2.200000000000000000e+02 5.342182006835937500e+02
2.585899999999999750e+02 4.800000000000000000e+02 5.342230834960937500e+02
2.589270000000000209e+02 5.550000000000000000e+02 5.342200317382812500e+02
2.592629999999999768e+02 6.850000000000000000e+02 5.342176513671875000e+02
2.595989999999999895e+02 7.350000000000000000e+02 5.342165527343750000e+02
2.599350000000000023e+02 7.450000000000000000e+02 5.342203369140625000e+02
2.602719999999999914e+02 6.380000000000000000e+02 5.342224731445312500e+02
2.606080000000000041e+02 5.050000000000000000e+02 5.342205200195312500e+02
2.609440000000000168e+02 5.220000000000000000e+02 5.342145385742187500e+02
2.612810000000000059e+02 3.520000000000000000e+02 5.342251586914062500e+02
2.616170000000000186e+02 3.690000000000000000e+02 5.342205810546875000e+02
2.619529999999999745e+02 2.080000000000000000e+02 5.342117919921875000e+02
2.622900000000000205e+02 1.940000000000000000e+02 5.342211303710937500e+02
2.626259999999999764e+02 1.610000000000000000e+02 5.342131958007812500e+02
2.629619999999999891e+02 1.360000000000000000e+02 5.342208862304687500e+02
2.632989999999999782e+02 1.140000000000000000e+02 5.342031250000000000e+02
2.636360000000000241e+02 5.600000000000000000e+01 5.342155151367187500e+02
