2.014039999999999964e+02 2.390000000000000000e+02 4.122394409179687500e+02
2.017410000000000139e+02 3.250000000000000000e+02 4.122381896972656250e+02
2.020780000000000030e+02 5.150000000000000000e+02 4.122416687011718750e+02
2.024139999999999873e+02 7.000000000000000000e+02 4.122402954101562500e+02
2.027500000000000000e+02 5.520000000000000000e+02 4.122451477050781250e+02
2.030879999999999939e+02 5.830000000000000000e+02 4.122348937988281250e+02
2.034240000000000066e+02 4.310000000000000000e+02 4.122444763183593750e+02
2.037609999999999957e+02 5.730000000000000000e+02 4.122416992187500000e+02
2.040970000000000084e+02 4.860000000000000000e+02 4.122385864257812500e+02
2.044329999999999927e+02 2.630000000000000000e+02 4.122396850585937500e+02
2.047700000000000102e+02 2.980000000000000000e+02 4.122416381835937500e+02
2.051059999999999945e+02 1.360000000000000000e+02 4.122388305664062500e+02
2.054420000000000073e+02 1.450000000000000000e+02 4.122313537597656250e+02
2.057789999999999964e+02 1.670000000000000000e+02 4.122301940917968750e+02
2.061150000000000091e+02 2.020000000000000000e+02 4.122359008789062500e+02
