3.198109999999999786e+02 2.110000000000000000e+02 3.251275634765625000e+02
3.201480000000000246e+02 2.180000000000000000e+02 3.251183166503906250e+02
3.204839999999999804e+02 1.950000000000000000e+02 3.251303710937500000e+02
3.208199999999999932e+02 2.330000000000000000e+02 3.251185302734375000e+02
3.211569999999999823e+02 1.390000000000000000e+02 3.251171875000000000e+02
3.214929999999999950e+02 2.940000000000000000e+02 3.251252136230468750e+02
3.218299999999999841e+02 1.190000000000000000e+02 3.251197814941406250e+02
3.221659999999999968e+02 1.750000000000000000e+02 3.251261596679687500e+02
3.225020000000000095e+02 3.020000000000000000e+02 3.251108398437500000e+02
3.228389999999999986e+02 2.840000000000000000e+02 3.251128234863281250e+02
3.231750000000000114e+02 3.700000000000000000e+02 3.251174926757812500e+02
3.235110000000000241e+02 4.670000000000000000e+02 3.251048889160156250e+02
3.238480000000000132e+02 5.410000000000000000e+02 3.251110229492187500e+02
3.241850000000000023e+02 2.910000000000000000e+02 3.251170959472656250e+02
3.245219999999999914e+02 2.960000000000000000e+02 3.251061706542968750e+02
3.248580000000000041e+02 1.850000000000000000e+02 3.251227722167968750e+02
3.251940000000000168e+02 3.500000000000000000e+02 3.251086120605468750e+02
3.255310000000000059e+02 2.650000000000000000e+02 3.251022949218750000e+02
3.258670000000000186e+02 1.450000000000000000e+02 3.251270141601562500e+02
3.262029999999999745e+02 2.400000000000000000e+02 3.251141357421875000e+02
3.265400000000000205e+02 2.150000000000000000e+02 3.251138916015625000e+02
3.268759999999999764e+02 1.140000000000000000e+02 3.251133728027343750e+02
3.272119999999999891e+02 2.280000000000000000e+02 3.251077575683593750e+02
3.275480000000000018e+02 1.190000000000000000e+02 3.251186828613281250e+02
3.278849999999999909e+02 2.700000000000000000e+02 3.251099548339843750e+02
3.282210000000000036e+02 3.410000000000000000e+02 3.250969543457031250e+02
3.285570000000000164e+02 5.390000000000000000e+02 3.251099853515625000e+02
3.288940000000000055e+02 4.850000000000000000e+02 3.251034240722656250e+02
3.292300000000000182e+02 3.550000000000000000e+02 3.251054992675781250e+02
3.295659999999999741e+02 6.950000000000000000e+02 3.251110229492187500e+02
3.299030000000000200e+02 5.890000000000000000e+02 3.251059875488281250e+02
3.302389999999999759e+02 3.980000000000000000e+02 3.251033630371093750e+02
3.305749999999999886e+02 3.380000000000000000e+02 3.251104431152343750e+02
3.309110000000000014e+02 4.090000000000000000e+02 3.251046447753906250e+02
3.312479999999999905e+02 2.210000000000000000e+02 3.251189880371093750e+02
