2.417709999999999866e+02 2.690000000000000000e+02 7.052405395507812500e+02
2.421069999999999993e+02 5.120000000000000000e+02 7.052352905273437500e+02
2.424430000000000121e+02 4.230000000000000000e+02 7.052291259765625000e+02
2.427800000000000011e+02 6.230000000000000000e+02 7.052369384765625000e+02
2.431160000000000139e+02 5.730000000000000000e+02 7.052292480468750000e+02
2.434540000000000077e+02 6.790000000000000000e+02 7.052344360351562500e+02
2.437909999999999968e+02 5.520000000000000000e+02 7.052286987304687500e+02
2.441270000000000095e+02 4.190000000000000000e+02 7.052360839843750000e+02
2.444629999999999939e+02 4.180000000000000000e+02 7.052446289062500000e+02
2.447990000000000066e+02 2.900000000000000000e+02 7.052293701171875000e+02
2.451359999999999957e+02 2.340000000000000000e+02 7.052338256835937500e+02
2.454720000000000084e+02 1.330000000000000000e+02 7.052293701171875000e+02
