1.569979999999999905e+02 9.800000000000000000e+01 3.991180114746093750e+02
1.573350000000000080e+02 8.100000000000000000e+01 3.991297912597656250e+02
1.576709999999999923e+02 1.160000000000000000e+02 3.991182250976562500e+02
1.580070000000000050e+02 1.270000000000000000e+02 3.991202087402343750e+02
1.583439999999999941e+02 2.120000000000000000e+02 3.991183776855468750e+02
1.586800000000000068e+02 2.530000000000000000e+02 3.991113586425781250e+02
1.590159999999999911e+02 4.480000000000000000e+02 3.991171875000000000e+02
1.593520000000000039e+02 4.900000000000000000e+02 3.991206665039062500e+02
1.596899999999999977e+02 5.340000000000000000e+02 3.991210937500000000e+02
1.600260000000000105e+02 4.550000000000000000e+02 3.991158142089843750e+02
1.603629999999999995e+02 5.030000000000000000e+02 3.991207580566406250e+02
1.606990000000000123e+02 6.730000000000000000e+02 3.991213378906250000e+02
1.610349999999999966e+02 5.850000000000000000e+02 3.991200256347656250e+02
1.613710000000000093e+02 5.760000000000000000e+02 3.991187744140625000e+02
1.617079999999999984e+02 3.730000000000000000e+02 3.991210632324218750e+02
1.620440000000000111e+02 4.550000000000000000e+02 3.991192626953125000e+02
1.623799999999999955e+02 5.850000000000000000e+02 3.991203308105468750e+02
1.627179999999999893e+02 4.610000000000000000e+02 3.991228637695312500e+02
1.630550000000000068e+02 4.150000000000000000e+02 3.991260986328125000e+02
1.633909999999999911e+02 6.520000000000000000e+02 3.991257019042968750e+02
1.637270000000000039e+02 3.400000000000000000e+02 3.991213989257812500e+02
1.640639999999999930e+02 3.440000000000000000e+02 3.991243896484375000e+02
1.644010000000000105e+02 4.750000000000000000e+02 3.991242675781250000e+02
1.647369999999999948e+02 2.810000000000000000e+02 3.991224975585937500e+02
1.650730000000000075e+02 2.530000000000000000e+02 3.991164550781250000e+02
1.654089999999999918e+02 1.820000000000000000e+02 3.991135559082031250e+02
1.657460000000000093e+02 2.360000000000000000e+02 3.991181945800781250e+02
1.660819999999999936e+02 1.750000000000000000e+02 3.991079406738281250e+02
