1.260520000000000067e+02 8.860000000000000000e+02 1.960445861816406250e+02
1.263880000000000052e+02 5.920000000000000000e+02 1.960407409667968750e+02
1.267240000000000038e+02 6.230000000000000000e+02 1.960454101562500000e+02
1.270610000000000070e+02 7.790000000000000000e+02 1.960465698242187500e+02
1.273970000000000056e+02 7.440000000000000000e+02 1.960462799072265625e+02
1.277330000000000041e+02 6.490000000000000000e+02 1.960414733886718750e+02
1.280699999999999932e+02 7.520000000000000000e+02 1.960451965332031250e+02
1.284060000000000059e+02 6.360000000000000000e+02 1.960428466796875000e+02
1.287419999999999902e+02 7.260000000000000000e+02 1.960437927246093750e+02
1.290780000000000030e+02 7.380000000000000000e+02 1.960436248779296875e+02
1.294149999999999920e+02 5.830000000000000000e+02 1.960426025390625000e+02
1.297520000000000095e+02 7.900000000000000000e+02 1.960455780029296875e+02
1.300889999999999986e+02 4.110000000000000000e+02 1.960458526611328125e+02
1.304250000000000114e+02 4.190000000000000000e+02 1.960452728271484375e+02
1.307609999999999957e+02 8.410000000000000000e+02 1.960457458496093750e+02
1.310970000000000084e+02 5.260000000000000000e+02 1.960420532226562500e+02
1.314339999999999975e+02 6.950000000000000000e+02 1.960436248779296875e+02
1.317700000000000102e+02 5.370000000000000000e+02 1.960435485839843750e+02
1.321059999999999945e+02 5.740000000000000000e+02 1.960463104248046875e+02
1.324439999999999884e+02 6.910000000000000000e+02 1.960433959960937500e+02
1.327810000000000059e+02 5.360000000000000000e+02 1.960423126220703125e+02
1.331169999999999902e+02 4.810000000000000000e+02 1.960440826416015625e+02
1.334540000000000077e+02 5.280000000000000000e+02 1.960460510253906250e+02
1.337899999999999920e+02 5.200000000000000000e+02 1.960424346923828125e+02
1.341260000000000048e+02 6.630000000000000000e+02 1.960462951660156250e+02
1.344619999999999891e+02 6.410000000000000000e+02 1.960428161621093750e+02
1.347990000000000066e+02 6.550000000000000000e+02 1.960439758300781250e+02
1.351349999999999909e+02 5.110000000000000000e+02 1.960411987304687500e+02
1.354710000000000036e+02 4.490000000000000000e+02 1.960455780029296875e+02
1.358079999999999927e+02 7.490000000000000000e+02 1.960449981689453125e+02
1.361440000000000055e+02 6.850000000000000000e+02 1.960434112548828125e+02
1.364799999999999898e+02 4.820000000000000000e+02 1.960466918945312500e+02
1.368170000000000073e+02 5.260000000000000000e+02 1.960442657470703125e+02
1.371529999999999916e+02 3.200000000000000000e+02 1.960410614013671875e+02
1.374890000000000043e+02 7.060000000000000000e+02 1.960438079833984375e+02
1.378249999999999886e+02 5.770000000000000000e+02 1.960454101562500000e+02
1.381620000000000061e+02 4.820000000000000000e+02 1.960420989990234375e+02
1.384979999999999905e+02 5.490000000000000000e+02 1.960466461181640625e+02
1.388340000000000032e+02 4.890000000000000000e+02 1.960434417724609375e+02
1.391709999999999923e+02 4.850000000000000000e+02 1.960409698486328125e+02
1.395070000000000050e+02 3.420000000000000000e+02 1.960480194091796875e+02
1.398429999999999893e+02 6.170000000000000000e+02 1.960409088134765625e+02
1.401790000000000020e+02 7.880000000000000000e+02 1.960430908203125000e+02
1.405159999999999911e+02 4.560000000000000000e+02 1.960472717285156250e+02
1.408520000000000039e+02 6.570000000000000000e+02 1.960401611328125000e+02
1.411879999999999882e+02 4.720000000000000000e+02 1.960453491210937500e+02
1.415250000000000057e+02 5.560000000000000000e+02 1.960441131591796875e+02
1.418609999999999900e+02 5.350000000000000000e+02 1.960472717285156250e+02
1.421970000000000027e+02 6.340000000000000000e+02 1.960433044433593750e+02
1.425349999999999966e+02 3.370000000000000000e+02 1.960449218750000000e+02
1.428710000000000093e+02 4.970000000000000000e+02 1.960439147949218750e+02
1.432079999999999984e+02 3.840000000000000000e+02 1.960421905517578125e+02
1.435440000000000111e+02 4.890000000000000000e+02 1.960441894531250000e+02
1.438799999999999955e+02 5.520000000000000000e+02 1.960443115234375000e+02
1.442170000000000130e+02 4.540000000000000000e+02 1.960425720214843750e+02
1.445529999999999973e+02 4.180000000000000000e+02 1.960414428710937500e+02
1.448890000000000100e+02 4.580000000000000000e+02 1.960405426025390625e+02
1.452249999999999943e+02 3.500000000000000000e+02 1.960451812744140625e+02
1.455620000000000118e+02 4.390000000000000000e+02 1.960435638427734375e+02
1.458979999999999961e+02 3.790000000000000000e+02 1.960407867431640625e+02
1.462340000000000089e+02 3.920000000000000000e+02 1.960427551269531250e+02
1.465709999999999980e+02 3.880000000000000000e+02 1.960441741943359375e+02
1.469070000000000107e+02 3.740000000000000000e+02 1.960420684814453125e+02
1.472429999999999950e+02 3.000000000000000000e+02 1.960452117919921875e+02
1.475800000000000125e+02 3.750000000000000000e+02 1.960417785644531250e+02
1.479159999999999968e+02 4.270000000000000000e+02 1.960437164306640625e+02
1.482529999999999859e+02 3.470000000000000000e+02 1.960409393310546875e+02
1.485889999999999986e+02 2.730000000000000000e+02 1.960437164306640625e+02
1.489259999999999877e+02 3.060000000000000000e+02 1.960458831787109375e+02
1.492620000000000005e+02 1.160000000000000000e+02 1.960471801757812500e+02
1.495980000000000132e+02 2.630000000000000000e+02 1.960460052490234375e+02
1.499350000000000023e+02 3.750000000000000000e+02 1.960445861816406250e+02
1.502709999999999866e+02 3.640000000000000000e+02 1.960441894531250000e+02
1.506069999999999993e+02 3.520000000000000000e+02 1.960437011718750000e+02
1.509439999999999884e+02 2.480000000000000000e+02 1.960496215820312500e+02
1.512800000000000011e+02 2.900000000000000000e+02 1.960471343994140625e+02
1.516160000000000139e+02 1.980000000000000000e+02 1.960430145263671875e+02
1.519519999999999982e+02 3.060000000000000000e+02 1.960417480468750000e+02
1.522889999999999873e+02 1.390000000000000000e+02 1.960476837158203125e+02
1.526260000000000048e+02 3.390000000000000000e+02 1.960439147949218750e+02
1.529629999999999939e+02 4.140000000000000000e+02 1.960416107177734375e+02
1.532990000000000066e+02 3.850000000000000000e+02 1.960440216064453125e+02
1.536349999999999909e+02 3.000000000000000000e+02 1.960423126220703125e+02
1.539720000000000084e+02 2.470000000000000000e+02 1.960459289550781250e+02
1.543079999999999927e+02 2.920000000000000000e+02 1.960495147705078125e+02
1.546440000000000055e+02 2.640000000000000000e+02 1.960497283935546875e+02
1.549809999999999945e+02 3.060000000000000000e+02 1.960456237792968750e+02
1.553170000000000073e+02 3.670000000000000000e+02 1.960482330322265625e+02
