5.280309999999999491e+02 5.460000000000000000e+02 1.680413360595703125e+02
5.283669999999999618e+02 6.770000000000000000e+02 1.680470886230468750e+02
5.287029999999999745e+02 5.440000000000000000e+02 1.680446014404296875e+02
5.290399999999999636e+02 5.530000000000000000e+02 1.680436706542968750e+02
5.293759999999999764e+02 3.970000000000000000e+02 1.680436553955078125e+02
5.297119999999999891e+02 3.870000000000000000e+02 1.680462799072265625e+02
5.300489999999999782e+02 6.160000000000000000e+02 1.680447845458984375e+02
5.303849999999999909e+02 4.670000000000000000e+02 1.680445098876953125e+02
5.307219999999999800e+02 6.130000000000000000e+02 1.680435180664062500e+02
5.310579999999999927e+02 4.660000000000000000e+02 1.680455322265625000e+02
5.313949999999999818e+02 4.190000000000000000e+02 1.680424041748046875e+02
5.317309999999999945e+02 4.880000000000000000e+02 1.680444183349609375e+02
5.320670000000000073e+02 6.240000000000000000e+02 1.680444030761718750e+02
5.324039999999999964e+02 4.530000000000000000e+02 1.680447235107421875e+02
5.327400000000000091e+02 4.840000000000000000e+02 1.680441131591796875e+02
5.330760000000000218e+02 4.980000000000000000e+02 1.680466308593750000e+02
5.334120000000000346e+02 6.770000000000000000e+02 1.680440521240234375e+02
5.337490000000000236e+02 5.800000000000000000e+02 1.680457611083984375e+02
5.340850000000000364e+02 6.670000000000000000e+02 1.680423583984375000e+02
5.344210000000000491e+02 5.160000000000000000e+02 1.680454101562500000e+02
5.347580000000000382e+02 4.830000000000000000e+02 1.680417480468750000e+02
5.350940000000000509e+02 3.180000000000000000e+02 1.680452575683593750e+02
5.354299999999999500e+02 3.150000000000000000e+02 1.680449218750000000e+02
5.357670000000000528e+02 2.830000000000000000e+02 1.680438995361328125e+02
5.361040000000000418e+02 1.610000000000000000e+02 1.680441131591796875e+02
5.364410000000000309e+02 1.700000000000000000e+02 1.680412292480468750e+02
5.367770000000000437e+02 1.710000000000000000e+02 1.680444793701171875e+02
5.371130000000000564e+02 1.410000000000000000e+02 1.680467529296875000e+02
5.374500000000000455e+02 2.440000000000000000e+02 1.680390930175781250e+02
5.377859999999999445e+02 2.720000000000000000e+02 1.680400695800781250e+02
5.381219999999999573e+02 1.620000000000000000e+02 1.680397033691406250e+02
5.384579999999999700e+02 1.940000000000000000e+02 1.680435028076171875e+02
5.387949999999999591e+02 1.690000000000000000e+02 1.680445709228515625e+02
5.391309999999999718e+02 3.010000000000000000e+02 1.680415496826171875e+02
5.394669999999999845e+02 1.470000000000000000e+02 1.680461730957031250e+02
5.398039999999999736e+02 2.540000000000000000e+02 1.680487213134765625e+02
5.401399999999999864e+02 3.420000000000000000e+02 1.680462036132812500e+02
5.404769999999999754e+02 3.030000000000000000e+02 1.680459442138671875e+02
5.408129999999999882e+02 2.580000000000000000e+02 1.680508117675781250e+02
5.411499999999999773e+02 2.900000000000000000e+02 1.680426940917968750e+02
5.414859999999999900e+02 3.200000000000000000e+02 1.680473632812500000e+02
5.418229999999999791e+02 4.530000000000000000e+02 1.680441589355468750e+02
5.421589999999999918e+02 4.810000000000000000e+02 1.680435638427734375e+02
5.424950000000000045e+02 5.360000000000000000e+02 1.680426483154296875e+02
5.428319999999999936e+02 6.540000000000000000e+02 1.680452880859375000e+02
5.431680000000000064e+02 5.210000000000000000e+02 1.680422821044921875e+02
5.435040000000000191e+02 2.710000000000000000e+02 1.680439910888671875e+02
5.438410000000000082e+02 3.320000000000000000e+02 1.680455932617187500e+02
5.441770000000000209e+02 3.870000000000000000e+02 1.680425109863281250e+02
5.445130000000000337e+02 3.760000000000000000e+02 1.680398254394531250e+02
5.448490000000000464e+02 3.450000000000000000e+02 1.680445098876953125e+02
5.451860000000000355e+02 4.120000000000000000e+02 1.680474243164062500e+02
5.455220000000000482e+02 3.560000000000000000e+02 1.680463562011718750e+02
5.458579999999999472e+02 3.680000000000000000e+02 1.680485076904296875e+02
5.461960000000000264e+02 3.940000000000000000e+02 1.680436553955078125e+02
5.465320000000000391e+02 4.860000000000000000e+02 1.680415802001953125e+02
5.468690000000000282e+02 5.460000000000000000e+02 1.680433197021484375e+02
5.472050000000000409e+02 5.020000000000000000e+02 1.680451965332031250e+02
5.475410000000000537e+02 4.090000000000000000e+02 1.680442657470703125e+02
5.478780000000000427e+02 4.450000000000000000e+02 1.680452575683593750e+02
5.482140000000000555e+02 5.420000000000000000e+02 1.680429534912109375e+02
5.485499999999999545e+02 4.060000000000000000e+02 1.680477447509765625e+02
5.488869999999999436e+02 2.790000000000000000e+02 1.680443267822265625e+02
5.492229999999999563e+02 5.290000000000000000e+02 1.680407867431640625e+02
5.495589999999999691e+02 4.270000000000000000e+02 1.680431976318359375e+02
5.498959999999999582e+02 5.300000000000000000e+02 1.680440979003906250e+02
5.502319999999999709e+02 3.730000000000000000e+02 1.680428924560546875e+02
5.505679999999999836e+02 4.880000000000000000e+02 1.680438995361328125e+02
5.509039999999999964e+02 4.420000000000000000e+02 1.680462951660156250e+02
5.512409999999999854e+02 4.600000000000000000e+02 1.680432281494140625e+02
5.515769999999999982e+02 4.850000000000000000e+02 1.680464172363281250e+02
5.519130000000000109e+02 5.550000000000000000e+02 1.680455017089843750e+02
5.522500000000000000e+02 4.870000000000000000e+02 1.680436706542968750e+02
5.525860000000000127e+02 5.070000000000000000e+02 1.680429382324218750e+02
5.529220000000000255e+02 3.440000000000000000e+02 1.680474243164062500e+02
5.532590000000000146e+02 4.990000000000000000e+02 1.680417633056640625e+02
5.535950000000000273e+02 4.880000000000000000e+02 1.680424804687500000e+02
5.539320000000000164e+02 5.950000000000000000e+02 1.680440826416015625e+02
5.542690000000000055e+02 3.000000000000000000e+02 1.680434875488281250e+02
5.546050000000000182e+02 4.050000000000000000e+02 1.680435485839843750e+02
5.549410000000000309e+02 6.040000000000000000e+02 1.680440979003906250e+02
5.552780000000000200e+02 5.710000000000000000e+02 1.680426483154296875e+02
5.556140000000000327e+02 3.800000000000000000e+02 1.680476531982421875e+02
5.559510000000000218e+02 3.000000000000000000e+02 1.680462036132812500e+02
5.562889999999999873e+02 4.980000000000000000e+02 1.680461883544921875e+02
5.566250000000000000e+02 4.640000000000000000e+02 1.680445556640625000e+02
5.569619999999999891e+02 5.680000000000000000e+02 1.680441284179687500e+02
5.572980000000000018e+02 4.680000000000000000e+02 1.680473022460937500e+02
