1.818919999999999959e+02 4.500000000000000000e+01 6.122695312500000000e+02
1.822280000000000086e+02 9.900000000000000000e+01 6.122521972656250000e+02
1.825639999999999930e+02 9.000000000000000000e+01 6.122542114257812500e+02
1.829019999999999868e+02 1.640000000000000000e+02 6.122688598632812500e+02
1.832379999999999995e+02 1.800000000000000000e+02 6.122494506835937500e+02
1.835749999999999886e+02 2.230000000000000000e+02 6.122653198242187500e+02
1.839110000000000014e+02 1.960000000000000000e+02 6.122540283203125000e+02
1.842470000000000141e+02 2.270000000000000000e+02 6.122477416992187500e+02
1.845840000000000032e+02 1.660000000000000000e+02 6.122607421875000000e+02
1.849199999999999875e+02 2.010000000000000000e+02 6.122507934570312500e+02
1.852560000000000002e+02 2.280000000000000000e+02 6.122564697265625000e+02
1.855920000000000130e+02 3.850000000000000000e+02 6.122590942382812500e+02
1.859290000000000020e+02 4.890000000000000000e+02 6.122607421875000000e+02
1.862649999999999864e+02 5.740000000000000000e+02 6.122524414062500000e+02
1.866009999999999991e+02 5.140000000000000000e+02 6.122670898437500000e+02
1.869379999999999882e+02 5.060000000000000000e+02 6.122667236328125000e+02
1.872740000000000009e+02 6.330000000000000000e+02 6.122618408203125000e+02
1.876100000000000136e+02 5.090000000000000000e+02 6.122568969726562500e+02
1.879470000000000027e+02 4.060000000000000000e+02 6.122602539062500000e+02
1.882829999999999870e+02 2.170000000000000000e+02 6.122645263671875000e+02
1.886189999999999998e+02 1.270000000000000000e+02 6.122554931640625000e+02
