2.935720000000000027e+02 1.370000000000000000e+02 3.351701049804687500e+02
2.939100000000000250e+02 1.740000000000000000e+02 3.351731872558593750e+02
2.942470000000000141e+02 1.820000000000000000e+02 3.351779174804687500e+02
2.945830000000000268e+02 2.170000000000000000e+02 3.351710815429687500e+02
2.949189999999999827e+02 2.710000000000000000e+02 3.351741333007812500e+02
2.952549999999999955e+02 2.350000000000000000e+02 3.351596374511718750e+02
2.955919999999999845e+02 3.490000000000000000e+02 3.351608886718750000e+02
2.959279999999999973e+02 4.190000000000000000e+02 3.351578979492187500e+02
2.962649999999999864e+02 5.080000000000000000e+02 3.351605529785156250e+02
2.966009999999999991e+02 6.130000000000000000e+02 3.351577148437500000e+02
2.969370000000000118e+02 5.710000000000000000e+02 3.351614685058593750e+02
2.972730000000000246e+02 5.650000000000000000e+02 3.351662597656250000e+02
2.976100000000000136e+02 4.640000000000000000e+02 3.351594848632812500e+02
2.979460000000000264e+02 3.770000000000000000e+02 3.351590270996093750e+02
2.982819999999999823e+02 2.970000000000000000e+02 3.351561279296875000e+02
2.986190000000000282e+02 1.860000000000000000e+02 3.351651000976562500e+02
2.989549999999999841e+02 1.170000000000000000e+02 3.351767883300781250e+02
2.992909999999999968e+02 2.230000000000000000e+02 3.351736755371093750e+02
2.996279999999999859e+02 2.270000000000000000e+02 3.351674499511718750e+02
2.999639999999999986e+02 1.340000000000000000e+02 3.351700744628906250e+02
3.003000000000000114e+02 1.790000000000000000e+02 3.351578674316406250e+02
3.006360000000000241e+02 2.250000000000000000e+02 3.351656494140625000e+02
3.009739999999999895e+02 1.920000000000000000e+02 3.351661987304687500e+02
3.013100000000000023e+02 1.520000000000000000e+02 3.351528015136718750e+02
3.016460000000000150e+02 2.370000000000000000e+02 3.351674499511718750e+02
3.019830000000000041e+02 2.250000000000000000e+02 3.351769104003906250e+02
3.023190000000000168e+02 1.410000000000000000e+02 3.351547546386718750e+02
3.026549999999999727e+02 1.680000000000000000e+02 3.351643676757812500e+02
