9.491760000000000446e+02 2.960000000000000000e+02 5.765034790039062500e+02
9.495119999999999436e+02 3.810000000000000000e+02 5.765067138671875000e+02
9.498540000000000418e+02 3.560000000000000000e+02 5.764978637695312500e+02
9.501900000000000546e+02 3.780000000000000000e+02 5.765058593750000000e+02
9.505259999999999536e+02 2.990000000000000000e+02 5.764993286132812500e+02
9.508619999999999663e+02 2.380000000000000000e+02 5.765085449218750000e+02
9.511979999999999791e+02 2.820000000000000000e+02 5.764899291992187500e+02
9.515339999999999918e+02 4.250000000000000000e+02 5.765045776367187500e+02
9.518700000000000045e+02 5.020000000000000000e+02 5.764932250976562500e+02
9.522060000000000173e+02 4.010000000000000000e+02 5.764956054687500000e+02
9.525420000000000300e+02 3.610000000000000000e+02 5.764959716796875000e+02
9.528780000000000427e+02 4.450000000000000000e+02 5.764931640625000000e+02
9.532140000000000555e+02 3.440000000000000000e+02 5.765071411132812500e+02
9.535499999999999545e+02 4.810000000000000000e+02 5.765007324218750000e+02
9.538859999999999673e+02 4.530000000000000000e+02 5.765057983398437500e+02
9.542219999999999800e+02 3.710000000000000000e+02 5.765033569335937500e+02
9.545579999999999927e+02 3.800000000000000000e+02 5.765023803710937500e+02
9.548940000000000055e+02 3.590000000000000000e+02 5.765057983398437500e+02
9.552300000000000182e+02 4.380000000000000000e+02 5.765104370117187500e+02
9.555660000000000309e+02 3.630000000000000000e+02 5.764997558593750000e+02
9.559020000000000437e+02 3.680000000000000000e+02 5.765036621093750000e+02
9.562440000000000282e+02 4.710000000000000000e+02 5.764964599609375000e+02
9.565800000000000409e+02 2.970000000000000000e+02 5.764887695312500000e+02
9.569160000000000537e+02 4.250000000000000000e+02 5.764920043945312500e+02
9.572519999999999527e+02 3.820000000000000000e+02 5.765001220703125000e+02
9.575879999999999654e+02 3.810000000000000000e+02 5.764971923828125000e+02
9.579239999999999782e+02 3.740000000000000000e+02 5.765079956054687500e+02
9.582599999999999909e+02 3.420000000000000000e+02 5.765057983398437500e+02
9.585960000000000036e+02 2.570000000000000000e+02 5.765059204101562500e+02
9.589320000000000164e+02 4.080000000000000000e+02 5.764984741210937500e+02
9.592680000000000291e+02 3.080000000000000000e+02 5.765109863281250000e+02
9.596040000000000418e+02 3.780000000000000000e+02 5.764952392578125000e+02
9.599400000000000546e+02 3.210000000000000000e+02 5.765073242187500000e+02
9.602759999999999536e+02 3.930000000000000000e+02 5.765068969726562500e+02
9.606119999999999663e+02 3.540000000000000000e+02 5.765074462890625000e+02
9.609539999999999509e+02 2.640000000000000000e+02 5.765011596679687500e+02
9.612899999999999636e+02 5.790000000000000000e+02 5.764982299804687500e+02
9.616200000000000045e+02 3.910000000000000000e+02 5.764962768554687500e+02
9.619619999999999891e+02 3.490000000000000000e+02 5.765068359375000000e+02
9.622980000000000018e+02 4.040000000000000000e+02 5.765009155273437500e+02
9.626340000000000146e+02 3.180000000000000000e+02 5.765075073242187500e+02
9.629700000000000273e+02 5.470000000000000000e+02 5.764934082031250000e+02
9.633060000000000400e+02 5.100000000000000000e+02 5.765047607421875000e+02
9.636420000000000528e+02 4.000000000000000000e+02 5.765012207031250000e+02
9.639779999999999518e+02 5.680000000000000000e+02 5.765030517578125000e+02
9.643139999999999645e+02 4.960000000000000000e+02 5.764988403320312500e+02
9.646499999999999773e+02 5.060000000000000000e+02 5.764951782226562500e+02
9.649859999999999900e+02 4.190000000000000000e+02 5.765014038085937500e+02
9.653220000000000027e+02 4.450000000000000000e+02 5.764973144531250000e+02
9.656580000000000155e+02 5.640000000000000000e+02 5.764992065429687500e+02
9.660000000000000000e+02 6.100000000000000000e+02 5.764981079101562500e+02
9.663360000000000127e+02 4.390000000000000000e+02 5.764973754882812500e+02
9.666660000000000537e+02 3.670000000000000000e+02 5.765000000000000000e+02
9.670080000000000382e+02 6.090000000000000000e+02 5.765041503906250000e+02
9.673440000000000509e+02 4.910000000000000000e+02 5.765064086914062500e+02
9.676799999999999500e+02 4.880000000000000000e+02 5.765026855468750000e+02
9.680159999999999627e+02 6.510000000000000000e+02 5.765055541992187500e+02
9.683519999999999754e+02 3.840000000000000000e+02 5.764970092773437500e+02
9.686879999999999882e+02 2.570000000000000000e+02 5.765069580078125000e+02
9.690240000000000009e+02 6.000000000000000000e+02 5.765058593750000000e+02
9.693600000000000136e+02 5.600000000000000000e+02 5.764997558593750000e+02
9.696960000000000264e+02 5.280000000000000000e+02 5.765040283203125000e+02
9.700320000000000391e+02 6.190000000000000000e+02 5.764933471679687500e+02
9.703680000000000518e+02 6.200000000000000000e+02 5.764978637695312500e+02
