2.710350000000000250e+02 3.060000000000000000e+02 6.091816406250000000e+02
2.713709999999999809e+02 4.390000000000000000e+02 6.091685791015625000e+02
2.717080000000000268e+02 3.620000000000000000e+02 6.091698608398437500e+02
2.720439999999999827e+02 4.650000000000000000e+02 6.091614379882812500e+02
2.723799999999999955e+02 3.050000000000000000e+02 6.091752929687500000e+02
2.727169999999999845e+02 5.570000000000000000e+02 6.091760253906250000e+02
2.730529999999999973e+02 3.240000000000000000e+02 6.091826171875000000e+02
2.733890000000000100e+02 2.900000000000000000e+02 6.091810302734375000e+02
2.737269999999999754e+02 2.970000000000000000e+02 6.091835937500000000e+02
2.740640000000000214e+02 1.610000000000000000e+02 6.091719970703125000e+02
