5.270220000000000482e+02 6.100000000000000000e+01 2.450790557861328125e+02
5.273579999999999472e+02 6.900000000000000000e+01 2.450891113281250000e+02
5.276939999999999600e+02 7.500000000000000000e+01 2.450736541748046875e+02
5.280309999999999491e+02 1.940000000000000000e+02 2.450822296142578125e+02
5.283669999999999618e+02 2.980000000000000000e+02 2.450785522460937500e+02
5.287029999999999745e+02 3.880000000000000000e+02 2.450771331787109375e+02
5.290399999999999636e+02 3.530000000000000000e+02 2.450798950195312500e+02
5.293759999999999764e+02 5.020000000000000000e+02 2.450760498046875000e+02
5.297119999999999891e+02 5.470000000000000000e+02 2.450786590576171875e+02
5.300489999999999782e+02 4.360000000000000000e+02 2.450773620605468750e+02
5.303849999999999909e+02 4.030000000000000000e+02 2.450800323486328125e+02
5.307219999999999800e+02 3.050000000000000000e+02 2.450788726806640625e+02
5.310579999999999927e+02 4.890000000000000000e+02 2.450728759765625000e+02
5.313949999999999818e+02 2.920000000000000000e+02 2.450754241943359375e+02
5.317309999999999945e+02 2.080000000000000000e+02 2.450793609619140625e+02
5.320670000000000073e+02 1.490000000000000000e+02 2.450780181884765625e+02
