9.848339999999999463e+02 1.978000000000000000e+03 7.585636596679687500e+02
9.851699999999999591e+02 1.980000000000000000e+03 7.585626220703125000e+02
9.855059999999999718e+02 2.016000000000000000e+03 7.585596313476562500e+02
9.858419999999999845e+02 1.920000000000000000e+03 7.585667724609375000e+02
9.861779999999999973e+02 2.240000000000000000e+03 7.585701904296875000e+02
9.865140000000000100e+02 1.871000000000000000e+03 7.585676879882812500e+02
9.868500000000000227e+02 2.391000000000000000e+03 7.585670166015625000e+02
9.871860000000000355e+02 2.147000000000000000e+03 7.585659179687500000e+02
9.875220000000000482e+02 2.063000000000000000e+03 7.585642089843750000e+02
9.878579999999999472e+02 2.442000000000000000e+03 7.585648193359375000e+02
9.881939999999999600e+02 2.457000000000000000e+03 7.585664062500000000e+02
9.885299999999999727e+02 2.534000000000000000e+03 7.585660400390625000e+02
9.888719999999999573e+02 2.591000000000000000e+03 7.585675659179687500e+02
9.892079999999999700e+02 2.672000000000000000e+03 7.585620727539062500e+02
9.895439999999999827e+02 2.928000000000000000e+03 7.585667114257812500e+02
9.898799999999999955e+02 2.669000000000000000e+03 7.585700073242187500e+02
9.902160000000000082e+02 2.839000000000000000e+03 7.585706787109375000e+02
9.905520000000000209e+02 3.094000000000000000e+03 7.585648193359375000e+02
9.908880000000000337e+02 3.030000000000000000e+03 7.585662841796875000e+02
9.912240000000000464e+02 3.044000000000000000e+03 7.585657348632812500e+02
9.915599999999999454e+02 3.235000000000000000e+03 7.585697021484375000e+02
9.918959999999999582e+02 3.355000000000000000e+03 7.585643310546875000e+02
9.922319999999999709e+02 3.495000000000000000e+03 7.585677490234375000e+02
9.925679999999999836e+02 3.666000000000000000e+03 7.585668334960937500e+02
9.929039999999999964e+02 3.561000000000000000e+03 7.585637817382812500e+02
9.932400000000000091e+02 3.651000000000000000e+03 7.585639038085937500e+02
9.935760000000000218e+02 4.209000000000000000e+03 7.585617065429687500e+02
9.939180000000000064e+02 4.310000000000000000e+03 7.585598754882812500e+02
9.942540000000000191e+02 4.242000000000000000e+03 7.585667114257812500e+02
9.945900000000000318e+02 3.948000000000000000e+03 7.585647583007812500e+02
9.949260000000000446e+02 4.286000000000000000e+03 7.585647583007812500e+02
9.952619999999999436e+02 4.190000000000000000e+03 7.585635986328125000e+02
9.955979999999999563e+02 4.827000000000000000e+03 7.585657348632812500e+02
9.959339999999999691e+02 4.460000000000000000e+03 7.585670166015625000e+02
9.962699999999999818e+02 4.548000000000000000e+03 7.585604248046875000e+02
9.966059999999999945e+02 4.571000000000000000e+03 7.585645141601562500e+02
9.969420000000000073e+02 4.579000000000000000e+03 7.585648803710937500e+02
9.972780000000000200e+02 5.321000000000000000e+03 7.585628051757812500e+02
9.976140000000000327e+02 5.502000000000000000e+03 7.585644531250000000e+02
9.979500000000000455e+02 5.150000000000000000e+03 7.585654907226562500e+02
9.982859999999999445e+02 5.707000000000000000e+03 7.585629272460937500e+02
9.986219999999999573e+02 5.565000000000000000e+03 7.585620117187500000e+02
9.989579999999999700e+02 5.145000000000000000e+03 7.585604858398437500e+02
9.992939999999999827e+02 5.262000000000000000e+03 7.585644531250000000e+02
9.996299999999999955e+02 5.865000000000000000e+03 7.585632324218750000e+02
9.999719999999999800e+02 5.485000000000000000e+03 7.585637817382812500e+02
