8.570099999999999909e+02 2.710000000000000000e+02 7.165087890625000000e+02
8.573460000000000036e+02 4.330000000000000000e+02 7.165055541992187500e+02
8.576820000000000164e+02 3.570000000000000000e+02 7.165129394531250000e+02
8.580180000000000291e+02 4.480000000000000000e+02 7.165189819335937500e+02
8.583540000000000418e+02 4.110000000000000000e+02 7.165112915039062500e+02
8.586900000000000546e+02 3.920000000000000000e+02 7.164998779296875000e+02
8.590259999999999536e+02 2.640000000000000000e+02 7.165127563476562500e+02
8.593619999999999663e+02 3.450000000000000000e+02 7.165147705078125000e+02
8.596979999999999791e+02 3.680000000000000000e+02 7.165188598632812500e+02
8.600339999999999918e+02 2.850000000000000000e+02 7.165187377929687500e+02
8.603700000000000045e+02 2.880000000000000000e+02 7.165130615234375000e+02
8.607060000000000173e+02 2.810000000000000000e+02 7.165082397460937500e+02
8.610420000000000300e+02 3.170000000000000000e+02 7.165151367187500000e+02
8.613780000000000427e+02 3.060000000000000000e+02 7.165201416015625000e+02
8.617200000000000273e+02 3.760000000000000000e+02 7.165240478515625000e+02
8.620560000000000400e+02 3.990000000000000000e+02 7.165123291015625000e+02
8.623920000000000528e+02 3.740000000000000000e+02 7.165103759765625000e+02
8.627279999999999518e+02 3.500000000000000000e+02 7.165106201171875000e+02
8.630639999999999645e+02 3.190000000000000000e+02 7.165107421875000000e+02
8.633999999999999773e+02 3.440000000000000000e+02 7.165098266601562500e+02
8.637359999999999900e+02 4.020000000000000000e+02 7.165264892578125000e+02
8.640720000000000027e+02 4.960000000000000000e+02 7.165075073242187500e+02
8.644080000000000155e+02 2.480000000000000000e+02 7.165153808593750000e+02
8.647440000000000282e+02 2.760000000000000000e+02 7.165294799804687500e+02
8.650800000000000409e+02 4.060000000000000000e+02 7.165115966796875000e+02
8.654160000000000537e+02 3.500000000000000000e+02 7.165187988281250000e+02
8.657519999999999527e+02 4.230000000000000000e+02 7.165187988281250000e+02
8.660879999999999654e+02 3.230000000000000000e+02 7.164961547851562500e+02
8.664239999999999782e+02 2.350000000000000000e+02 7.165202636718750000e+02
8.667599999999999909e+02 2.260000000000000000e+02 7.165287475585937500e+02
8.670960000000000036e+02 3.370000000000000000e+02 7.165122680664062500e+02
8.674320000000000164e+02 3.140000000000000000e+02 7.164986572265625000e+02
8.677680000000000291e+02 3.770000000000000000e+02 7.165165405273437500e+02
8.681040000000000418e+02 2.960000000000000000e+02 7.165128784179687500e+02
8.684460000000000264e+02 3.600000000000000000e+02 7.165135498046875000e+02
8.687759999999999536e+02 3.980000000000000000e+02 7.165035400390625000e+02
8.691180000000000518e+02 2.910000000000000000e+02 7.165184936523437500e+02
8.694539999999999509e+02 3.510000000000000000e+02 7.165093383789062500e+02
8.697899999999999636e+02 2.740000000000000000e+02 7.165090942382812500e+02
8.701259999999999764e+02 2.490000000000000000e+02 7.165172729492187500e+02
8.704619999999999891e+02 3.240000000000000000e+02 7.165019531250000000e+02
8.707980000000000018e+02 3.370000000000000000e+02 7.165228271484375000e+02
8.711340000000000146e+02 3.050000000000000000e+02 7.165213012695312500e+02
8.714700000000000273e+02 3.150000000000000000e+02 7.165140991210937500e+02
8.718060000000000400e+02 4.880000000000000000e+02 7.165159912109375000e+02
8.721480000000000246e+02 3.560000000000000000e+02 7.165036010742187500e+02
8.724840000000000373e+02 3.890000000000000000e+02 7.165044555664062500e+02
8.728200000000000500e+02 3.330000000000000000e+02 7.165104980468750000e+02
8.731559999999999491e+02 2.590000000000000000e+02 7.165154418945312500e+02
8.734919999999999618e+02 3.350000000000000000e+02 7.165145874023437500e+02
8.738279999999999745e+02 3.510000000000000000e+02 7.165161743164062500e+02
8.741639999999999873e+02 3.550000000000000000e+02 7.165170288085937500e+02
8.745000000000000000e+02 4.490000000000000000e+02 7.165183715820312500e+02
8.748360000000000127e+02 2.960000000000000000e+02 7.165107421875000000e+02
8.751720000000000255e+02 3.890000000000000000e+02 7.165023803710937500e+02
8.755080000000000382e+02 4.110000000000000000e+02 7.165167236328125000e+02
8.758440000000000509e+02 4.540000000000000000e+02 7.165142211914062500e+02
8.761799999999999500e+02 3.430000000000000000e+02 7.165104370117187500e+02
8.765159999999999627e+02 3.540000000000000000e+02 7.165143432617187500e+02
8.768519999999999754e+02 2.840000000000000000e+02 7.165028076171875000e+02
8.771879999999999882e+02 3.010000000000000000e+02 7.165166015625000000e+02
8.775240000000000009e+02 3.570000000000000000e+02 7.165134887695312500e+02
8.778600000000000136e+02 2.890000000000000000e+02 7.165213623046875000e+02
8.781960000000000264e+02 3.890000000000000000e+02 7.165162963867187500e+02
8.785320000000000391e+02 4.050000000000000000e+02 7.165162353515625000e+02
8.788740000000000236e+02 3.210000000000000000e+02 7.165182495117187500e+02
8.792100000000000364e+02 3.890000000000000000e+02 7.165139770507812500e+02
8.795460000000000491e+02 3.340000000000000000e+02 7.165109863281250000e+02
8.798819999999999482e+02 2.170000000000000000e+02 7.165084228515625000e+02
8.802179999999999609e+02 3.380000000000000000e+02 7.165185546875000000e+02
8.805539999999999736e+02 3.820000000000000000e+02 7.165116577148437500e+02
8.808899999999999864e+02 3.930000000000000000e+02 7.165135498046875000e+02
8.812259999999999991e+02 2.870000000000000000e+02 7.165073852539062500e+02
8.815620000000000118e+02 4.150000000000000000e+02 7.165214843750000000e+02
8.818980000000000246e+02 2.940000000000000000e+02 7.165189208984375000e+02
8.822340000000000373e+02 4.530000000000000000e+02 7.165100708007812500e+02
8.825700000000000500e+02 3.470000000000000000e+02 7.165151367187500000e+02
8.829059999999999491e+02 4.720000000000000000e+02 7.165123291015625000e+02
8.832419999999999618e+02 3.940000000000000000e+02 7.165140380859375000e+02
8.835839999999999463e+02 3.210000000000000000e+02 7.165161132812500000e+02
8.839139999999999873e+02 4.620000000000000000e+02 7.165123291015625000e+02
8.842559999999999718e+02 3.390000000000000000e+02 7.165191040039062500e+02
8.845919999999999845e+02 3.300000000000000000e+02 7.165162353515625000e+02
8.849279999999999973e+02 3.090000000000000000e+02 7.165117797851562500e+02
8.852640000000000100e+02 2.960000000000000000e+02 7.165147094726562500e+02
8.856000000000000227e+02 3.740000000000000000e+02 7.165097045898437500e+02
8.859360000000000355e+02 4.130000000000000000e+02 7.165010375976562500e+02
8.862720000000000482e+02 4.550000000000000000e+02 7.165044555664062500e+02
