1.600260000000000105e+02 5.700000000000000000e+01 3.910964660644531250e+02
1.603629999999999995e+02 7.400000000000000000e+01 3.910797424316406250e+02
1.606990000000000123e+02 1.750000000000000000e+02 3.910941772460937500e+02
1.610349999999999966e+02 4.300000000000000000e+02 3.910914306640625000e+02
1.613710000000000093e+02 8.480000000000000000e+02 3.910898437500000000e+02
1.617079999999999984e+02 1.237000000000000000e+03 3.910937500000000000e+02
1.620440000000000111e+02 2.003000000000000000e+03 3.910915222167968750e+02
1.623799999999999955e+02 2.414000000000000000e+03 3.910921020507812500e+02
1.627179999999999893e+02 3.213000000000000000e+03 3.910909118652343750e+02
1.630550000000000068e+02 3.482000000000000000e+03 3.910920104980468750e+02
1.633909999999999911e+02 3.826000000000000000e+03 3.910914306640625000e+02
1.637270000000000039e+02 4.271000000000000000e+03 3.910911560058593750e+02
1.640639999999999930e+02 4.273000000000000000e+03 3.910892028808593750e+02
1.644010000000000105e+02 4.881000000000000000e+03 3.910902709960937500e+02
1.647369999999999948e+02 4.693000000000000000e+03 3.910920104980468750e+02
1.650730000000000075e+02 4.737000000000000000e+03 3.910893249511718750e+02
1.654089999999999918e+02 4.743000000000000000e+03 3.910898437500000000e+02
1.657460000000000093e+02 4.611000000000000000e+03 3.910903320312500000e+02
1.660819999999999936e+02 4.107000000000000000e+03 3.910904541015625000e+02
1.664180000000000064e+02 4.673000000000000000e+03 3.910919494628906250e+02
1.667549999999999955e+02 4.673000000000000000e+03 3.910908508300781250e+02
1.670910000000000082e+02 4.948000000000000000e+03 3.910913696289062500e+02
1.674269999999999925e+02 4.959000000000000000e+03 3.910912170410156250e+02
1.677640000000000100e+02 5.314000000000000000e+03 3.910911560058593750e+02
1.680999999999999943e+02 4.843000000000000000e+03 3.910913391113281250e+02
1.684360000000000070e+02 4.262000000000000000e+03 3.910919494628906250e+02
1.687719999999999914e+02 4.711000000000000000e+03 3.910895996093750000e+02
1.691090000000000089e+02 4.071000000000000000e+03 3.910906677246093750e+02
1.694449999999999932e+02 3.944000000000000000e+03 3.910906677246093750e+02
1.697810000000000059e+02 4.050000000000000000e+03 3.910904846191406250e+02
1.701179999999999950e+02 3.699000000000000000e+03 3.910931396484375000e+02
1.704540000000000077e+02 3.483000000000000000e+03 3.910924072265625000e+02
1.707899999999999920e+02 3.375000000000000000e+03 3.910885009765625000e+02
1.711270000000000095e+02 3.001000000000000000e+03 3.910902709960937500e+02
1.714629999999999939e+02 3.123000000000000000e+03 3.910908203125000000e+02
1.717990000000000066e+02 2.699000000000000000e+03 3.910895996093750000e+02
1.721349999999999909e+02 2.332000000000000000e+03 3.910928955078125000e+02
1.724720000000000084e+02 2.187000000000000000e+03 3.910915832519531250e+02
1.728110000000000070e+02 1.667000000000000000e+03 3.910899658203125000e+02
1.731469999999999914e+02 1.521000000000000000e+03 3.910914001464843750e+02
1.734830000000000041e+02 1.133000000000000000e+03 3.910914306640625000e+02
1.738199999999999932e+02 8.710000000000000000e+02 3.910900268554687500e+02
1.741560000000000059e+02 8.910000000000000000e+02 3.910903015136718750e+02
1.744919999999999902e+02 7.220000000000000000e+02 3.910947875976562500e+02
1.748290000000000077e+02 6.640000000000000000e+02 3.910957946777343750e+02
1.751649999999999920e+02 6.190000000000000000e+02 3.910895080566406250e+02
1.755010000000000048e+02 6.300000000000000000e+02 3.910903625488281250e+02
1.758379999999999939e+02 4.060000000000000000e+02 3.910932617187500000e+02
1.761740000000000066e+02 5.200000000000000000e+02 3.910933227539062500e+02
1.765099999999999909e+02 3.350000000000000000e+02 3.910956420898437500e+02
1.768460000000000036e+02 5.080000000000000000e+02 3.910887145996093750e+02
1.771829999999999927e+02 4.310000000000000000e+02 3.910913696289062500e+02
1.775190000000000055e+02 4.740000000000000000e+02 3.910914306640625000e+02
1.778549999999999898e+02 4.960000000000000000e+02 3.910904235839843750e+02
1.781920000000000073e+02 3.600000000000000000e+02 3.910883789062500000e+02
1.785279999999999916e+02 4.120000000000000000e+02 3.910885925292968750e+02
1.788640000000000043e+02 4.040000000000000000e+02 3.910984497070312500e+02
1.792009999999999934e+02 2.980000000000000000e+02 3.910995483398437500e+02
1.795370000000000061e+02 2.460000000000000000e+02 3.910913696289062500e+02
1.798739999999999952e+02 3.240000000000000000e+02 3.910979614257812500e+02
1.802100000000000080e+02 2.970000000000000000e+02 3.910924377441406250e+02
1.805459999999999923e+02 2.610000000000000000e+02 3.910932922363281250e+02
1.808830000000000098e+02 2.920000000000000000e+02 3.910991821289062500e+02
1.812189999999999941e+02 3.560000000000000000e+02 3.910971984863281250e+02
1.815550000000000068e+02 3.000000000000000000e+02 3.910926818847656250e+02
1.818919999999999959e+02 3.040000000000000000e+02 3.910873718261718750e+02
1.822280000000000086e+02 3.920000000000000000e+02 3.910894775390625000e+02
