6.191879999999999882e+02 2.860000000000000000e+02 5.413064575195312500e+02
6.195299999999999727e+02 3.350000000000000000e+02 5.412982788085937500e+02
6.198659999999999854e+02 4.960000000000000000e+02 5.413006591796875000e+02
6.202019999999999982e+02 5.160000000000000000e+02 5.412991943359375000e+02
6.205380000000000109e+02 4.010000000000000000e+02 5.412962646484375000e+02
6.208740000000000236e+02 4.540000000000000000e+02 5.413013305664062500e+02
6.212100000000000364e+02 3.670000000000000000e+02 5.412985839843750000e+02
6.215460000000000491e+02 2.980000000000000000e+02 5.412974853515625000e+02
6.218819999999999482e+02 2.730000000000000000e+02 5.413104858398437500e+02
6.222179999999999609e+02 1.900000000000000000e+02 5.412931518554687500e+02
6.225539999999999736e+02 1.200000000000000000e+02 5.413027343750000000e+02
