1.684360000000000070e+02 3.550000000000000000e+02 4.460342407226562500e+02
1.687719999999999914e+02 3.180000000000000000e+02 4.460252990722656250e+02
1.691090000000000089e+02 3.890000000000000000e+02 4.460231018066406250e+02
1.694449999999999932e+02 2.450000000000000000e+02 4.460314636230468750e+02
1.697810000000000059e+02 3.660000000000000000e+02 4.460292053222656250e+02
1.701179999999999950e+02 3.350000000000000000e+02 4.460280456542968750e+02
1.704540000000000077e+02 4.270000000000000000e+02 4.460292968750000000e+02
1.707899999999999920e+02 5.320000000000000000e+02 4.460213317871093750e+02
1.711270000000000095e+02 5.540000000000000000e+02 4.460189819335937500e+02
1.714629999999999939e+02 3.960000000000000000e+02 4.460112609863281250e+02
1.717990000000000066e+02 4.410000000000000000e+02 4.460269470214843750e+02
1.721349999999999909e+02 3.140000000000000000e+02 4.460289001464843750e+02
1.724720000000000084e+02 4.610000000000000000e+02 4.460176696777343750e+02
1.728110000000000070e+02 3.220000000000000000e+02 4.460128479003906250e+02
1.731469999999999914e+02 2.950000000000000000e+02 4.460249938964843750e+02
1.734830000000000041e+02 4.060000000000000000e+02 4.460227966308593750e+02
1.738199999999999932e+02 4.020000000000000000e+02 4.460308837890625000e+02
1.741560000000000059e+02 3.910000000000000000e+02 4.460211181640625000e+02
1.744919999999999902e+02 3.130000000000000000e+02 4.460219726562500000e+02
1.748290000000000077e+02 4.170000000000000000e+02 4.460162963867187500e+02
1.751649999999999920e+02 3.190000000000000000e+02 4.460210266113281250e+02
1.755010000000000048e+02 2.980000000000000000e+02 4.460287780761718750e+02
1.758379999999999939e+02 2.730000000000000000e+02 4.460281066894531250e+02
1.761740000000000066e+02 3.990000000000000000e+02 4.460216369628906250e+02
1.765099999999999909e+02 3.790000000000000000e+02 4.460200195312500000e+02
1.768460000000000036e+02 2.410000000000000000e+02 4.460202941894531250e+02
1.771829999999999927e+02 2.300000000000000000e+02 4.460255126953125000e+02
1.775190000000000055e+02 3.360000000000000000e+02 4.460199584960937500e+02
1.778549999999999898e+02 2.030000000000000000e+02 4.460262451171875000e+02
1.781920000000000073e+02 2.560000000000000000e+02 4.460246887207031250e+02
1.785279999999999916e+02 1.450000000000000000e+02 4.460318603515625000e+02
1.788640000000000043e+02 1.800000000000000000e+02 4.460293884277343750e+02
1.792009999999999934e+02 9.900000000000000000e+01 4.460243530273437500e+02
1.795370000000000061e+02 2.080000000000000000e+02 4.460308227539062500e+02
1.798739999999999952e+02 9.700000000000000000e+01 4.460262145996093750e+02
1.802100000000000080e+02 1.280000000000000000e+02 4.460335388183593750e+02
1.805459999999999923e+02 5.500000000000000000e+01 4.460312500000000000e+02
1.808830000000000098e+02 1.140000000000000000e+02 4.460340576171875000e+02
1.812189999999999941e+02 1.740000000000000000e+02 4.460263061523437500e+02
1.815550000000000068e+02 1.160000000000000000e+02 4.460136718750000000e+02
1.818919999999999959e+02 1.350000000000000000e+02 4.460302429199218750e+02
1.822280000000000086e+02 6.100000000000000000e+01 4.460283508300781250e+02
1.825639999999999930e+02 7.900000000000000000e+01 4.460299377441406250e+02
