2.532069999999999936e+02 2.040000000000000000e+02 6.881842041015625000e+02
2.535449999999999875e+02 2.590000000000000000e+02 6.881783447265625000e+02
2.538810000000000002e+02 2.850000000000000000e+02 6.881950683593750000e+02
2.542170000000000130e+02 3.070000000000000000e+02 6.881906738281250000e+02
2.545540000000000020e+02 2.610000000000000000e+02 6.881929931640625000e+02
2.548899999999999864e+02 3.620000000000000000e+02 6.881847534179687500e+02
2.552259999999999991e+02 2.780000000000000000e+02 6.881793212890625000e+02
2.555629999999999882e+02 2.150000000000000000e+02 6.881885986328125000e+02
2.558990000000000009e+02 3.240000000000000000e+02 6.881779785156250000e+02
2.562350000000000136e+02 4.090000000000000000e+02 6.881890258789062500e+02
2.565720000000000027e+02 3.570000000000000000e+02 6.881771850585937500e+02
2.569080000000000155e+02 3.920000000000000000e+02 6.881738281250000000e+02
2.572440000000000282e+02 4.130000000000000000e+02 6.881788330078125000e+02
2.575799999999999841e+02 3.920000000000000000e+02 6.881842651367187500e+02
2.579169999999999732e+02 3.590000000000000000e+02 6.881769409179687500e+02
2.582529999999999859e+02 2.770000000000000000e+02 6.881794433593750000e+02
2.585899999999999750e+02 2.600000000000000000e+02 6.881769409179687500e+02
2.589270000000000209e+02 1.590000000000000000e+02 6.881712036132812500e+02
2.592629999999999768e+02 1.890000000000000000e+02 6.881662597656250000e+02
2.595989999999999895e+02 8.600000000000000000e+01 6.881716918945312500e+02
