7.241399999999999864e+02 1.300000000000000000e+02 3.672752075195312500e+02
7.244759999999999991e+02 2.570000000000000000e+02 3.672715148925781250e+02
7.248120000000000118e+02 2.370000000000000000e+02 3.672721862792968750e+02
7.251480000000000246e+02 3.140000000000000000e+02 3.672706604003906250e+02
7.254840000000000373e+02 2.850000000000000000e+02 3.672835083007812500e+02
7.258200000000000500e+02 2.610000000000000000e+02 3.672708740234375000e+02
7.261559999999999491e+02 4.110000000000000000e+02 3.672766113281250000e+02
7.264919999999999618e+02 3.250000000000000000e+02 3.672751159667968750e+02
7.268279999999999745e+02 3.150000000000000000e+02 3.672784118652343750e+02
7.271639999999999873e+02 3.060000000000000000e+02 3.672725219726562500e+02
7.275000000000000000e+02 1.770000000000000000e+02 3.672738647460937500e+02
7.278419999999999845e+02 1.540000000000000000e+02 3.672902832031250000e+02
7.281779999999999973e+02 1.680000000000000000e+02 3.672830200195312500e+02
