8.734919999999999618e+02 9.800000000000000000e+01 2.262065277099609375e+02
8.738279999999999745e+02 1.280000000000000000e+02 2.262070770263671875e+02
8.741639999999999873e+02 1.910000000000000000e+02 2.262088317871093750e+02
8.745000000000000000e+02 1.650000000000000000e+02 2.262149200439453125e+02
8.748360000000000127e+02 1.410000000000000000e+02 2.262160644531250000e+02
8.751720000000000255e+02 2.020000000000000000e+02 2.262141876220703125e+02
8.755080000000000382e+02 1.430000000000000000e+02 2.262123107910156250e+02
8.758440000000000509e+02 2.260000000000000000e+02 2.262100830078125000e+02
8.761799999999999500e+02 2.350000000000000000e+02 2.262111358642578125e+02
8.765159999999999627e+02 2.270000000000000000e+02 2.262057037353515625e+02
8.768519999999999754e+02 4.000000000000000000e+02 2.262105255126953125e+02
8.771879999999999882e+02 9.800000000000000000e+01 2.262111968994140625e+02
8.775240000000000009e+02 1.120000000000000000e+02 2.262103729248046875e+02
8.778600000000000136e+02 1.750000000000000000e+02 2.262135314941406250e+02
8.781960000000000264e+02 6.500000000000000000e+01 2.262279357910156250e+02
8.785320000000000391e+02 6.400000000000000000e+01 2.262151641845703125e+02
