1.421970000000000027e+02 1.370000000000000000e+02 4.142096862792968750e+02
1.425349999999999966e+02 1.230000000000000000e+02 4.142062377929687500e+02
1.428710000000000093e+02 2.240000000000000000e+02 4.142113952636718750e+02
1.432079999999999984e+02 3.740000000000000000e+02 4.142113647460937500e+02
1.435440000000000111e+02 5.420000000000000000e+02 4.142070007324218750e+02
1.438799999999999955e+02 7.680000000000000000e+02 4.142109375000000000e+02
1.442170000000000130e+02 1.164000000000000000e+03 4.142049865722656250e+02
1.445529999999999973e+02 1.808000000000000000e+03 4.142086791992187500e+02
1.448890000000000100e+02 2.286000000000000000e+03 4.142101745605468750e+02
1.452249999999999943e+02 2.590000000000000000e+03 4.142088317871093750e+02
1.455620000000000118e+02 3.031000000000000000e+03 4.142085266113281250e+02
1.458979999999999961e+02 3.554000000000000000e+03 4.142092895507812500e+02
1.462340000000000089e+02 3.597000000000000000e+03 4.142060546875000000e+02
1.465709999999999980e+02 3.768000000000000000e+03 4.142078247070312500e+02
1.469070000000000107e+02 3.162000000000000000e+03 4.142129211425781250e+02
1.472429999999999950e+02 2.652000000000000000e+03 4.142123107910156250e+02
1.475800000000000125e+02 3.059000000000000000e+03 4.142094726562500000e+02
1.479159999999999968e+02 2.552000000000000000e+03 4.142096252441406250e+02
1.482529999999999859e+02 1.563000000000000000e+03 4.142100219726562500e+02
1.485889999999999986e+02 1.429000000000000000e+03 4.142087097167968750e+02
1.489259999999999877e+02 9.900000000000000000e+02 4.142103271484375000e+02
1.492620000000000005e+02 7.470000000000000000e+02 4.142092285156250000e+02
1.495980000000000132e+02 6.630000000000000000e+02 4.142043151855468750e+02
1.499350000000000023e+02 6.140000000000000000e+02 4.142063903808593750e+02
1.502709999999999866e+02 5.350000000000000000e+02 4.142080993652343750e+02
1.506069999999999993e+02 4.480000000000000000e+02 4.142137756347656250e+02
1.509439999999999884e+02 3.010000000000000000e+02 4.142073059082031250e+02
1.512800000000000011e+02 3.080000000000000000e+02 4.141998291015625000e+02
1.516160000000000139e+02 1.840000000000000000e+02 4.142041625976562500e+02
1.519519999999999982e+02 2.260000000000000000e+02 4.142102966308593750e+02
1.522889999999999873e+02 2.250000000000000000e+02 4.142124633789062500e+02
1.526260000000000048e+02 2.480000000000000000e+02 4.142089233398437500e+02
1.529629999999999939e+02 1.200000000000000000e+02 4.142038269042968750e+02
1.532990000000000066e+02 2.380000000000000000e+02 4.142059326171875000e+02
1.536349999999999909e+02 2.400000000000000000e+02 4.142089233398437500e+02
1.539720000000000084e+02 1.240000000000000000e+02 4.142033386230468750e+02
1.543079999999999927e+02 2.010000000000000000e+02 4.142048645019531250e+02
1.546440000000000055e+02 1.820000000000000000e+02 4.142127990722656250e+02
1.549809999999999945e+02 2.650000000000000000e+02 4.142037658691406250e+02
1.553170000000000073e+02 2.630000000000000000e+02 4.142067260742187500e+02
1.556529999999999916e+02 2.990000000000000000e+02 4.142013244628906250e+02
1.559890000000000043e+02 2.310000000000000000e+02 4.142071533203125000e+02
1.563259999999999934e+02 1.410000000000000000e+02 4.142039184570312500e+02
1.566620000000000061e+02 1.830000000000000000e+02 4.142040100097656250e+02
1.569979999999999905e+02 9.400000000000000000e+01 4.142078552246093750e+02
1.573350000000000080e+02 1.660000000000000000e+02 4.142133483886718750e+02
1.576709999999999923e+02 6.700000000000000000e+01 4.141986083984375000e+02
1.580070000000000050e+02 1.080000000000000000e+02 4.142077026367187500e+02
1.583439999999999941e+02 2.210000000000000000e+02 4.142102355957031250e+02
1.586800000000000068e+02 1.450000000000000000e+02 4.142196655273437500e+02
1.590159999999999911e+02 7.200000000000000000e+01 4.142126464843750000e+02
1.593520000000000039e+02 4.500000000000000000e+01 4.142183532714843750e+02
1.596899999999999977e+02 3.500000000000000000e+01 4.142106323242187500e+02
1.600260000000000105e+02 1.240000000000000000e+02 4.142019348144531250e+02
1.603629999999999995e+02 1.600000000000000000e+02 4.142010803222656250e+02
