2.905459999999999923e+02 1.490000000000000000e+02 4.631384582519531250e+02
2.908820000000000050e+02 3.700000000000000000e+02 4.631135559082031250e+02
2.912180000000000177e+02 6.200000000000000000e+02 4.631297912597656250e+02
2.915550000000000068e+02 2.140000000000000000e+03 4.631221618652343750e+02
2.918910000000000196e+02 5.618000000000000000e+03 4.631194763183593750e+02
2.922269999999999754e+02 1.049200000000000000e+04 4.631205444335937500e+02
2.925640000000000214e+02 1.805400000000000000e+04 4.631189575195312500e+02
2.928999999999999773e+02 2.275400000000000000e+04 4.631213378906250000e+02
2.932359999999999900e+02 2.626700000000000000e+04 4.631210937500000000e+02
2.935720000000000027e+02 2.907600000000000000e+04 4.631209106445312500e+02
2.939100000000000250e+02 2.715900000000000000e+04 4.631203918457031250e+02
2.942470000000000141e+02 2.534400000000000000e+04 4.631211853027343750e+02
2.945830000000000268e+02 2.179100000000000000e+04 4.631210937500000000e+02
2.949189999999999827e+02 1.895100000000000000e+04 4.631235351562500000e+02
2.952549999999999955e+02 1.341400000000000000e+04 4.631196899414062500e+02
2.955919999999999845e+02 1.028100000000000000e+04 4.631210632324218750e+02
2.959279999999999973e+02 7.717000000000000000e+03 4.631217041015625000e+02
2.962649999999999864e+02 5.127000000000000000e+03 4.631225280761718750e+02
2.966009999999999991e+02 4.452000000000000000e+03 4.631210632324218750e+02
2.969370000000000118e+02 3.561000000000000000e+03 4.631188354492187500e+02
2.972730000000000246e+02 2.199000000000000000e+03 4.631200561523437500e+02
2.976100000000000136e+02 1.741000000000000000e+03 4.631226196289062500e+02
2.979460000000000264e+02 1.338000000000000000e+03 4.631184997558593750e+02
2.982819999999999823e+02 1.069000000000000000e+03 4.631226806640625000e+02
2.986190000000000282e+02 7.990000000000000000e+02 4.631195373535156250e+02
2.989549999999999841e+02 5.250000000000000000e+02 4.631235961914062500e+02
2.992909999999999968e+02 6.410000000000000000e+02 4.631172790527343750e+02
2.996279999999999859e+02 5.170000000000000000e+02 4.631187133789062500e+02
2.999639999999999986e+02 4.410000000000000000e+02 4.631264038085937500e+02
3.003000000000000114e+02 5.010000000000000000e+02 4.631269531250000000e+02
3.006360000000000241e+02 5.580000000000000000e+02 4.631186523437500000e+02
3.009739999999999895e+02 4.630000000000000000e+02 4.631321411132812500e+02
3.013100000000000023e+02 4.130000000000000000e+02 4.631278076171875000e+02
3.016460000000000150e+02 4.870000000000000000e+02 4.631275329589843750e+02
3.019830000000000041e+02 4.260000000000000000e+02 4.631181945800781250e+02
3.023190000000000168e+02 2.600000000000000000e+02 4.631271057128906250e+02
3.026549999999999727e+02 2.650000000000000000e+02 4.631195678710937500e+02
3.029920000000000186e+02 3.110000000000000000e+02 4.631278076171875000e+02
3.033279999999999745e+02 1.880000000000000000e+02 4.631396179199218750e+02
3.036639999999999873e+02 2.070000000000000000e+02 4.631292419433593750e+02
