3.073659999999999854e+02 2.980000000000000000e+02 4.741901855468750000e+02
3.077019999999999982e+02 6.590000000000000000e+02 4.742071533203125000e+02
3.080389999999999873e+02 8.480000000000000000e+02 4.742072143554687500e+02
3.083750000000000000e+02 1.396000000000000000e+03 4.742043457031250000e+02
3.087110000000000127e+02 1.481000000000000000e+03 4.742057495117187500e+02
3.090470000000000255e+02 1.658000000000000000e+03 4.742086791992187500e+02
3.093840000000000146e+02 2.195000000000000000e+03 4.742056579589843750e+02
3.097200000000000273e+02 2.109000000000000000e+03 4.742078552246093750e+02
3.100559999999999832e+02 2.175000000000000000e+03 4.742067871093750000e+02
3.103929999999999723e+02 1.956000000000000000e+03 4.742099914550781250e+02
3.107289999999999850e+02 2.235000000000000000e+03 4.742103576660156250e+02
3.110649999999999977e+02 1.625000000000000000e+03 4.742048950195312500e+02
3.114019999999999868e+02 1.219000000000000000e+03 4.742121276855468750e+02
3.117389999999999759e+02 1.217000000000000000e+03 4.742059631347656250e+02
3.120749999999999886e+02 8.860000000000000000e+02 4.742109375000000000e+02
3.124110000000000014e+02 7.770000000000000000e+02 4.742110595703125000e+02
3.127470000000000141e+02 4.450000000000000000e+02 4.742083435058593750e+02
3.130840000000000032e+02 5.570000000000000000e+02 4.742015380859375000e+02
3.134200000000000159e+02 4.110000000000000000e+02 4.742044677734375000e+02
3.137559999999999718e+02 3.000000000000000000e+02 4.742089843750000000e+02
3.140939999999999941e+02 2.590000000000000000e+02 4.742158508300781250e+02
