2.162059999999999889e+02 1.510000000000000000e+02 3.281593627929687500e+02
2.165430000000000064e+02 3.190000000000000000e+02 3.281542358398437500e+02
2.168789999999999907e+02 6.010000000000000000e+02 3.281548461914062500e+02
2.172150000000000034e+02 6.780000000000000000e+02 3.281631164550781250e+02
2.175519999999999925e+02 6.020000000000000000e+02 3.281596374511718750e+02
2.178880000000000052e+02 8.350000000000000000e+02 3.281604003906250000e+02
2.182239999999999895e+02 9.770000000000000000e+02 3.281624755859375000e+02
2.185610000000000070e+02 8.410000000000000000e+02 3.281571044921875000e+02
2.188969999999999914e+02 9.700000000000000000e+02 3.281584777832031250e+02
2.192330000000000041e+02 9.780000000000000000e+02 3.281614990234375000e+02
2.195689999999999884e+02 1.092000000000000000e+03 3.281651611328125000e+02
2.199060000000000059e+02 1.202000000000000000e+03 3.281614990234375000e+02
2.202419999999999902e+02 1.384000000000000000e+03 3.281597290039062500e+02
2.205780000000000030e+02 1.306000000000000000e+03 3.281568908691406250e+02
2.209149999999999920e+02 1.026000000000000000e+03 3.281588745117187500e+02
2.212510000000000048e+02 1.181000000000000000e+03 3.281606750488281250e+02
2.215869999999999891e+02 1.313000000000000000e+03 3.281621093750000000e+02
2.219240000000000066e+02 1.425000000000000000e+03 3.281611022949218750e+02
2.222599999999999909e+02 1.493000000000000000e+03 3.281613464355468750e+02
2.225960000000000036e+02 1.368000000000000000e+03 3.281588745117187500e+02
2.229319999999999879e+02 1.309000000000000000e+03 3.281617126464843750e+02
2.232700000000000102e+02 1.515000000000000000e+03 3.281631164550781250e+02
2.236069999999999993e+02 1.221000000000000000e+03 3.281614990234375000e+02
2.239430000000000121e+02 1.403000000000000000e+03 3.281635131835937500e+02
2.242789999999999964e+02 1.447000000000000000e+03 3.281632995605468750e+02
2.246150000000000091e+02 1.550000000000000000e+03 3.281574707031250000e+02
2.249519999999999982e+02 1.660000000000000000e+03 3.281635742187500000e+02
2.252880000000000109e+02 1.291000000000000000e+03 3.281602478027343750e+02
2.256239999999999952e+02 1.503000000000000000e+03 3.281611328125000000e+02
2.259610000000000127e+02 1.582000000000000000e+03 3.281601562500000000e+02
2.262969999999999970e+02 1.572000000000000000e+03 3.281595458984375000e+02
2.266330000000000098e+02 1.844000000000000000e+03 3.281627197265625000e+02
2.269699999999999989e+02 1.638000000000000000e+03 3.281625061035156250e+02
2.273060000000000116e+02 1.880000000000000000e+03 3.281651000976562500e+02
2.276430000000000007e+02 1.835000000000000000e+03 3.281660766601562500e+02
2.279790000000000134e+02 1.941000000000000000e+03 3.281657714843750000e+02
2.283149999999999977e+02 2.112000000000000000e+03 3.281656799316406250e+02
2.286519999999999868e+02 1.803000000000000000e+03 3.281622619628906250e+02
2.289890000000000043e+02 1.738000000000000000e+03 3.281629333496093750e+02
2.293249999999999886e+02 1.847000000000000000e+03 3.281672973632812500e+02
2.296610000000000014e+02 1.677000000000000000e+03 3.281654357910156250e+02
2.299979999999999905e+02 1.882000000000000000e+03 3.281638183593750000e+02
2.303340000000000032e+02 1.751000000000000000e+03 3.281668395996093750e+02
2.306699999999999875e+02 2.182000000000000000e+03 3.281661682128906250e+02
2.310060000000000002e+02 1.893000000000000000e+03 3.281644897460937500e+02
2.313429999999999893e+02 1.901000000000000000e+03 3.281689453125000000e+02
2.316790000000000020e+02 1.579000000000000000e+03 3.281674499511718750e+02
2.320149999999999864e+02 1.568000000000000000e+03 3.281658325195312500e+02
2.323520000000000039e+02 1.880000000000000000e+03 3.281695251464843750e+02
2.326879999999999882e+02 1.617000000000000000e+03 3.281658630371093750e+02
2.330240000000000009e+02 1.367000000000000000e+03 3.281696472167968750e+02
2.333619999999999948e+02 1.284000000000000000e+03 3.281660766601562500e+02
2.336980000000000075e+02 9.700000000000000000e+02 3.281634216308593750e+02
2.340349999999999966e+02 1.028000000000000000e+03 3.281678161621093750e+02
2.343710000000000093e+02 9.500000000000000000e+02 3.281666870117187500e+02
2.347069999999999936e+02 8.490000000000000000e+02 3.281589355468750000e+02
2.350440000000000111e+02 7.910000000000000000e+02 3.281643981933593750e+02
2.353799999999999955e+02 9.010000000000000000e+02 3.281625671386718750e+02
2.357160000000000082e+02 6.490000000000000000e+02 3.281648254394531250e+02
2.360529999999999973e+02 8.310000000000000000e+02 3.281642761230468750e+02
2.363890000000000100e+02 6.810000000000000000e+02 3.281694030761718750e+02
2.367259999999999991e+02 1.097000000000000000e+03 3.281671752929687500e+02
2.370620000000000118e+02 7.570000000000000000e+02 3.281560363769531250e+02
2.373979999999999961e+02 8.060000000000000000e+02 3.281691284179687500e+02
2.377350000000000136e+02 7.480000000000000000e+02 3.281719055175781250e+02
2.380709999999999980e+02 6.790000000000000000e+02 3.281643676757812500e+02
2.384070000000000107e+02 6.220000000000000000e+02 3.281688537597656250e+02
2.387439999999999998e+02 8.200000000000000000e+02 3.281722106933593750e+02
2.390800000000000125e+02 4.320000000000000000e+02 3.281657409667968750e+02
2.394159999999999968e+02 5.060000000000000000e+02 3.281649169921875000e+02
2.397529999999999859e+02 3.720000000000000000e+02 3.281697387695312500e+02
2.400889999999999986e+02 3.330000000000000000e+02 3.281683654785156250e+02
2.404250000000000114e+02 3.950000000000000000e+02 3.281683654785156250e+02
2.407620000000000005e+02 1.860000000000000000e+02 3.281746215820312500e+02
2.410980000000000132e+02 2.280000000000000000e+02 3.281629638671875000e+02
2.414339999999999975e+02 2.600000000000000000e+02 3.281626586914062500e+02
2.417709999999999866e+02 2.000000000000000000e+02 3.281625366210937500e+02
2.421069999999999993e+02 1.740000000000000000e+02 3.281670227050781250e+02
2.424430000000000121e+02 2.550000000000000000e+02 3.281680908203125000e+02
2.427800000000000011e+02 9.800000000000000000e+01 3.281779174804687500e+02
2.431160000000000139e+02 1.020000000000000000e+02 3.281499633789062500e+02
2.434540000000000077e+02 1.800000000000000000e+02 3.281635742187500000e+02
2.437909999999999968e+02 1.390000000000000000e+02 3.281492004394531250e+02
2.441270000000000095e+02 2.090000000000000000e+02 3.281622924804687500e+02
2.444629999999999939e+02 2.020000000000000000e+02 3.281621093750000000e+02
2.447990000000000066e+02 1.710000000000000000e+02 3.281474304199218750e+02
2.451359999999999957e+02 1.880000000000000000e+02 3.281535339355468750e+02
