5.387949999999999591e+02 7.800000000000000000e+01 3.590325317382812500e+02
5.391309999999999718e+02 1.860000000000000000e+02 3.590478515625000000e+02
5.394669999999999845e+02 2.530000000000000000e+02 3.590417175292968750e+02
5.398039999999999736e+02 7.340000000000000000e+02 3.590426940917968750e+02
5.401399999999999864e+02 1.044000000000000000e+03 3.590425720214843750e+02
5.404769999999999754e+02 1.190000000000000000e+03 3.590372009277343750e+02
5.408129999999999882e+02 1.713000000000000000e+03 3.590395507812500000e+02
5.411499999999999773e+02 1.566000000000000000e+03 3.590425109863281250e+02
5.414859999999999900e+02 1.859000000000000000e+03 3.590408935546875000e+02
5.418229999999999791e+02 1.939000000000000000e+03 3.590408935546875000e+02
5.421589999999999918e+02 2.071000000000000000e+03 3.590409545898437500e+02
5.424950000000000045e+02 1.820000000000000000e+03 3.590420532226562500e+02
5.428319999999999936e+02 1.688000000000000000e+03 3.590396118164062500e+02
5.431680000000000064e+02 1.316000000000000000e+03 3.590411682128906250e+02
5.435040000000000191e+02 1.158000000000000000e+03 3.590404663085937500e+02
5.438410000000000082e+02 1.087000000000000000e+03 3.590369873046875000e+02
5.441770000000000209e+02 7.500000000000000000e+02 3.590362548828125000e+02
5.445130000000000337e+02 4.650000000000000000e+02 3.590415039062500000e+02
5.448490000000000464e+02 2.660000000000000000e+02 3.590505676269531250e+02
5.451860000000000355e+02 2.620000000000000000e+02 3.590485534667968750e+02
5.455220000000000482e+02 1.940000000000000000e+02 3.590494079589843750e+02
5.458579999999999472e+02 1.740000000000000000e+02 3.590361633300781250e+02
5.461960000000000264e+02 6.900000000000000000e+01 3.590366821289062500e+02
5.465320000000000391e+02 5.200000000000000000e+01 3.590452575683593750e+02
5.468690000000000282e+02 5.400000000000000000e+01 3.590414428710937500e+02
5.472050000000000409e+02 3.300000000000000000e+01 3.590476684570312500e+02
5.475410000000000537e+02 5.900000000000000000e+01 3.590296325683593750e+02
5.478780000000000427e+02 7.900000000000000000e+01 3.590313415527343750e+02
