2.219240000000000066e+02 1.510000000000000000e+02 4.660857849121093750e+02
2.222599999999999909e+02 4.600000000000000000e+01 4.660979003906250000e+02
2.225960000000000036e+02 3.490000000000000000e+02 4.661101379394531250e+02
2.229319999999999879e+02 4.860000000000000000e+02 4.661075439453125000e+02
2.232700000000000102e+02 1.116000000000000000e+03 4.661041259765625000e+02
2.236069999999999993e+02 1.219000000000000000e+03 4.661053161621093750e+02
2.239430000000000121e+02 1.877000000000000000e+03 4.661058959960937500e+02
2.242789999999999964e+02 2.029000000000000000e+03 4.661034240722656250e+02
2.246150000000000091e+02 2.022000000000000000e+03 4.661038513183593750e+02
2.249519999999999982e+02 1.970000000000000000e+03 4.661050415039062500e+02
2.252880000000000109e+02 1.704000000000000000e+03 4.661072387695312500e+02
2.256239999999999952e+02 1.560000000000000000e+03 4.661063842773437500e+02
2.259610000000000127e+02 1.317000000000000000e+03 4.661068115234375000e+02
2.262969999999999970e+02 1.190000000000000000e+03 4.661072387695312500e+02
2.266330000000000098e+02 7.810000000000000000e+02 4.661103820800781250e+02
2.269699999999999989e+02 5.400000000000000000e+02 4.661038513183593750e+02
2.273060000000000116e+02 4.020000000000000000e+02 4.661108703613281250e+02
2.276430000000000007e+02 4.630000000000000000e+02 4.661034240722656250e+02
2.279790000000000134e+02 2.390000000000000000e+02 4.661138305664062500e+02
2.283149999999999977e+02 1.710000000000000000e+02 4.661087646484375000e+02
