2.316790000000000020e+02 1.030000000000000000e+02 7.632059936523437500e+02
2.320149999999999864e+02 2.640000000000000000e+02 7.631958007812500000e+02
2.323520000000000039e+02 5.360000000000000000e+02 7.631996459960937500e+02
2.326879999999999882e+02 9.690000000000000000e+02 7.632075805664062500e+02
2.330240000000000009e+02 1.214000000000000000e+03 7.631976928710937500e+02
2.333619999999999948e+02 1.528000000000000000e+03 7.632092285156250000e+02
2.336980000000000075e+02 1.877000000000000000e+03 7.632008666992187500e+02
2.340349999999999966e+02 1.479000000000000000e+03 7.632022094726562500e+02
2.343710000000000093e+02 1.365000000000000000e+03 7.632009277343750000e+02
2.347069999999999936e+02 1.433000000000000000e+03 7.632069702148437500e+02
2.350440000000000111e+02 8.330000000000000000e+02 7.632004394531250000e+02
2.353799999999999955e+02 5.700000000000000000e+02 7.632116699218750000e+02
2.357160000000000082e+02 4.170000000000000000e+02 7.631959838867187500e+02
2.360529999999999973e+02 4.640000000000000000e+02 7.632088623046875000e+02
2.363890000000000100e+02 3.130000000000000000e+02 7.632097167968750000e+02
2.367259999999999991e+02 2.440000000000000000e+02 7.632007446289062500e+02
2.370620000000000118e+02 1.220000000000000000e+02 7.631911010742187500e+02
2.373979999999999961e+02 1.660000000000000000e+02 7.631895751953125000e+02
