2.882199999999999918e+01 3.340000000000000000e+02 7.251988525390625000e+02
2.915899999999999892e+01 5.190000000000000000e+02 7.251930541992187500e+02
2.949500000000000099e+01 9.080000000000000000e+02 7.251878051757812500e+02
2.983099999999999952e+01 1.402000000000000000e+03 7.251952514648437500e+02
3.016799999999999926e+01 1.860000000000000000e+03 7.251970214843750000e+02
3.050400000000000134e+01 1.801000000000000000e+03 7.251974487304687500e+02
3.083999999999999986e+01 1.679000000000000000e+03 7.251948852539062500e+02
3.117599999999999838e+01 1.292000000000000000e+03 7.251964721679687500e+02
3.151399999999999935e+01 1.064000000000000000e+03 7.251951904296875000e+02
3.185099999999999909e+01 9.550000000000000000e+02 7.251870727539062500e+02
3.218699999999999761e+01 8.620000000000000000e+02 7.251976928710937500e+02
3.252300000000000324e+01 8.020000000000000000e+02 7.252024536132812500e+02
3.285900000000000176e+01 1.024000000000000000e+03 7.251981811523437500e+02
3.319599999999999795e+01 8.380000000000000000e+02 7.251924438476562500e+02
3.353199999999999648e+01 5.010000000000000000e+02 7.251997680664062500e+02
3.386800000000000210e+01 7.040000000000000000e+02 7.251917114257812500e+02
3.420499999999999829e+01 5.530000000000000000e+02 7.251965942382812500e+02
3.454099999999999682e+01 4.200000000000000000e+02 7.251993408203125000e+02
3.487700000000000244e+01 4.500000000000000000e+02 7.252027587890625000e+02
3.521399999999999864e+01 5.460000000000000000e+02 7.251979980468750000e+02
3.554999999999999716e+01 4.850000000000000000e+02 7.251945190429687500e+02
3.588600000000000279e+01 4.540000000000000000e+02 7.251842041015625000e+02
3.622200000000000131e+01 3.220000000000000000e+02 7.251870117187500000e+02
3.655899999999999750e+01 2.060000000000000000e+02 7.251981811523437500e+02
3.689500000000000313e+01 1.770000000000000000e+02 7.251893310546875000e+02
3.723199999999999932e+01 2.270000000000000000e+02 7.251900634765625000e+02
3.756799999999999784e+01 1.840000000000000000e+02 7.251899414062500000e+02
3.790500000000000114e+01 1.300000000000000000e+02 7.251862182617187500e+02
3.824099999999999966e+01 6.500000000000000000e+01 7.251895141601562500e+02
