2.447990000000000066e+02 1.560000000000000000e+02 3.711468200683593750e+02
2.451359999999999957e+02 3.010000000000000000e+02 3.711493225097656250e+02
2.454720000000000084e+02 7.970000000000000000e+02 3.711334838867187500e+02
2.458079999999999927e+02 1.366000000000000000e+03 3.711338500976562500e+02
2.461450000000000102e+02 1.631000000000000000e+03 3.711363525390625000e+02
2.464809999999999945e+02 1.769000000000000000e+03 3.711361389160156250e+02
2.468170000000000073e+02 1.683000000000000000e+03 3.711385498046875000e+02
2.471539999999999964e+02 1.624000000000000000e+03 3.711341247558593750e+02
2.474900000000000091e+02 1.070000000000000000e+03 3.711358947753906250e+02
2.478259999999999934e+02 1.018000000000000000e+03 3.711394348144531250e+02
2.481620000000000061e+02 6.450000000000000000e+02 3.711387634277343750e+02
2.484989999999999952e+02 5.200000000000000000e+02 3.711318969726562500e+02
2.488350000000000080e+02 2.520000000000000000e+02 3.711343994140625000e+02
2.491709999999999923e+02 3.550000000000000000e+02 3.711434936523437500e+02
2.495080000000000098e+02 1.360000000000000000e+02 3.711419372558593750e+02
2.498439999999999941e+02 1.780000000000000000e+02 3.711393737792968750e+02
2.501800000000000068e+02 2.140000000000000000e+02 3.711426391601562500e+02
2.505169999999999959e+02 2.590000000000000000e+02 3.711389160156250000e+02
