2.323520000000000039e+02 7.290000000000000000e+02 5.961685791015625000e+02
2.326879999999999882e+02 8.630000000000000000e+02 5.961608886718750000e+02
2.330240000000000009e+02 1.468000000000000000e+03 5.961605224609375000e+02
2.333619999999999948e+02 1.429000000000000000e+03 5.961680297851562500e+02
2.336980000000000075e+02 1.768000000000000000e+03 5.961650390625000000e+02
2.340349999999999966e+02 1.711000000000000000e+03 5.961664428710937500e+02
2.343710000000000093e+02 1.767000000000000000e+03 5.961644287109375000e+02
2.347069999999999936e+02 1.288000000000000000e+03 5.961650390625000000e+02
2.350440000000000111e+02 1.063000000000000000e+03 5.961688842773437500e+02
2.353799999999999955e+02 7.700000000000000000e+02 5.961649169921875000e+02
2.357160000000000082e+02 4.740000000000000000e+02 5.961686401367187500e+02
2.360529999999999973e+02 3.750000000000000000e+02 5.961716918945312500e+02
2.363890000000000100e+02 3.110000000000000000e+02 5.961666259765625000e+02
2.367259999999999991e+02 3.380000000000000000e+02 5.961746215820312500e+02
2.370620000000000118e+02 2.520000000000000000e+02 5.961693725585937500e+02
2.373979999999999961e+02 8.500000000000000000e+01 5.961563110351562500e+02
2.377350000000000136e+02 1.040000000000000000e+02 5.961615600585937500e+02
2.380709999999999980e+02 1.910000000000000000e+02 5.961676025390625000e+02
