1.199969999999999999e+02 4.300000000000000000e+01 4.919674987792968750e+02
1.203329999999999984e+02 2.160000000000000000e+02 4.919712219238281250e+02
1.206689999999999969e+02 5.770000000000000000e+02 4.919699096679687500e+02
1.210060000000000002e+02 6.050000000000000000e+02 4.919770812988281250e+02
1.213419999999999987e+02 9.520000000000000000e+02 4.919733276367187500e+02
1.216779999999999973e+02 1.391000000000000000e+03 4.919748840332031250e+02
1.220150000000000006e+02 1.277000000000000000e+03 4.919777221679687500e+02
1.223520000000000039e+02 1.344000000000000000e+03 4.919763488769531250e+02
1.226889999999999930e+02 1.215000000000000000e+03 4.919764709472656250e+02
1.230250000000000057e+02 1.317000000000000000e+03 4.919755859375000000e+02
1.233610000000000042e+02 1.385000000000000000e+03 4.919739990234375000e+02
1.236979999999999933e+02 1.422000000000000000e+03 4.919772949218750000e+02
1.240340000000000060e+02 1.423000000000000000e+03 4.919766235351562500e+02
1.243700000000000045e+02 1.626000000000000000e+03 4.919753723144531250e+02
1.247060000000000031e+02 1.538000000000000000e+03 4.919755859375000000e+02
1.250430000000000064e+02 1.183000000000000000e+03 4.919823608398437500e+02
1.253790000000000049e+02 1.361000000000000000e+03 4.919746398925781250e+02
1.257150000000000034e+02 1.536000000000000000e+03 4.919779357910156250e+02
1.260520000000000067e+02 1.245000000000000000e+03 4.919778747558593750e+02
1.263880000000000052e+02 1.244000000000000000e+03 4.919783325195312500e+02
1.267240000000000038e+02 1.590000000000000000e+03 4.919753417968750000e+02
1.270610000000000070e+02 1.254000000000000000e+03 4.919761352539062500e+02
1.273970000000000056e+02 1.275000000000000000e+03 4.919775085449218750e+02
1.277330000000000041e+02 1.473000000000000000e+03 4.919745178222656250e+02
1.280699999999999932e+02 1.510000000000000000e+03 4.919734191894531250e+02
1.284060000000000059e+02 1.535000000000000000e+03 4.919729919433593750e+02
1.287419999999999902e+02 1.368000000000000000e+03 4.919778747558593750e+02
1.290780000000000030e+02 1.176000000000000000e+03 4.919771728515625000e+02
1.294149999999999920e+02 1.246000000000000000e+03 4.919744567871093750e+02
1.297520000000000095e+02 1.389000000000000000e+03 4.919773864746093750e+02
1.300889999999999986e+02 1.305000000000000000e+03 4.919798278808593750e+02
1.304250000000000114e+02 1.315000000000000000e+03 4.919810791015625000e+02
1.307609999999999957e+02 1.253000000000000000e+03 4.919778747558593750e+02
1.310970000000000084e+02 1.232000000000000000e+03 4.919777832031250000e+02
1.314339999999999975e+02 1.169000000000000000e+03 4.919766235351562500e+02
1.317700000000000102e+02 1.234000000000000000e+03 4.919821777343750000e+02
1.321059999999999945e+02 1.362000000000000000e+03 4.919736938476562500e+02
1.324439999999999884e+02 1.186000000000000000e+03 4.919775695800781250e+02
1.327810000000000059e+02 1.143000000000000000e+03 4.919779357910156250e+02
1.331169999999999902e+02 1.281000000000000000e+03 4.919749755859375000e+02
1.334540000000000077e+02 1.347000000000000000e+03 4.919788208007812500e+02
1.337899999999999920e+02 9.980000000000000000e+02 4.919797058105468750e+02
1.341260000000000048e+02 1.073000000000000000e+03 4.919771728515625000e+02
1.344619999999999891e+02 1.078000000000000000e+03 4.919756774902343750e+02
1.347990000000000066e+02 1.344000000000000000e+03 4.919739379882812500e+02
1.351349999999999909e+02 1.230000000000000000e+03 4.919783325195312500e+02
1.354710000000000036e+02 1.355000000000000000e+03 4.919757385253906250e+02
1.358079999999999927e+02 1.550000000000000000e+03 4.919807434082031250e+02
1.361440000000000055e+02 1.304000000000000000e+03 4.919725646972656250e+02
1.364799999999999898e+02 1.327000000000000000e+03 4.919781188964843750e+02
1.368170000000000073e+02 1.221000000000000000e+03 4.919739379882812500e+02
1.371529999999999916e+02 9.630000000000000000e+02 4.919791564941406250e+02
1.374890000000000043e+02 1.299000000000000000e+03 4.919730529785156250e+02
1.378249999999999886e+02 1.333000000000000000e+03 4.919767456054687500e+02
1.381620000000000061e+02 1.061000000000000000e+03 4.919778442382812500e+02
1.384979999999999905e+02 1.047000000000000000e+03 4.919801635742187500e+02
1.388340000000000032e+02 9.870000000000000000e+02 4.919738159179687500e+02
