2.427800000000000011e+02 2.930000000000000000e+02 4.382516479492187500e+02
2.431160000000000139e+02 3.050000000000000000e+02 4.382476501464843750e+02
2.434540000000000077e+02 5.550000000000000000e+02 4.382562255859375000e+02
2.437909999999999968e+02 6.690000000000000000e+02 4.382525329589843750e+02
2.441270000000000095e+02 1.291000000000000000e+03 4.382507629394531250e+02
2.444629999999999939e+02 1.547000000000000000e+03 4.382581481933593750e+02
2.447990000000000066e+02 1.607000000000000000e+03 4.382570495605468750e+02
2.451359999999999957e+02 2.123000000000000000e+03 4.382533569335937500e+02
2.454720000000000084e+02 1.618000000000000000e+03 4.382523803710937500e+02
2.458079999999999927e+02 1.583000000000000000e+03 4.382548522949218750e+02
2.461450000000000102e+02 1.284000000000000000e+03 4.382568969726562500e+02
2.464809999999999945e+02 7.330000000000000000e+02 4.382556457519531250e+02
2.468170000000000073e+02 5.230000000000000000e+02 4.382528686523437500e+02
2.471539999999999964e+02 3.060000000000000000e+02 4.382640075683593750e+02
2.474900000000000091e+02 2.970000000000000000e+02 4.382521972656250000e+02
2.478259999999999934e+02 1.560000000000000000e+02 4.382542114257812500e+02
2.481620000000000061e+02 1.990000000000000000e+02 4.382444458007812500e+02
2.484989999999999952e+02 1.370000000000000000e+02 4.382664489746093750e+02
2.488350000000000080e+02 4.330000000000000000e+02 4.382552185058593750e+02
2.491709999999999923e+02 1.486000000000000000e+03 4.382553100585937500e+02
2.495080000000000098e+02 3.820000000000000000e+03 4.382555236816406250e+02
2.498439999999999941e+02 6.758000000000000000e+03 4.382581176757812500e+02
2.501800000000000068e+02 1.112500000000000000e+04 4.382562561035156250e+02
2.505169999999999959e+02 1.423100000000000000e+04 4.382575988769531250e+02
2.508530000000000086e+02 1.617600000000000000e+04 4.382561035156250000e+02
2.511889999999999930e+02 1.646500000000000000e+04 4.382575378417968750e+02
2.515260000000000105e+02 1.543500000000000000e+04 4.382576599121093750e+02
2.518619999999999948e+02 1.443000000000000000e+04 4.382572937011718750e+02
2.521980000000000075e+02 1.046600000000000000e+04 4.382579040527343750e+02
2.525339999999999918e+02 7.643000000000000000e+03 4.382555847167968750e+02
2.528710000000000093e+02 5.293000000000000000e+03 4.382581787109375000e+02
2.532069999999999936e+02 3.673000000000000000e+03 4.382580261230468750e+02
2.535449999999999875e+02 2.422000000000000000e+03 4.382575378417968750e+02
2.538810000000000002e+02 1.583000000000000000e+03 4.382553100585937500e+02
2.542170000000000130e+02 1.146000000000000000e+03 4.382578125000000000e+02
2.545540000000000020e+02 9.680000000000000000e+02 4.382541809082031250e+02
2.548899999999999864e+02 6.640000000000000000e+02 4.382602539062500000e+02
2.552259999999999991e+02 5.940000000000000000e+02 4.382580261230468750e+02
2.555629999999999882e+02 5.290000000000000000e+02 4.382603454589843750e+02
2.558990000000000009e+02 4.680000000000000000e+02 4.382543334960937500e+02
2.562350000000000136e+02 4.470000000000000000e+02 4.382543640136718750e+02
2.565720000000000027e+02 6.920000000000000000e+02 4.382579650878906250e+02
2.569080000000000155e+02 8.700000000000000000e+02 4.382504882812500000e+02
2.572440000000000282e+02 1.153000000000000000e+03 4.382573547363281250e+02
2.575799999999999841e+02 1.232000000000000000e+03 4.382566528320312500e+02
2.579169999999999732e+02 1.825000000000000000e+03 4.382573852539062500e+02
2.582529999999999859e+02 2.130000000000000000e+03 4.382557678222656250e+02
2.585899999999999750e+02 2.505000000000000000e+03 4.382576599121093750e+02
2.589270000000000209e+02 2.596000000000000000e+03 4.382546997070312500e+02
2.592629999999999768e+02 3.105000000000000000e+03 4.382568054199218750e+02
2.595989999999999895e+02 2.646000000000000000e+03 4.382576904296875000e+02
2.599350000000000023e+02 2.192000000000000000e+03 4.382542114257812500e+02
2.602719999999999914e+02 2.083000000000000000e+03 4.382568054199218750e+02
2.606080000000000041e+02 1.448000000000000000e+03 4.382575378417968750e+02
2.609440000000000168e+02 1.273000000000000000e+03 4.382561340332031250e+02
2.612810000000000059e+02 1.129000000000000000e+03 4.382575073242187500e+02
2.616170000000000186e+02 7.880000000000000000e+02 4.382609252929687500e+02
2.619529999999999745e+02 7.290000000000000000e+02 4.382544250488281250e+02
2.622900000000000205e+02 8.360000000000000000e+02 4.382573242187500000e+02
2.626259999999999764e+02 1.086000000000000000e+03 4.382594604492187500e+02
2.629619999999999891e+02 1.152000000000000000e+03 4.382572326660156250e+02
2.632989999999999782e+02 1.401000000000000000e+03 4.382570190429687500e+02
2.636360000000000241e+02 1.480000000000000000e+03 4.382542724609375000e+02
2.639730000000000132e+02 1.103000000000000000e+03 4.382570190429687500e+02
2.643090000000000259e+02 9.800000000000000000e+02 4.382542114257812500e+02
2.646449999999999818e+02 6.420000000000000000e+02 4.382613830566406250e+02
2.649820000000000277e+02 7.350000000000000000e+02 4.382539062500000000e+02
2.653179999999999836e+02 4.950000000000000000e+02 4.382547912597656250e+02
2.656539999999999964e+02 4.300000000000000000e+02 4.382573852539062500e+02
