2.320149999999999864e+02 3.170000000000000000e+02 3.170626831054687500e+02
2.323520000000000039e+02 3.690000000000000000e+02 3.170641479492187500e+02
2.326879999999999882e+02 8.650000000000000000e+02 3.170554809570312500e+02
2.330240000000000009e+02 1.188000000000000000e+03 3.170569152832031250e+02
2.333619999999999948e+02 1.541000000000000000e+03 3.170565490722656250e+02
2.336980000000000075e+02 1.565000000000000000e+03 3.170566711425781250e+02
2.340349999999999966e+02 1.372000000000000000e+03 3.170590209960937500e+02
2.343710000000000093e+02 1.412000000000000000e+03 3.170577087402343750e+02
2.347069999999999936e+02 9.650000000000000000e+02 3.170578613281250000e+02
2.350440000000000111e+02 8.460000000000000000e+02 3.170571289062500000e+02
2.353799999999999955e+02 2.890000000000000000e+02 3.170712585449218750e+02
2.357160000000000082e+02 3.850000000000000000e+02 3.170486450195312500e+02
2.360529999999999973e+02 3.290000000000000000e+02 3.170563354492187500e+02
2.363890000000000100e+02 2.690000000000000000e+02 3.170657043457031250e+02
