9.528780000000000427e+02 2.900000000000000000e+02 7.635023193359375000e+02
9.532140000000000555e+02 4.780000000000000000e+02 7.634973754882812500e+02
9.535499999999999545e+02 3.570000000000000000e+02 7.635159912109375000e+02
9.538859999999999673e+02 4.620000000000000000e+02 7.635003662109375000e+02
9.542219999999999800e+02 3.950000000000000000e+02 7.635046386718750000e+02
9.545579999999999927e+02 5.740000000000000000e+02 7.635127563476562500e+02
9.548940000000000055e+02 4.280000000000000000e+02 7.635106811523437500e+02
9.552300000000000182e+02 6.660000000000000000e+02 7.635068359375000000e+02
9.555660000000000309e+02 5.690000000000000000e+02 7.635065307617187500e+02
9.559020000000000437e+02 5.610000000000000000e+02 7.635056152343750000e+02
9.562440000000000282e+02 7.330000000000000000e+02 7.635046386718750000e+02
9.565800000000000409e+02 7.170000000000000000e+02 7.635031738281250000e+02
9.569160000000000537e+02 8.280000000000000000e+02 7.635015258789062500e+02
9.572519999999999527e+02 7.900000000000000000e+02 7.635027465820312500e+02
9.575879999999999654e+02 1.003000000000000000e+03 7.635046997070312500e+02
9.579239999999999782e+02 7.560000000000000000e+02 7.634971923828125000e+02
9.582599999999999909e+02 7.700000000000000000e+02 7.635078735351562500e+02
9.585960000000000036e+02 9.220000000000000000e+02 7.634985961914062500e+02
9.589320000000000164e+02 1.012000000000000000e+03 7.635011596679687500e+02
9.592680000000000291e+02 9.160000000000000000e+02 7.635021972656250000e+02
9.596040000000000418e+02 9.720000000000000000e+02 7.635078125000000000e+02
9.599400000000000546e+02 1.121000000000000000e+03 7.635050659179687500e+02
9.602759999999999536e+02 1.013000000000000000e+03 7.635101318359375000e+02
9.606119999999999663e+02 9.710000000000000000e+02 7.635001831054687500e+02
9.609539999999999509e+02 8.700000000000000000e+02 7.635017700195312500e+02
9.612899999999999636e+02 1.244000000000000000e+03 7.635027465820312500e+02
9.616200000000000045e+02 1.021000000000000000e+03 7.635051879882812500e+02
9.619619999999999891e+02 1.248000000000000000e+03 7.635035400390625000e+02
9.622980000000000018e+02 8.930000000000000000e+02 7.635015869140625000e+02
9.626340000000000146e+02 1.154000000000000000e+03 7.634988403320312500e+02
9.629700000000000273e+02 1.047000000000000000e+03 7.635057983398437500e+02
9.633060000000000400e+02 1.618000000000000000e+03 7.634984741210937500e+02
9.636420000000000528e+02 1.023000000000000000e+03 7.635062866210937500e+02
9.639779999999999518e+02 1.498000000000000000e+03 7.635050659179687500e+02
9.643139999999999645e+02 1.077000000000000000e+03 7.635076904296875000e+02
9.646499999999999773e+02 1.231000000000000000e+03 7.635003051757812500e+02
9.649859999999999900e+02 1.219000000000000000e+03 7.635035400390625000e+02
9.653220000000000027e+02 1.260000000000000000e+03 7.635076293945312500e+02
9.656580000000000155e+02 1.055000000000000000e+03 7.635039672851562500e+02
9.660000000000000000e+02 9.060000000000000000e+02 7.635073852539062500e+02
9.663360000000000127e+02 1.241000000000000000e+03 7.634991455078125000e+02
9.666660000000000537e+02 1.269000000000000000e+03 7.635044555664062500e+02
9.670080000000000382e+02 1.307000000000000000e+03 7.635085449218750000e+02
9.673440000000000509e+02 1.254000000000000000e+03 7.635093383789062500e+02
9.676799999999999500e+02 1.540000000000000000e+03 7.635053100585937500e+02
9.680159999999999627e+02 1.240000000000000000e+03 7.635051269531250000e+02
9.683519999999999754e+02 1.118000000000000000e+03 7.635078125000000000e+02
9.686879999999999882e+02 1.150000000000000000e+03 7.635000000000000000e+02
9.690240000000000009e+02 1.059000000000000000e+03 7.635039062500000000e+02
9.693600000000000136e+02 1.291000000000000000e+03 7.635040893554687500e+02
9.696960000000000264e+02 1.238000000000000000e+03 7.635109252929687500e+02
9.700320000000000391e+02 1.225000000000000000e+03 7.635046386718750000e+02
9.703680000000000518e+02 1.296000000000000000e+03 7.635070800781250000e+02
9.707039999999999509e+02 9.600000000000000000e+02 7.635106811523437500e+02
9.710399999999999636e+02 1.277000000000000000e+03 7.635039062500000000e+02
9.713819999999999482e+02 1.046000000000000000e+03 7.635049438476562500e+02
9.717179999999999609e+02 1.142000000000000000e+03 7.635105590820312500e+02
9.720480000000000018e+02 1.203000000000000000e+03 7.635061035156250000e+02
9.723899999999999864e+02 1.304000000000000000e+03 7.635054321289062500e+02
9.727259999999999991e+02 1.201000000000000000e+03 7.635087280273437500e+02
9.730620000000000118e+02 1.012000000000000000e+03 7.635105590820312500e+02
9.733980000000000246e+02 1.139000000000000000e+03 7.634982910156250000e+02
9.737340000000000373e+02 9.870000000000000000e+02 7.635017700195312500e+02
9.740700000000000500e+02 1.359000000000000000e+03 7.635083618164062500e+02
9.744059999999999491e+02 1.214000000000000000e+03 7.635029907226562500e+02
9.747419999999999618e+02 1.255000000000000000e+03 7.635026855468750000e+02
9.750779999999999745e+02 9.680000000000000000e+02 7.635019531250000000e+02
9.754139999999999873e+02 9.920000000000000000e+02 7.635054321289062500e+02
9.757500000000000000e+02 1.261000000000000000e+03 7.635097045898437500e+02
9.760860000000000127e+02 1.173000000000000000e+03 7.635044555664062500e+02
9.764220000000000255e+02 9.490000000000000000e+02 7.635103759765625000e+02
9.767580000000000382e+02 1.192000000000000000e+03 7.635040893554687500e+02
9.770940000000000509e+02 9.640000000000000000e+02 7.635073852539062500e+02
9.774299999999999500e+02 9.920000000000000000e+02 7.635086059570312500e+02
9.777720000000000482e+02 8.950000000000000000e+02 7.635049438476562500e+02
9.781019999999999754e+02 9.960000000000000000e+02 7.635050048828125000e+02
9.784439999999999600e+02 1.056000000000000000e+03 7.635027465820312500e+02
9.787799999999999727e+02 9.640000000000000000e+02 7.635012207031250000e+02
9.791159999999999854e+02 1.057000000000000000e+03 7.634989013671875000e+02
9.794519999999999982e+02 1.076000000000000000e+03 7.635018310546875000e+02
9.797880000000000109e+02 1.031000000000000000e+03 7.635084838867187500e+02
9.801240000000000236e+02 1.025000000000000000e+03 7.635032958984375000e+02
9.804600000000000364e+02 1.156000000000000000e+03 7.635017089843750000e+02
9.807960000000000491e+02 1.028000000000000000e+03 7.635040893554687500e+02
9.811319999999999482e+02 1.053000000000000000e+03 7.635063476562500000e+02
9.814679999999999609e+02 9.900000000000000000e+02 7.635007934570312500e+02
9.818039999999999736e+02 1.026000000000000000e+03 7.635038452148437500e+02
9.821459999999999582e+02 8.140000000000000000e+02 7.635071411132812500e+02
