1.253790000000000049e+02 1.114000000000000000e+03 4.780023803710937500e+02
1.257150000000000034e+02 1.477000000000000000e+03 4.780065612792968750e+02
1.260520000000000067e+02 1.366000000000000000e+03 4.780033874511718750e+02
1.263880000000000052e+02 1.192000000000000000e+03 4.780086059570312500e+02
1.267240000000000038e+02 1.392000000000000000e+03 4.780073547363281250e+02
1.270610000000000070e+02 1.004000000000000000e+03 4.780058288574218750e+02
1.273970000000000056e+02 1.557000000000000000e+03 4.780032958984375000e+02
1.277330000000000041e+02 1.128000000000000000e+03 4.780075683593750000e+02
1.280699999999999932e+02 1.160000000000000000e+03 4.779999084472656250e+02
1.284060000000000059e+02 1.494000000000000000e+03 4.780031738281250000e+02
1.287419999999999902e+02 1.472000000000000000e+03 4.780018615722656250e+02
1.290780000000000030e+02 1.317000000000000000e+03 4.780025329589843750e+02
1.294149999999999920e+02 1.463000000000000000e+03 4.780057983398437500e+02
1.297520000000000095e+02 1.125000000000000000e+03 4.780191345214843750e+02
1.300889999999999986e+02 1.169000000000000000e+03 4.780100097656250000e+02
1.304250000000000114e+02 1.159000000000000000e+03 4.780057983398437500e+02
1.307609999999999957e+02 1.500000000000000000e+03 4.780061645507812500e+02
1.310970000000000084e+02 1.168000000000000000e+03 4.780098571777343750e+02
1.314339999999999975e+02 1.189000000000000000e+03 4.780079650878906250e+02
1.317700000000000102e+02 1.150000000000000000e+03 4.780110473632812500e+02
1.321059999999999945e+02 1.371000000000000000e+03 4.780050354003906250e+02
1.324439999999999884e+02 1.428000000000000000e+03 4.780057983398437500e+02
1.327810000000000059e+02 1.301000000000000000e+03 4.780046386718750000e+02
1.331169999999999902e+02 9.910000000000000000e+02 4.780069274902343750e+02
1.334540000000000077e+02 1.077000000000000000e+03 4.780072021484375000e+02
1.337899999999999920e+02 1.147000000000000000e+03 4.780080566406250000e+02
1.341260000000000048e+02 1.307000000000000000e+03 4.780066528320312500e+02
1.344619999999999891e+02 1.063000000000000000e+03 4.780049133300781250e+02
1.347990000000000066e+02 1.075000000000000000e+03 4.780053710937500000e+02
1.351349999999999909e+02 1.277000000000000000e+03 4.780017700195312500e+02
1.354710000000000036e+02 1.124000000000000000e+03 4.780090026855468750e+02
1.358079999999999927e+02 1.395000000000000000e+03 4.780108337402343750e+02
1.361440000000000055e+02 1.290000000000000000e+03 4.780038452148437500e+02
1.364799999999999898e+02 1.396000000000000000e+03 4.780017700195312500e+02
1.368170000000000073e+02 1.357000000000000000e+03 4.780037841796875000e+02
1.371529999999999916e+02 1.151000000000000000e+03 4.780105590820312500e+02
1.374890000000000043e+02 1.260000000000000000e+03 4.780054016113281250e+02
1.378249999999999886e+02 9.910000000000000000e+02 4.780025939941406250e+02
1.381620000000000061e+02 1.355000000000000000e+03 4.780079040527343750e+02
1.384979999999999905e+02 1.065000000000000000e+03 4.780126342773437500e+02
1.388340000000000032e+02 1.345000000000000000e+03 4.780086059570312500e+02
1.391709999999999923e+02 1.235000000000000000e+03 4.780053100585937500e+02
1.395070000000000050e+02 8.980000000000000000e+02 4.780089416503906250e+02
1.398429999999999893e+02 1.422000000000000000e+03 4.780038452148437500e+02
1.401790000000000020e+02 1.445000000000000000e+03 4.780084533691406250e+02
1.405159999999999911e+02 1.127000000000000000e+03 4.780062255859375000e+02
1.408520000000000039e+02 1.036000000000000000e+03 4.780083007812500000e+02
1.411879999999999882e+02 8.270000000000000000e+02 4.780105285644531250e+02
1.415250000000000057e+02 9.860000000000000000e+02 4.780054626464843750e+02
1.418609999999999900e+02 9.240000000000000000e+02 4.780062866210937500e+02
1.421970000000000027e+02 8.100000000000000000e+02 4.780017700195312500e+02
1.425349999999999966e+02 9.410000000000000000e+02 4.780080261230468750e+02
1.428710000000000093e+02 9.570000000000000000e+02 4.780036315917968750e+02
1.432079999999999984e+02 9.210000000000000000e+02 4.780061035156250000e+02
1.435440000000000111e+02 1.279000000000000000e+03 4.780065002441406250e+02
1.438799999999999955e+02 9.700000000000000000e+02 4.780089416503906250e+02
1.442170000000000130e+02 1.013000000000000000e+03 4.780025939941406250e+02
1.445529999999999973e+02 1.001000000000000000e+03 4.780006408691406250e+02
1.448890000000000100e+02 1.019000000000000000e+03 4.780097961425781250e+02
1.452249999999999943e+02 8.130000000000000000e+02 4.780039978027343750e+02
1.455620000000000118e+02 1.148000000000000000e+03 4.780065917968750000e+02
1.458979999999999961e+02 7.680000000000000000e+02 4.780053100585937500e+02
1.462340000000000089e+02 8.820000000000000000e+02 4.779993896484375000e+02
1.465709999999999980e+02 7.680000000000000000e+02 4.780047607421875000e+02
1.469070000000000107e+02 7.510000000000000000e+02 4.780043640136718750e+02
1.472429999999999950e+02 6.090000000000000000e+02 4.780164184570312500e+02
1.475800000000000125e+02 7.440000000000000000e+02 4.780071411132812500e+02
1.479159999999999968e+02 8.480000000000000000e+02 4.780077819824218750e+02
1.482529999999999859e+02 7.400000000000000000e+02 4.780051879882812500e+02
1.485889999999999986e+02 9.170000000000000000e+02 4.780090026855468750e+02
1.489259999999999877e+02 6.390000000000000000e+02 4.780119323730468750e+02
1.492620000000000005e+02 7.010000000000000000e+02 4.780068054199218750e+02
1.495980000000000132e+02 7.050000000000000000e+02 4.780051269531250000e+02
1.499350000000000023e+02 5.680000000000000000e+02 4.780122070312500000e+02
1.502709999999999866e+02 5.190000000000000000e+02 4.780201110839843750e+02
1.506069999999999993e+02 5.340000000000000000e+02 4.780134277343750000e+02
1.509439999999999884e+02 5.610000000000000000e+02 4.780113220214843750e+02
1.512800000000000011e+02 4.270000000000000000e+02 4.780127868652343750e+02
1.516160000000000139e+02 4.070000000000000000e+02 4.780065307617187500e+02
1.519519999999999982e+02 2.690000000000000000e+02 4.780093078613281250e+02
1.522889999999999873e+02 5.400000000000000000e+02 4.780102233886718750e+02
1.526260000000000048e+02 4.690000000000000000e+02 4.780021972656250000e+02
1.529629999999999939e+02 4.430000000000000000e+02 4.780111999511718750e+02
1.532990000000000066e+02 4.290000000000000000e+02 4.780080566406250000e+02
1.536349999999999909e+02 6.030000000000000000e+02 4.780041503906250000e+02
1.539720000000000084e+02 4.810000000000000000e+02 4.780202636718750000e+02
1.543079999999999927e+02 5.670000000000000000e+02 4.780129394531250000e+02
1.546440000000000055e+02 4.100000000000000000e+02 4.780044250488281250e+02
