3.803600000000000136e+02 4.900000000000000000e+01 1.300474243164062500e+02
3.806960000000000264e+02 4.900000000000000000e+01 1.300712585449218750e+02
3.810319999999999823e+02 2.790000000000000000e+02 1.300622558593750000e+02
3.813679999999999950e+02 8.640000000000000000e+02 1.300640258789062500e+02
3.817049999999999841e+02 1.611000000000000000e+03 1.300639343261718750e+02
3.820409999999999968e+02 3.001000000000000000e+03 1.300658264160156250e+02
3.823770000000000095e+02 5.136000000000000000e+03 1.300648956298828125e+02
3.827139999999999986e+02 7.637000000000000000e+03 1.300651092529296875e+02
3.830500000000000114e+02 9.934000000000000000e+03 1.300656433105468750e+02
3.833860000000000241e+02 1.162600000000000000e+04 1.300651397705078125e+02
3.837230000000000132e+02 1.305500000000000000e+04 1.300653076171875000e+02
3.840590000000000259e+02 1.372400000000000000e+04 1.300650634765625000e+02
3.843960000000000150e+02 1.296100000000000000e+04 1.300650939941406250e+02
3.847339999999999804e+02 1.208100000000000000e+04 1.300652313232421875e+02
3.850699999999999932e+02 1.095300000000000000e+04 1.300657196044921875e+02
3.854060000000000059e+02 8.786000000000000000e+03 1.300660095214843750e+02
3.857429999999999950e+02 6.670000000000000000e+03 1.300648803710937500e+02
3.860790000000000077e+02 5.387000000000000000e+03 1.300660858154296875e+02
3.864150000000000205e+02 4.292000000000000000e+03 1.300652160644531250e+02
3.867520000000000095e+02 2.710000000000000000e+03 1.300658416748046875e+02
3.870880000000000223e+02 2.401000000000000000e+03 1.300653076171875000e+02
3.874239999999999782e+02 1.811000000000000000e+03 1.300667877197265625e+02
3.877610000000000241e+02 9.740000000000000000e+02 1.300659790039062500e+02
3.880969999999999800e+02 1.075000000000000000e+03 1.300651245117187500e+02
3.884329999999999927e+02 5.840000000000000000e+02 1.300621795654296875e+02
3.887690000000000055e+02 4.570000000000000000e+02 1.300644073486328125e+02
3.891059999999999945e+02 2.920000000000000000e+02 1.300632324218750000e+02
3.894420000000000073e+02 2.280000000000000000e+02 1.300691070556640625e+02
3.897780000000000200e+02 2.630000000000000000e+02 1.300645446777343750e+02
3.901150000000000091e+02 2.030000000000000000e+02 1.300664672851562500e+02
3.904510000000000218e+02 3.960000000000000000e+02 1.300630798339843750e+02
3.907869999999999777e+02 1.290000000000000000e+02 1.300679321289062500e+02
3.911240000000000236e+02 8.700000000000000000e+01 1.300606536865234375e+02
3.914599999999999795e+02 1.980000000000000000e+02 1.300679473876953125e+02
3.917959999999999923e+02 7.200000000000000000e+01 1.300676422119140625e+02
3.921320000000000050e+02 9.400000000000000000e+01 1.300665588378906250e+02
3.924689999999999941e+02 1.320000000000000000e+02 1.300615386962890625e+02
3.928050000000000068e+02 4.600000000000000000e+01 1.300849914550781250e+02
3.931419999999999959e+02 5.400000000000000000e+01 1.300761108398437500e+02
3.934780000000000086e+02 9.400000000000000000e+01 1.300677947998046875e+02
3.938140000000000214e+02 6.500000000000000000e+01 1.300640106201171875e+02
3.941499999999999773e+02 1.020000000000000000e+02 1.300610198974609375e+02
3.944870000000000232e+02 9.400000000000000000e+01 1.300571899414062500e+02
3.948249999999999886e+02 1.150000000000000000e+02 1.300644531250000000e+02
3.951610000000000014e+02 6.800000000000000000e+01 1.300692596435546875e+02
3.954970000000000141e+02 8.500000000000000000e+01 1.300597076416015625e+02
3.958340000000000032e+02 9.400000000000000000e+01 1.300618896484375000e+02
3.961700000000000159e+02 6.100000000000000000e+01 1.300662994384765625e+02
3.965059999999999718e+02 1.160000000000000000e+02 1.300572509765625000e+02
3.968419999999999845e+02 4.400000000000000000e+01 1.300775299072265625e+02
3.971789999999999736e+02 8.400000000000000000e+01 1.300735321044921875e+02
3.975149999999999864e+02 8.200000000000000000e+01 1.300651702880859375e+02
3.978509999999999991e+02 4.100000000000000000e+01 1.300737762451171875e+02
3.981879999999999882e+02 9.300000000000000000e+01 1.300630798339843750e+02
3.985240000000000009e+02 1.240000000000000000e+02 1.300639495849609375e+02
