2.369919999999999902e+02 3.060000000000000000e+02 3.471115112304687500e+02
2.373280000000000030e+02 4.490000000000000000e+02 3.471129150390625000e+02
2.376649999999999920e+02 2.280000000000000000e+02 3.471155090332031250e+02
2.380010000000000048e+02 3.500000000000000000e+02 3.471107177734375000e+02
2.383369999999999891e+02 3.340000000000000000e+02 3.471176452636718750e+02
2.386730000000000018e+02 2.870000000000000000e+02 3.471187133789062500e+02
2.390099999999999909e+02 6.250000000000000000e+02 3.471152954101562500e+02
2.393460000000000036e+02 4.990000000000000000e+02 3.471196289062500000e+02
2.396819999999999879e+02 8.470000000000000000e+02 3.471146545410156250e+02
2.400190000000000055e+02 8.400000000000000000e+02 3.471185607910156250e+02
2.403549999999999898e+02 1.097000000000000000e+03 3.471224670410156250e+02
2.406910000000000025e+02 9.060000000000000000e+02 3.471181945800781250e+02
2.410279999999999916e+02 9.990000000000000000e+02 3.471155395507812500e+02
2.413640000000000043e+02 1.106000000000000000e+03 3.471133728027343750e+02
2.416999999999999886e+02 9.410000000000000000e+02 3.471206970214843750e+02
2.420360000000000014e+02 7.560000000000000000e+02 3.471232910156250000e+02
2.423729999999999905e+02 4.870000000000000000e+02 3.471217041015625000e+02
2.427090000000000032e+02 6.790000000000000000e+02 3.471188659667968750e+02
2.430449999999999875e+02 4.240000000000000000e+02 3.471263122558593750e+02
2.433820000000000050e+02 3.960000000000000000e+02 3.471052246093750000e+02
2.437179999999999893e+02 3.980000000000000000e+02 3.471245117187500000e+02
2.440540000000000020e+02 3.100000000000000000e+02 3.471151123046875000e+02
2.443909999999999911e+02 3.140000000000000000e+02 3.471307067871093750e+02
