2.857649999999999864e+02 2.110000000000000000e+02 5.271087036132812500e+02
2.861030000000000086e+02 4.910000000000000000e+02 5.270939941406250000e+02
2.864390000000000214e+02 2.078000000000000000e+03 5.270989990234375000e+02
2.867749999999999773e+02 3.868000000000000000e+03 5.271011962890625000e+02
2.871120000000000232e+02 5.937000000000000000e+03 5.270986938476562500e+02
2.874479999999999791e+02 6.869000000000000000e+03 5.270994262695312500e+02
2.877839999999999918e+02 8.169000000000000000e+03 5.271003417968750000e+02
2.881209999999999809e+02 9.714000000000000000e+03 5.270979003906250000e+02
2.884569999999999936e+02 8.307000000000000000e+03 5.271008911132812500e+02
2.887930000000000064e+02 9.240000000000000000e+03 5.270996093750000000e+02
2.891290000000000191e+02 8.354000000000000000e+03 5.271026000976562500e+02
2.894660000000000082e+02 8.039000000000000000e+03 5.271019897460937500e+02
2.898020000000000209e+02 7.337000000000000000e+03 5.271034545898437500e+02
2.901379999999999768e+02 7.530000000000000000e+03 5.271024780273437500e+02
2.904750000000000227e+02 7.675000000000000000e+03 5.271007080078125000e+02
2.908109999999999786e+02 7.780000000000000000e+03 5.270997314453125000e+02
2.911469999999999914e+02 8.760000000000000000e+03 5.271039428710937500e+02
2.914839999999999804e+02 8.237000000000000000e+03 5.270997924804687500e+02
2.918199999999999932e+02 8.059000000000000000e+03 5.271013793945312500e+02
2.921560000000000059e+02 7.491000000000000000e+03 5.271007080078125000e+02
2.924920000000000186e+02 6.135000000000000000e+03 5.271024169921875000e+02
2.928290000000000077e+02 5.543000000000000000e+03 5.271013183593750000e+02
2.931650000000000205e+02 3.815000000000000000e+03 5.271012573242187500e+02
2.935009999999999764e+02 2.808000000000000000e+03 5.271018676757812500e+02
2.938380000000000223e+02 2.016000000000000000e+03 5.271013183593750000e+02
2.941739999999999782e+02 1.065000000000000000e+03 5.271083374023437500e+02
2.945110000000000241e+02 9.630000000000000000e+02 5.271021728515625000e+02
2.948469999999999800e+02 5.720000000000000000e+02 5.271038208007812500e+02
2.951829999999999927e+02 2.290000000000000000e+02 5.271077880859375000e+02
2.955199999999999818e+02 3.200000000000000000e+02 5.271071777343750000e+02
