3.177269999999999754e+02 2.910000000000000000e+02 4.871287536621093750e+02
3.180629999999999882e+02 3.780000000000000000e+02 4.871348571777343750e+02
3.183999999999999773e+02 5.310000000000000000e+02 4.871198730468750000e+02
3.187359999999999900e+02 9.880000000000000000e+02 4.871261901855468750e+02
3.190720000000000027e+02 7.240000000000000000e+02 4.871289367675781250e+02
3.194089999999999918e+02 1.032000000000000000e+03 4.871246032714843750e+02
3.197450000000000045e+02 8.180000000000000000e+02 4.871230773925781250e+02
3.200810000000000173e+02 8.280000000000000000e+02 4.871277160644531250e+02
3.204169999999999732e+02 6.690000000000000000e+02 4.871240539550781250e+02
3.207540000000000191e+02 9.240000000000000000e+02 4.871274414062500000e+02
3.210899999999999750e+02 6.320000000000000000e+02 4.871254882812500000e+02
3.214259999999999877e+02 4.360000000000000000e+02 4.871193237304687500e+02
3.217629999999999768e+02 4.210000000000000000e+02 4.871252136230468750e+02
3.220989999999999895e+02 2.110000000000000000e+02 4.871190490722656250e+02
