2.968670000000000186e+02 2.270000000000000000e+02 4.250921936035156250e+02
2.972029999999999745e+02 1.650000000000000000e+02 4.250908203125000000e+02
2.975389999999999873e+02 4.130000000000000000e+02 4.250780334472656250e+02
2.978750000000000000e+02 5.220000000000000000e+02 4.250825195312500000e+02
2.982119999999999891e+02 7.350000000000000000e+02 4.250778198242187500e+02
2.985480000000000018e+02 7.960000000000000000e+02 4.250721740722656250e+02
2.988840000000000146e+02 7.110000000000000000e+02 4.250805664062500000e+02
2.992210000000000036e+02 6.980000000000000000e+02 4.250786437988281250e+02
2.995570000000000164e+02 6.260000000000000000e+02 4.250791931152343750e+02
2.998929999999999723e+02 8.380000000000000000e+02 4.250733642578125000e+02
3.002300000000000182e+02 6.600000000000000000e+02 4.250824584960937500e+02
3.005659999999999741e+02 6.160000000000000000e+02 4.250772399902343750e+02
