3.449099999999999966e+01 6.630000000000000000e+02 3.120187377929687500e+02
3.482699999999999818e+01 6.140000000000000000e+02 3.120240478515625000e+02
3.516400000000000148e+01 4.650000000000000000e+02 3.120284118652343750e+02
3.550000000000000000e+01 5.540000000000000000e+02 3.120242614746093750e+02
3.583700000000000330e+01 4.350000000000000000e+02 3.120106506347656250e+02
3.617300000000000182e+01 5.340000000000000000e+02 3.120304565429687500e+02
3.650900000000000034e+01 5.860000000000000000e+02 3.120092163085937500e+02
3.684599999999999653e+01 6.210000000000000000e+02 3.120048217773437500e+02
3.718200000000000216e+01 4.430000000000000000e+02 3.120103149414062500e+02
3.751800000000000068e+01 5.270000000000000000e+02 3.120027770996093750e+02
3.785399999999999920e+01 5.910000000000000000e+02 3.119979858398437500e+02
3.819100000000000250e+01 5.550000000000000000e+02 3.119970397949218750e+02
3.852700000000000102e+01 5.770000000000000000e+02 3.119957275390625000e+02
3.886299999999999955e+01 4.020000000000000000e+02 3.119998474121093750e+02
3.920000000000000284e+01 5.640000000000000000e+02 3.120052795410156250e+02
3.953600000000000136e+01 7.500000000000000000e+02 3.120082092285156250e+02
3.987199999999999989e+01 5.360000000000000000e+02 3.120071105957031250e+02
4.020799999999999841e+01 6.220000000000000000e+02 3.120060424804687500e+02
4.054500000000000171e+01 3.280000000000000000e+02 3.120119934082031250e+02
4.088100000000000023e+01 6.000000000000000000e+02 3.120039978027343750e+02
4.121699999999999875e+01 4.270000000000000000e+02 3.120101928710937500e+02
4.155400000000000205e+01 3.960000000000000000e+02 3.120228271484375000e+02
4.189000000000000057e+01 6.110000000000000000e+02 3.120096435546875000e+02
4.222699999999999676e+01 6.150000000000000000e+02 3.120149536132812500e+02
4.256300000000000239e+01 7.060000000000000000e+02 3.120124511718750000e+02
4.289999999999999858e+01 3.150000000000000000e+02 3.120150146484375000e+02
4.323599999999999710e+01 3.290000000000000000e+02 3.120195922851562500e+02
4.357300000000000040e+01 4.690000000000000000e+02 3.120148925781250000e+02
4.390999999999999659e+01 3.940000000000000000e+02 3.120097961425781250e+02
4.424699999999999989e+01 4.560000000000000000e+02 3.120086975097656250e+02
4.458299999999999841e+01 4.230000000000000000e+02 3.120217285156250000e+02
4.491899999999999693e+01 6.400000000000000000e+02 3.120127258300781250e+02
4.525600000000000023e+01 7.870000000000000000e+02 3.120116882324218750e+02
4.559199999999999875e+01 3.230000000000000000e+02 3.120099182128906250e+02
4.592799999999999727e+01 3.360000000000000000e+02 3.120032653808593750e+02
4.626400000000000290e+01 6.130000000000000000e+02 3.120017089843750000e+02
4.660099999999999909e+01 4.580000000000000000e+02 3.120011596679687500e+02
4.693699999999999761e+01 3.800000000000000000e+02 3.120086975097656250e+02
4.727300000000000324e+01 4.130000000000000000e+02 3.120017089843750000e+02
4.760999999999999943e+01 2.870000000000000000e+02 3.120020446777343750e+02
4.794599999999999795e+01 3.220000000000000000e+02 3.120010070800781250e+02
4.828199999999999648e+01 2.670000000000000000e+02 3.119952697753906250e+02
4.861899999999999977e+01 4.620000000000000000e+02 3.120093383789062500e+02
4.895499999999999829e+01 4.140000000000000000e+02 3.119999084472656250e+02
