3.247099999999999653e+01 4.070000000000000000e+02 2.970197753906250000e+02
3.280700000000000216e+01 4.820000000000000000e+02 2.970190429687500000e+02
3.314399999999999835e+01 4.080000000000000000e+02 2.970129699707031250e+02
3.347999999999999687e+01 4.560000000000000000e+02 2.970172729492187500e+02
3.381799999999999784e+01 4.710000000000000000e+02 2.970141906738281250e+02
3.415500000000000114e+01 5.070000000000000000e+02 2.970232849121093750e+02
3.449099999999999966e+01 5.070000000000000000e+02 2.970168151855468750e+02
3.482699999999999818e+01 6.650000000000000000e+02 2.970168457031250000e+02
3.516400000000000148e+01 4.640000000000000000e+02 2.970220336914062500e+02
3.550000000000000000e+01 3.090000000000000000e+02 2.970114746093750000e+02
3.583700000000000330e+01 6.410000000000000000e+02 2.970222473144531250e+02
3.617300000000000182e+01 5.950000000000000000e+02 2.970123901367187500e+02
3.650900000000000034e+01 4.120000000000000000e+02 2.970018920898437500e+02
3.684599999999999653e+01 7.050000000000000000e+02 2.970134277343750000e+02
3.718200000000000216e+01 5.630000000000000000e+02 2.970107727050781250e+02
3.751800000000000068e+01 4.510000000000000000e+02 2.970086059570312500e+02
3.785399999999999920e+01 5.210000000000000000e+02 2.970003662109375000e+02
3.819100000000000250e+01 4.320000000000000000e+02 2.970038452148437500e+02
3.852700000000000102e+01 4.700000000000000000e+02 2.970021362304687500e+02
3.886299999999999955e+01 4.850000000000000000e+02 2.970230712890625000e+02
3.920000000000000284e+01 5.520000000000000000e+02 2.970117492675781250e+02
3.953600000000000136e+01 4.890000000000000000e+02 2.970027160644531250e+02
3.987199999999999989e+01 6.140000000000000000e+02 2.970064697265625000e+02
4.020799999999999841e+01 4.370000000000000000e+02 2.970064392089843750e+02
4.054500000000000171e+01 4.640000000000000000e+02 2.970039062500000000e+02
4.088100000000000023e+01 5.670000000000000000e+02 2.970122985839843750e+02
4.121699999999999875e+01 6.480000000000000000e+02 2.970020751953125000e+02
4.155400000000000205e+01 7.730000000000000000e+02 2.970049743652343750e+02
4.189000000000000057e+01 6.800000000000000000e+02 2.970101318359375000e+02
4.222699999999999676e+01 3.310000000000000000e+02 2.970237426757812500e+02
