2.945110000000000241e+02 2.080000000000000000e+02 3.601415710449218750e+02
2.948469999999999800e+02 3.030000000000000000e+02 3.601327209472656250e+02
2.951829999999999927e+02 5.010000000000000000e+02 3.601289672851562500e+02
2.955199999999999818e+02 4.810000000000000000e+02 3.601277770996093750e+02
2.958559999999999945e+02 5.660000000000000000e+02 3.601333618164062500e+02
2.961940000000000168e+02 7.350000000000000000e+02 3.601351013183593750e+02
2.965299999999999727e+02 6.200000000000000000e+02 3.601290283203125000e+02
2.968670000000000186e+02 6.000000000000000000e+02 3.601324768066406250e+02
2.972029999999999745e+02 4.880000000000000000e+02 3.601374206542968750e+02
2.975389999999999873e+02 4.800000000000000000e+02 3.601293029785156250e+02
2.978750000000000000e+02 5.200000000000000000e+02 3.601423339843750000e+02
2.982119999999999891e+02 3.070000000000000000e+02 3.601311645507812500e+02
2.985480000000000018e+02 2.650000000000000000e+02 3.601370239257812500e+02
2.988840000000000146e+02 2.480000000000000000e+02 3.601333923339843750e+02
2.992210000000000036e+02 2.530000000000000000e+02 3.601309509277343750e+02
2.995570000000000164e+02 1.340000000000000000e+02 3.601315002441406250e+02
