2.110900000000000034e+02 7.700000000000000000e+01 2.510557861328125000e+02
2.114269999999999925e+02 1.680000000000000000e+02 2.510518188476562500e+02
2.117630000000000052e+02 2.460000000000000000e+02 2.510510253906250000e+02
2.120989999999999895e+02 3.540000000000000000e+02 2.510462188720703125e+02
2.124350000000000023e+02 4.420000000000000000e+02 2.510483703613281250e+02
2.127719999999999914e+02 6.160000000000000000e+02 2.510476074218750000e+02
2.131080000000000041e+02 6.200000000000000000e+02 2.510485687255859375e+02
2.134439999999999884e+02 5.480000000000000000e+02 2.510516662597656250e+02
2.137810000000000059e+02 7.290000000000000000e+02 2.510473175048828125e+02
2.141169999999999902e+02 6.330000000000000000e+02 2.510459136962890625e+02
2.144530000000000030e+02 4.990000000000000000e+02 2.510510253906250000e+02
2.147899999999999920e+02 3.550000000000000000e+02 2.510499420166015625e+02
2.151260000000000048e+02 5.390000000000000000e+02 2.510475616455078125e+02
2.154639999999999986e+02 3.260000000000000000e+02 2.510540008544921875e+02
2.158009999999999877e+02 2.540000000000000000e+02 2.510495147705078125e+02
2.161370000000000005e+02 2.970000000000000000e+02 2.510500793457031250e+02
2.164730000000000132e+02 2.990000000000000000e+02 2.510505218505859375e+02
2.168100000000000023e+02 2.190000000000000000e+02 2.510558471679687500e+02
2.171459999999999866e+02 2.070000000000000000e+02 2.510570068359375000e+02
2.174819999999999993e+02 2.310000000000000000e+02 2.510576934814453125e+02
