1.337199999999999989e+02 1.010000000000000000e+02 4.600180664062500000e+02
1.340569999999999879e+02 2.300000000000000000e+02 4.600066528320312500e+02
1.343930000000000007e+02 6.420000000000000000e+02 4.600049743652343750e+02
1.347309999999999945e+02 1.131000000000000000e+03 4.600009765625000000e+02
1.350670000000000073e+02 1.907000000000000000e+03 4.600040588378906250e+02
1.354039999999999964e+02 2.572000000000000000e+03 4.600068359375000000e+02
1.357410000000000139e+02 3.498000000000000000e+03 4.600049743652343750e+02
1.360769999999999982e+02 3.952000000000000000e+03 4.600039672851562500e+02
1.364139999999999873e+02 4.966000000000000000e+03 4.600065307617187500e+02
1.367500000000000000e+02 5.285000000000000000e+03 4.600049743652343750e+02
1.370869999999999891e+02 5.478000000000000000e+03 4.600081176757812500e+02
1.374230000000000018e+02 5.296000000000000000e+03 4.600060424804687500e+02
1.377599999999999909e+02 5.353000000000000000e+03 4.600064086914062500e+02
1.380960000000000036e+02 6.308000000000000000e+03 4.600046691894531250e+02
1.384319999999999879e+02 6.167000000000000000e+03 4.600043029785156250e+02
1.387680000000000007e+02 5.960000000000000000e+03 4.600064697265625000e+02
1.391049999999999898e+02 5.337000000000000000e+03 4.600056152343750000e+02
1.394410000000000025e+02 5.925000000000000000e+03 4.600050964355468750e+02
1.397769999999999868e+02 5.923000000000000000e+03 4.600060424804687500e+02
1.401140000000000043e+02 5.425000000000000000e+03 4.600076599121093750e+02
1.404499999999999886e+02 5.484000000000000000e+03 4.600050354003906250e+02
1.407860000000000014e+02 5.531000000000000000e+03 4.600050964355468750e+02
1.411229999999999905e+02 5.450000000000000000e+03 4.600066528320312500e+02
1.414590000000000032e+02 5.283000000000000000e+03 4.600077209472656250e+02
1.417949999999999875e+02 5.729000000000000000e+03 4.600065917968750000e+02
1.421320000000000050e+02 5.131000000000000000e+03 4.600048217773437500e+02
1.424679999999999893e+02 5.186000000000000000e+03 4.600042419433593750e+02
1.428040000000000020e+02 4.837000000000000000e+03 4.600059509277343750e+02
1.431399999999999864e+02 4.593000000000000000e+03 4.600057983398437500e+02
1.434770000000000039e+02 4.333000000000000000e+03 4.600058898925781250e+02
1.438129999999999882e+02 4.335000000000000000e+03 4.600101013183593750e+02
1.441490000000000009e+02 4.303000000000000000e+03 4.600081787109375000e+02
1.444859999999999900e+02 3.535000000000000000e+03 4.600057373046875000e+02
1.448240000000000123e+02 4.120000000000000000e+03 4.600053100585937500e+02
1.451610000000000014e+02 3.569000000000000000e+03 4.600096435546875000e+02
1.454970000000000141e+02 3.575000000000000000e+03 4.600062255859375000e+02
1.458329999999999984e+02 2.994000000000000000e+03 4.600055236816406250e+02
1.461699999999999875e+02 2.916000000000000000e+03 4.600031433105468750e+02
1.465060000000000002e+02 3.200000000000000000e+03 4.600025939941406250e+02
1.468420000000000130e+02 1.957000000000000000e+03 4.600072326660156250e+02
1.471790000000000020e+02 2.216000000000000000e+03 4.600058898925781250e+02
1.475149999999999864e+02 2.100000000000000000e+03 4.600056762695312500e+02
1.478509999999999991e+02 1.605000000000000000e+03 4.600096130371093750e+02
1.481870000000000118e+02 1.497000000000000000e+03 4.600075073242187500e+02
1.485240000000000009e+02 1.211000000000000000e+03 4.600128784179687500e+02
1.488600000000000136e+02 1.057000000000000000e+03 4.600037231445312500e+02
1.491959999999999980e+02 8.220000000000000000e+02 4.600067138671875000e+02
1.495329999999999870e+02 7.910000000000000000e+02 4.600088806152343750e+02
1.498689999999999998e+02 5.210000000000000000e+02 4.600076599121093750e+02
1.502059999999999889e+02 7.140000000000000000e+02 4.600076599121093750e+02
1.505420000000000016e+02 5.490000000000000000e+02 4.600032043457031250e+02
1.508779999999999859e+02 4.150000000000000000e+02 4.600015869140625000e+02
1.512150000000000034e+02 5.490000000000000000e+02 4.600034484863281250e+02
1.515509999999999877e+02 4.240000000000000000e+02 4.600066223144531250e+02
1.518870000000000005e+02 4.230000000000000000e+02 4.600094909667968750e+02
1.522230000000000132e+02 4.390000000000000000e+02 4.600037841796875000e+02
1.525600000000000023e+02 4.280000000000000000e+02 4.600067138671875000e+02
