3.103269999999999982e+02 6.070000000000000000e+02 4.311797180175781250e+02
3.106630000000000109e+02 6.390000000000000000e+02 4.311780700683593750e+02
3.109990000000000236e+02 5.380000000000000000e+02 4.311818847656250000e+02
3.113360000000000127e+02 6.860000000000000000e+02 4.311786499023437500e+02
3.116720000000000255e+02 4.830000000000000000e+02 4.311720275878906250e+02
3.120079999999999814e+02 5.380000000000000000e+02 4.311818847656250000e+02
3.123450000000000273e+02 5.790000000000000000e+02 4.311786804199218750e+02
3.126809999999999832e+02 5.510000000000000000e+02 4.311891174316406250e+02
3.130169999999999959e+02 4.380000000000000000e+02 4.311813354492187500e+02
3.133530000000000086e+02 4.400000000000000000e+02 4.311908264160156250e+02
3.136899999999999977e+02 5.270000000000000000e+02 4.311853027343750000e+02
3.140260000000000105e+02 4.820000000000000000e+02 4.311845092773437500e+02
3.143620000000000232e+02 4.850000000000000000e+02 4.311849975585937500e+02
3.146990000000000123e+02 3.940000000000000000e+02 4.311836853027343750e+02
3.150350000000000250e+02 3.250000000000000000e+02 4.311784973144531250e+02
3.153709999999999809e+02 3.430000000000000000e+02 4.311774597167968750e+02
3.157080000000000268e+02 2.370000000000000000e+02 4.311855468750000000e+02
3.160439999999999827e+02 1.520000000000000000e+02 4.311687011718750000e+02
3.163820000000000050e+02 2.660000000000000000e+02 4.311817016601562500e+02
3.167180000000000177e+02 2.980000000000000000e+02 4.311791687011718750e+02
3.170539999999999736e+02 2.890000000000000000e+02 4.311914978027343750e+02
3.173910000000000196e+02 5.750000000000000000e+02 4.311799011230468750e+02
3.177269999999999754e+02 6.150000000000000000e+02 4.311752929687500000e+02
3.180629999999999882e+02 6.310000000000000000e+02 4.311881408691406250e+02
3.183999999999999773e+02 5.740000000000000000e+02 4.311870117187500000e+02
3.187359999999999900e+02 7.010000000000000000e+02 4.311847534179687500e+02
3.190720000000000027e+02 6.770000000000000000e+02 4.311887512207031250e+02
3.194089999999999918e+02 6.340000000000000000e+02 4.311816406250000000e+02
3.197450000000000045e+02 4.910000000000000000e+02 4.311682434082031250e+02
3.200810000000000173e+02 5.230000000000000000e+02 4.311814880371093750e+02
3.204169999999999732e+02 3.930000000000000000e+02 4.311826171875000000e+02
3.207540000000000191e+02 3.380000000000000000e+02 4.311804504394531250e+02
3.210899999999999750e+02 3.240000000000000000e+02 4.311718444824218750e+02
3.214259999999999877e+02 3.060000000000000000e+02 4.311748962402343750e+02
3.217629999999999768e+02 2.200000000000000000e+02 4.311734619140625000e+02
3.220989999999999895e+02 1.840000000000000000e+02 4.311730346679687500e+02
3.224350000000000023e+02 2.540000000000000000e+02 4.311900939941406250e+02
3.227719999999999914e+02 1.940000000000000000e+02 4.311804504394531250e+02
3.231080000000000041e+02 3.100000000000000000e+02 4.311895751953125000e+02
3.234440000000000168e+02 2.600000000000000000e+02 4.311826782226562500e+02
3.237799999999999727e+02 2.460000000000000000e+02 4.311934204101562500e+02
3.241170000000000186e+02 2.840000000000000000e+02 4.311900024414062500e+02
3.244529999999999745e+02 1.830000000000000000e+02 4.311730346679687500e+02
3.247900000000000205e+02 2.690000000000000000e+02 4.311839599609375000e+02
3.251259999999999764e+02 3.230000000000000000e+02 4.311834106445312500e+02
3.254630000000000223e+02 2.190000000000000000e+02 4.311730346679687500e+02
3.257989999999999782e+02 1.770000000000000000e+02 4.311862487792968750e+02
3.261360000000000241e+02 2.000000000000000000e+02 4.311907653808593750e+02
3.264730000000000132e+02 2.370000000000000000e+02 4.311773071289062500e+02
3.268100000000000023e+02 2.070000000000000000e+02 4.311835632324218750e+02
3.271460000000000150e+02 2.380000000000000000e+02 4.311652221679687500e+02
3.274820000000000277e+02 1.950000000000000000e+02 4.311853637695312500e+02
3.278190000000000168e+02 2.360000000000000000e+02 4.311782531738281250e+02
