6.416699999999999591e+02 2.110000000000000000e+02 3.011688232421875000e+02
6.420059999999999718e+02 2.810000000000000000e+02 3.011730651855468750e+02
6.423419999999999845e+02 3.990000000000000000e+02 3.011734313964843750e+02
6.426779999999999973e+02 3.980000000000000000e+02 3.011766052246093750e+02
6.430140000000000100e+02 2.200000000000000000e+02 3.011861572265625000e+02
6.433500000000000227e+02 4.550000000000000000e+02 3.011749877929687500e+02
6.436860000000000355e+02 6.970000000000000000e+02 3.011737365722656250e+02
6.440220000000000482e+02 3.950000000000000000e+02 3.011685180664062500e+02
6.443640000000000327e+02 4.730000000000000000e+02 3.011748962402343750e+02
6.446939999999999600e+02 4.460000000000000000e+02 3.011761169433593750e+02
6.450359999999999445e+02 4.710000000000000000e+02 3.011749877929687500e+02
6.453719999999999573e+02 3.090000000000000000e+02 3.011825866699218750e+02
6.457079999999999700e+02 2.090000000000000000e+02 3.011741027832031250e+02
6.460439999999999827e+02 1.790000000000000000e+02 3.011672058105468750e+02
6.463799999999999955e+02 1.510000000000000000e+02 3.011763305664062500e+02
6.467160000000000082e+02 1.840000000000000000e+02 3.011821899414062500e+02
6.470520000000000209e+02 2.210000000000000000e+02 3.011697692871093750e+02
6.473880000000000337e+02 1.410000000000000000e+02 3.011747131347656250e+02
6.477240000000000464e+02 9.600000000000000000e+01 3.011766052246093750e+02
6.480599999999999454e+02 8.000000000000000000e+01 3.011604003906250000e+02
6.483959999999999582e+02 1.300000000000000000e+02 3.011791992187500000e+02
6.487319999999999709e+02 1.420000000000000000e+02 3.011814575195312500e+02
6.490679999999999836e+02 1.750000000000000000e+02 3.011640014648437500e+02
6.494099999999999682e+02 1.500000000000000000e+02 3.011721496582031250e+02
