3.049379999999999882e+02 2.850000000000000000e+02 4.151607055664062500e+02
3.052740000000000009e+02 2.460000000000000000e+02 4.151570739746093750e+02
3.056100000000000136e+02 4.450000000000000000e+02 4.151740112304687500e+02
3.059470000000000027e+02 3.840000000000000000e+02 4.151594848632812500e+02
3.062850000000000250e+02 5.620000000000000000e+02 4.151578674316406250e+02
3.066209999999999809e+02 8.920000000000000000e+02 4.151638488769531250e+02
3.069569999999999936e+02 2.073000000000000000e+03 4.151605224609375000e+02
3.072989999999999782e+02 2.433000000000000000e+03 4.151558532714843750e+02
3.076349999999999909e+02 3.732000000000000000e+03 4.151559143066406250e+02
3.079719999999999800e+02 5.363000000000000000e+03 4.151544799804687500e+02
3.083079999999999927e+02 5.547000000000000000e+03 4.151568298339843750e+02
3.086440000000000055e+02 5.264000000000000000e+03 4.151553344726562500e+02
3.089809999999999945e+02 6.261000000000000000e+03 4.151562500000000000e+02
3.093170000000000073e+02 4.299000000000000000e+03 4.151565551757812500e+02
3.096539999999999964e+02 4.314000000000000000e+03 4.151600646972656250e+02
3.099900000000000091e+02 3.123000000000000000e+03 4.151569519042968750e+02
3.103269999999999982e+02 2.746000000000000000e+03 4.151566467285156250e+02
3.106630000000000109e+02 2.031000000000000000e+03 4.151544189453125000e+02
3.109990000000000236e+02 1.562000000000000000e+03 4.151591491699218750e+02
3.113360000000000127e+02 1.141000000000000000e+03 4.151624755859375000e+02
3.116720000000000255e+02 8.980000000000000000e+02 4.151544799804687500e+02
3.120079999999999814e+02 6.510000000000000000e+02 4.151659851074218750e+02
3.123450000000000273e+02 5.390000000000000000e+02 4.151559143066406250e+02
3.126809999999999832e+02 4.960000000000000000e+02 4.151592407226562500e+02
3.130169999999999959e+02 4.160000000000000000e+02 4.151626281738281250e+02
3.133530000000000086e+02 3.300000000000000000e+02 4.151490783691406250e+02
