1.724070000000000107e+02 1.470000000000000000e+02 3.151185607910156250e+02
1.727439999999999998e+02 1.240000000000000000e+02 3.151277160644531250e+02
1.730800000000000125e+02 5.000000000000000000e+01 3.151158142089843750e+02
1.734159999999999968e+02 1.060000000000000000e+02 3.151319580078125000e+02
1.737529999999999859e+02 7.100000000000000000e+01 3.151244506835937500e+02
1.740889999999999986e+02 6.600000000000000000e+01 3.151302490234375000e+02
1.744250000000000114e+02 6.300000000000000000e+01 3.151466674804687500e+02
1.747609999999999957e+02 8.000000000000000000e+01 3.151347961425781250e+02
1.750989999999999895e+02 1.800000000000000000e+02 3.151315307617187500e+02
1.754360000000000070e+02 2.830000000000000000e+02 3.151308288574218750e+02
1.757719999999999914e+02 2.270000000000000000e+02 3.151216430664062500e+02
1.761080000000000041e+02 3.000000000000000000e+02 3.151279296875000000e+02
1.764449999999999932e+02 2.820000000000000000e+02 3.151316223144531250e+02
1.767810000000000059e+02 3.200000000000000000e+02 3.151328430175781250e+02
1.771169999999999902e+02 4.260000000000000000e+02 3.151380615234375000e+02
1.774530000000000030e+02 5.510000000000000000e+02 3.151400756835937500e+02
1.777899999999999920e+02 4.520000000000000000e+02 3.151412963867187500e+02
1.781260000000000048e+02 6.540000000000000000e+02 3.151403503417968750e+02
1.784619999999999891e+02 6.620000000000000000e+02 3.151345825195312500e+02
1.787990000000000066e+02 4.640000000000000000e+02 3.151400146484375000e+02
1.791349999999999909e+02 5.820000000000000000e+02 3.151375427246093750e+02
1.794710000000000036e+02 4.600000000000000000e+02 3.151402282714843750e+02
1.798079999999999927e+02 3.010000000000000000e+02 3.151365661621093750e+02
1.801440000000000055e+02 3.410000000000000000e+02 3.151370849609375000e+02
1.804799999999999898e+02 3.220000000000000000e+02 3.151325683593750000e+02
1.808170000000000073e+02 2.460000000000000000e+02 3.151370239257812500e+02
1.811529999999999916e+02 1.780000000000000000e+02 3.151350708007812500e+02
1.814890000000000043e+02 2.010000000000000000e+02 3.151386108398437500e+02
1.818249999999999886e+02 3.080000000000000000e+02 3.151454162597656250e+02
1.821620000000000061e+02 3.500000000000000000e+02 3.151360473632812500e+02
1.824979999999999905e+02 3.310000000000000000e+02 3.151281433105468750e+02
1.828340000000000032e+02 3.690000000000000000e+02 3.151384887695312500e+02
1.831709999999999923e+02 4.490000000000000000e+02 3.151322021484375000e+02
1.835070000000000050e+02 3.690000000000000000e+02 3.151416320800781250e+02
1.838439999999999941e+02 1.760000000000000000e+02 3.151479797363281250e+02
1.841800000000000068e+02 3.740000000000000000e+02 3.151312866210937500e+02
1.845169999999999959e+02 5.110000000000000000e+02 3.151423034667968750e+02
1.848530000000000086e+02 4.010000000000000000e+02 3.151330566406250000e+02
1.851910000000000025e+02 4.610000000000000000e+02 3.151349182128906250e+02
1.855269999999999868e+02 4.810000000000000000e+02 3.151368713378906250e+02
1.858629999999999995e+02 5.550000000000000000e+02 3.151374816894531250e+02
1.861999999999999886e+02 4.310000000000000000e+02 3.151303405761718750e+02
1.865360000000000014e+02 3.870000000000000000e+02 3.151337280273437500e+02
1.868720000000000141e+02 4.280000000000000000e+02 3.151375732421875000e+02
1.872090000000000032e+02 2.740000000000000000e+02 3.151344299316406250e+02
1.875449999999999875e+02 2.610000000000000000e+02 3.151288757324218750e+02
1.878810000000000002e+02 2.160000000000000000e+02 3.151336669921875000e+02
1.882179999999999893e+02 3.000000000000000000e+02 3.151384582519531250e+02
1.885540000000000020e+02 2.660000000000000000e+02 3.151423034667968750e+02
1.888899999999999864e+02 3.870000000000000000e+02 3.151386108398437500e+02
1.892259999999999991e+02 5.570000000000000000e+02 3.151305847167968750e+02
1.895629999999999882e+02 6.610000000000000000e+02 3.151433410644531250e+02
1.898990000000000009e+02 5.760000000000000000e+02 3.151428527832031250e+02
1.902350000000000136e+02 8.590000000000000000e+02 3.151365966796875000e+02
1.905720000000000027e+02 7.300000000000000000e+02 3.151391906738281250e+02
1.909079999999999870e+02 6.490000000000000000e+02 3.151388549804687500e+02
1.912439999999999998e+02 6.370000000000000000e+02 3.151393127441406250e+02
1.915809999999999889e+02 4.900000000000000000e+02 3.151377868652343750e+02
1.919170000000000016e+02 4.690000000000000000e+02 3.151423950195312500e+02
1.922529999999999859e+02 7.060000000000000000e+02 3.151351013183593750e+02
1.925889999999999986e+02 7.090000000000000000e+02 3.151373291015625000e+02
1.929259999999999877e+02 3.870000000000000000e+02 3.151401367187500000e+02
