9.649379999999999882e+02 5.160000000000000000e+02 1.501046752929687500e+02
9.652740000000000009e+02 3.840000000000000000e+02 1.501031951904296875e+02
9.656100000000000136e+02 2.580000000000000000e+02 1.501048278808593750e+02
9.659460000000000264e+02 3.080000000000000000e+02 1.501034088134765625e+02
9.662820000000000391e+02 2.020000000000000000e+02 1.501071777343750000e+02
9.666180000000000518e+02 2.740000000000000000e+02 1.501027984619140625e+02
9.669539999999999509e+02 3.780000000000000000e+02 1.501061096191406250e+02
9.672899999999999636e+02 1.790000000000000000e+02 1.501039123535156250e+02
9.676259999999999764e+02 2.680000000000000000e+02 1.501078186035156250e+02
9.679619999999999891e+02 3.160000000000000000e+02 1.501049041748046875e+02
9.682980000000000018e+02 3.340000000000000000e+02 1.501049499511718750e+02
9.686340000000000146e+02 3.230000000000000000e+02 1.501044311523437500e+02
9.689700000000000273e+02 3.490000000000000000e+02 1.501037139892578125e+02
9.693060000000000400e+02 2.020000000000000000e+02 1.501018218994140625e+02
9.696480000000000246e+02 3.100000000000000000e+02 1.501001586914062500e+02
9.699840000000000373e+02 2.720000000000000000e+02 1.501020050048828125e+02
9.703200000000000500e+02 2.330000000000000000e+02 1.500999755859375000e+02
9.706559999999999491e+02 3.110000000000000000e+02 1.501026306152343750e+02
9.709919999999999618e+02 2.570000000000000000e+02 1.501022491455078125e+02
9.713279999999999745e+02 2.850000000000000000e+02 1.501054992675781250e+02
9.716639999999999873e+02 2.490000000000000000e+02 1.501079559326171875e+02
9.720000000000000000e+02 3.280000000000000000e+02 1.501010742187500000e+02
9.723360000000000127e+02 3.650000000000000000e+02 1.501045074462890625e+02
9.726720000000000255e+02 2.110000000000000000e+02 1.501014709472656250e+02
9.730080000000000382e+02 2.570000000000000000e+02 1.501072082519531250e+02
9.733440000000000509e+02 3.860000000000000000e+02 1.501060943603515625e+02
9.736799999999999500e+02 1.820000000000000000e+02 1.501058349609375000e+02
9.740220000000000482e+02 2.460000000000000000e+02 1.501031036376953125e+02
9.743519999999999754e+02 2.120000000000000000e+02 1.501079711914062500e+02
9.746939999999999600e+02 2.890000000000000000e+02 1.501036682128906250e+02
9.750299999999999727e+02 2.490000000000000000e+02 1.501055450439453125e+02
9.753659999999999854e+02 3.670000000000000000e+02 1.501033630371093750e+02
9.757019999999999982e+02 3.810000000000000000e+02 1.500996398925781250e+02
9.760380000000000109e+02 3.580000000000000000e+02 1.501038970947265625e+02
9.763740000000000236e+02 2.280000000000000000e+02 1.501056976318359375e+02
9.767100000000000364e+02 3.140000000000000000e+02 1.501039276123046875e+02
9.770460000000000491e+02 1.670000000000000000e+02 1.501017150878906250e+02
9.773819999999999482e+02 3.110000000000000000e+02 1.501019287109375000e+02
9.777179999999999609e+02 1.710000000000000000e+02 1.501052703857421875e+02
9.780539999999999736e+02 3.820000000000000000e+02 1.501039733886718750e+02
9.783899999999999864e+02 2.860000000000000000e+02 1.501064910888671875e+02
9.787259999999999991e+02 1.970000000000000000e+02 1.501059265136718750e+02
9.790620000000000118e+02 3.260000000000000000e+02 1.501065979003906250e+02
9.793980000000000246e+02 2.180000000000000000e+02 1.501049957275390625e+02
9.797340000000000373e+02 6.460000000000000000e+02 1.501023712158203125e+02
9.800700000000000500e+02 2.180000000000000000e+02 1.501048278808593750e+02
9.804059999999999491e+02 3.080000000000000000e+02 1.501064758300781250e+02
9.807419999999999618e+02 3.540000000000000000e+02 1.501051788330078125e+02
9.810839999999999463e+02 3.200000000000000000e+02 1.501027526855468750e+02
9.814199999999999591e+02 4.500000000000000000e+02 1.501039276123046875e+02
9.817559999999999718e+02 2.940000000000000000e+02 1.501063842773437500e+02
9.820919999999999845e+02 3.760000000000000000e+02 1.501016082763671875e+02
9.824279999999999973e+02 4.120000000000000000e+02 1.501051788330078125e+02
9.827640000000000100e+02 3.190000000000000000e+02 1.501076354980468750e+02
9.831000000000000227e+02 2.490000000000000000e+02 1.501006927490234375e+02
9.834360000000000355e+02 2.920000000000000000e+02 1.501033935546875000e+02
9.837720000000000482e+02 1.870000000000000000e+02 1.501018371582031250e+02
9.841079999999999472e+02 5.360000000000000000e+02 1.501037139892578125e+02
9.844439999999999600e+02 3.980000000000000000e+02 1.501056518554687500e+02
9.847799999999999727e+02 2.600000000000000000e+02 1.501021881103515625e+02
9.851219999999999573e+02 3.440000000000000000e+02 1.501051635742187500e+02
9.854579999999999700e+02 3.330000000000000000e+02 1.501065673828125000e+02
9.857939999999999827e+02 2.020000000000000000e+02 1.501049957275390625e+02
9.861299999999999955e+02 2.050000000000000000e+02 1.500998840332031250e+02
9.864660000000000082e+02 2.260000000000000000e+02 1.501032104492187500e+02
9.868020000000000209e+02 2.620000000000000000e+02 1.501031646728515625e+02
9.871380000000000337e+02 5.890000000000000000e+02 1.501030273437500000e+02
9.874740000000000464e+02 3.410000000000000000e+02 1.501061859130859375e+02
9.878099999999999454e+02 1.630000000000000000e+02 1.501113433837890625e+02
9.881459999999999582e+02 1.690000000000000000e+02 1.501079864501953125e+02
9.884819999999999709e+02 3.590000000000000000e+02 1.501009521484375000e+02
9.888179999999999836e+02 3.450000000000000000e+02 1.501044006347656250e+02
9.891539999999999964e+02 4.550000000000000000e+02 1.501034851074218750e+02
9.894900000000000091e+02 3.490000000000000000e+02 1.501048431396484375e+02
9.898260000000000218e+02 4.320000000000000000e+02 1.501045379638671875e+02
9.901620000000000346e+02 3.010000000000000000e+02 1.501082916259765625e+02
9.904980000000000473e+02 3.090000000000000000e+02 1.501057281494140625e+02
9.908339999999999463e+02 4.330000000000000000e+02 1.501063537597656250e+02
9.911699999999999591e+02 3.550000000000000000e+02 1.501033172607421875e+02
9.915119999999999436e+02 1.980000000000000000e+02 1.501032562255859375e+02
9.918479999999999563e+02 4.740000000000000000e+02 1.500996856689453125e+02
9.921779999999999973e+02 2.210000000000000000e+02 1.501024780273437500e+02
9.925199999999999818e+02 3.200000000000000000e+02 1.501068267822265625e+02
9.928559999999999945e+02 4.320000000000000000e+02 1.501029663085937500e+02
9.931920000000000073e+02 3.980000000000000000e+02 1.501045532226562500e+02
9.935280000000000200e+02 4.380000000000000000e+02 1.501027526855468750e+02
9.938640000000000327e+02 4.000000000000000000e+02 1.501018066406250000e+02
9.942000000000000455e+02 4.130000000000000000e+02 1.501034393310546875e+02
