1.666879999999999882e+02 7.200000000000000000e+01 2.750874938964843750e+02
1.670240000000000009e+02 6.200000000000000000e+01 2.750816650390625000e+02
1.673609999999999900e+02 1.500000000000000000e+02 2.750807495117187500e+02
1.676970000000000027e+02 2.390000000000000000e+02 2.750732421875000000e+02
1.680329999999999870e+02 3.120000000000000000e+02 2.750786437988281250e+02
1.683700000000000045e+02 3.360000000000000000e+02 2.750839233398437500e+02
1.687059999999999889e+02 4.000000000000000000e+02 2.750880126953125000e+02
1.690430000000000064e+02 4.590000000000000000e+02 2.750838317871093750e+02
1.693789999999999907e+02 6.320000000000000000e+02 2.750779724121093750e+02
1.697160000000000082e+02 4.780000000000000000e+02 2.750792236328125000e+02
1.700529999999999973e+02 5.000000000000000000e+02 2.750728454589843750e+02
1.703890000000000100e+02 5.300000000000000000e+02 2.750766906738281250e+02
1.707259999999999991e+02 4.410000000000000000e+02 2.750766906738281250e+02
1.710620000000000118e+02 4.410000000000000000e+02 2.750783691406250000e+02
1.713979999999999961e+02 3.860000000000000000e+02 2.750761413574218750e+02
1.717350000000000136e+02 4.560000000000000000e+02 2.750769653320312500e+02
1.720709999999999980e+02 3.310000000000000000e+02 2.750773925781250000e+02
1.724070000000000107e+02 7.900000000000000000e+01 2.750950012207031250e+02
1.727439999999999998e+02 1.880000000000000000e+02 2.750772399902343750e+02
1.730800000000000125e+02 1.530000000000000000e+02 2.750825500488281250e+02
1.734159999999999968e+02 1.700000000000000000e+02 2.750717163085937500e+02
1.737529999999999859e+02 1.360000000000000000e+02 2.750940856933593750e+02
