4.256300000000000239e+01 2.150000000000000000e+02 4.160148010253906250e+02
4.289999999999999858e+01 2.700000000000000000e+02 4.160158081054687500e+02
4.323599999999999710e+01 5.270000000000000000e+02 4.160108032226562500e+02
4.357300000000000040e+01 3.200000000000000000e+02 4.160186157226562500e+02
4.390999999999999659e+01 6.030000000000000000e+02 4.160167236328125000e+02
4.424699999999999989e+01 3.490000000000000000e+02 4.160156555175781250e+02
4.458299999999999841e+01 3.870000000000000000e+02 4.160155639648437500e+02
4.491899999999999693e+01 1.520000000000000000e+02 4.160244750976562500e+02
4.525600000000000023e+01 1.330000000000000000e+02 4.160123291015625000e+02
4.559199999999999875e+01 2.270000000000000000e+02 4.160190124511718750e+02
4.592799999999999727e+01 1.930000000000000000e+02 4.160061035156250000e+02
