3.816390000000000100e+02 1.470000000000000000e+02 3.141051635742187500e+02
3.819759999999999991e+02 2.830000000000000000e+02 3.141017456054687500e+02
3.823120000000000118e+02 3.900000000000000000e+02 3.140936889648437500e+02
3.826480000000000246e+02 3.330000000000000000e+02 3.141025085449218750e+02
3.829850000000000136e+02 3.310000000000000000e+02 3.141027832031250000e+02
3.833210000000000264e+02 4.840000000000000000e+02 3.141013488769531250e+02
3.836569999999999823e+02 5.610000000000000000e+02 3.141044006347656250e+02
3.839929999999999950e+02 5.290000000000000000e+02 3.141047363281250000e+02
3.843299999999999841e+02 5.830000000000000000e+02 3.141019287109375000e+02
3.846659999999999968e+02 5.940000000000000000e+02 3.140984802246093750e+02
3.850020000000000095e+02 5.030000000000000000e+02 3.141080322265625000e+02
3.853389999999999986e+02 4.660000000000000000e+02 3.141034240722656250e+02
3.856750000000000114e+02 3.460000000000000000e+02 3.141080017089843750e+02
3.860110000000000241e+02 2.950000000000000000e+02 3.141058959960937500e+02
3.863480000000000132e+02 1.990000000000000000e+02 3.141145324707031250e+02
