8.448419999999999845e+02 1.980000000000000000e+02 3.312238769531250000e+02
8.451779999999999973e+02 2.400000000000000000e+02 3.312253112792968750e+02
8.455140000000000100e+02 4.190000000000000000e+02 3.312249145507812500e+02
8.458500000000000227e+02 4.960000000000000000e+02 3.312209167480468750e+02
8.461860000000000355e+02 5.800000000000000000e+02 3.312206726074218750e+02
8.465220000000000482e+02 5.570000000000000000e+02 3.312198486328125000e+02
8.468579999999999472e+02 4.380000000000000000e+02 3.312162780761718750e+02
8.471939999999999600e+02 3.450000000000000000e+02 3.312225341796875000e+02
8.475299999999999727e+02 5.120000000000000000e+02 3.312228088378906250e+02
8.478719999999999573e+02 2.940000000000000000e+02 3.312209472656250000e+02
8.482079999999999700e+02 3.410000000000000000e+02 3.312247924804687500e+02
8.485439999999999827e+02 2.260000000000000000e+02 3.312276306152343750e+02
8.488799999999999955e+02 1.450000000000000000e+02 3.312178344726562500e+02
8.492160000000000082e+02 2.280000000000000000e+02 3.312185363769531250e+02
8.495520000000000209e+02 1.570000000000000000e+02 3.312286682128906250e+02
8.498880000000000337e+02 1.870000000000000000e+02 3.312078247070312500e+02
8.502240000000000464e+02 1.130000000000000000e+02 3.312147827148437500e+02
