4.121699999999999875e+01 2.440000000000000000e+02 6.380223999023437500e+02
4.155400000000000205e+01 2.200000000000000000e+02 6.380230712890625000e+02
4.189000000000000057e+01 3.450000000000000000e+02 6.380412597656250000e+02
4.222699999999999676e+01 5.600000000000000000e+02 6.380388183593750000e+02
4.256300000000000239e+01 4.600000000000000000e+02 6.380408935546875000e+02
4.289999999999999858e+01 5.580000000000000000e+02 6.380422363281250000e+02
4.323599999999999710e+01 2.840000000000000000e+02 6.380432739257812500e+02
4.357300000000000040e+01 2.560000000000000000e+02 6.380336303710937500e+02
4.390999999999999659e+01 3.820000000000000000e+02 6.380370483398437500e+02
4.424699999999999989e+01 3.990000000000000000e+02 6.380204467773437500e+02
