1.979720000000000084e+02 2.100000000000000000e+02 3.231287841796875000e+02
1.983079999999999927e+02 1.870000000000000000e+02 3.231234436035156250e+02
1.986440000000000055e+02 1.740000000000000000e+02 3.231162414550781250e+02
1.989809999999999945e+02 2.890000000000000000e+02 3.231231689453125000e+02
1.993170000000000073e+02 3.140000000000000000e+02 3.231186828613281250e+02
1.996539999999999964e+02 2.000000000000000000e+02 3.231070861816406250e+02
1.999910000000000139e+02 5.490000000000000000e+02 3.231253967285156250e+02
2.003269999999999982e+02 2.730000000000000000e+02 3.231275634765625000e+02
2.006630000000000109e+02 3.950000000000000000e+02 3.231229248046875000e+02
2.010000000000000000e+02 3.250000000000000000e+02 3.231306152343750000e+02
2.013360000000000127e+02 3.590000000000000000e+02 3.231206054687500000e+02
2.016719999999999970e+02 2.340000000000000000e+02 3.231226806640625000e+02
2.020089999999999861e+02 2.180000000000000000e+02 3.231351013183593750e+02
2.023449999999999989e+02 3.440000000000000000e+02 3.231261596679687500e+02
2.026810000000000116e+02 1.280000000000000000e+02 3.231136474609375000e+02
2.030169999999999959e+02 1.310000000000000000e+02 3.231095581054687500e+02
2.033540000000000134e+02 1.660000000000000000e+02 3.231242370605468750e+02
2.036899999999999977e+02 1.430000000000000000e+02 3.231186828613281250e+02
