6.207300000000000040e+01 3.820000000000000000e+02 4.760115966796875000e+02
6.241020000000000323e+01 5.450000000000000000e+02 4.760077819824218750e+02
6.274620000000000175e+01 3.700000000000000000e+02 4.759998168945312500e+02
6.308220000000000027e+01 3.300000000000000000e+02 4.760177612304687500e+02
6.341819999999999879e+01 4.160000000000000000e+02 4.760114440917968750e+02
6.375480000000000302e+01 3.770000000000000000e+02 4.759960327148437500e+02
6.409319999999999595e+01 4.190000000000000000e+02 4.760022277832031250e+02
6.442919999999999447e+01 6.200000000000000000e+02 4.760005493164062500e+02
6.476519999999999300e+01 4.190000000000000000e+02 4.760061645507812500e+02
6.510120000000000573e+01 4.690000000000000000e+02 4.760016174316406250e+02
6.543779999999999575e+01 5.310000000000000000e+02 4.759956054687500000e+02
6.577379999999999427e+01 5.130000000000000000e+02 4.760055236816406250e+02
6.610980000000000700e+01 4.380000000000000000e+02 4.760092773437500000e+02
6.644700000000000273e+01 4.870000000000000000e+02 4.759983825683593750e+02
6.678300000000000125e+01 3.880000000000000000e+02 4.760011291503906250e+02
6.711899999999999977e+01 4.690000000000000000e+02 4.759979553222656250e+02
6.745619999999999550e+01 4.560000000000000000e+02 4.760067749023437500e+02
6.779219999999999402e+01 4.070000000000000000e+02 4.760024414062500000e+02
6.812820000000000675e+01 3.260000000000000000e+02 4.759992370605468750e+02
6.846420000000000528e+01 3.890000000000000000e+02 4.760003356933593750e+02
6.880079999999999529e+01 4.540000000000000000e+02 4.760006713867187500e+02
6.913679999999999382e+01 5.230000000000000000e+02 4.760009765625000000e+02
6.947280000000000655e+01 4.980000000000000000e+02 4.760056457519531250e+02
6.981000000000000227e+01 5.900000000000000000e+02 4.759953918457031250e+02
7.014600000000000080e+01 4.660000000000000000e+02 4.759960632324218750e+02
7.048199999999999932e+01 4.530000000000000000e+02 4.760025634765625000e+02
7.081919999999999504e+01 3.630000000000000000e+02 4.760071105957031250e+02
7.115519999999999357e+01 4.880000000000000000e+02 4.759953918457031250e+02
7.149120000000000630e+01 6.620000000000000000e+02 4.760012512207031250e+02
7.182779999999999632e+01 4.200000000000000000e+02 4.759970397949218750e+02
7.216379999999999484e+01 6.220000000000000000e+02 4.760040283203125000e+02
7.249979999999999336e+01 3.240000000000000000e+02 4.760027770996093750e+02
7.283580000000000609e+01 2.920000000000000000e+02 4.760028686523437500e+02
7.317300000000000182e+01 5.170000000000000000e+02 4.759992675781250000e+02
7.350900000000000034e+01 4.260000000000000000e+02 4.760028686523437500e+02
7.384499999999999886e+01 5.200000000000000000e+02 4.759964904785156250e+02
7.418399999999999750e+01 3.880000000000000000e+02 4.760005493164062500e+02
7.451999999999999602e+01 4.160000000000000000e+02 4.760065612792968750e+02
7.485599999999999454e+01 4.810000000000000000e+02 4.760117187500000000e+02
7.519320000000000448e+01 4.750000000000000000e+02 4.760053100585937500e+02
7.552920000000000300e+01 3.950000000000000000e+02 4.759980773925781250e+02
7.586520000000000152e+01 4.030000000000000000e+02 4.759976196289062500e+02
7.620180000000000575e+01 4.280000000000000000e+02 4.760049438476562500e+02
7.653780000000000427e+01 3.580000000000000000e+02 4.759994201660156250e+02
7.687380000000000280e+01 5.400000000000000000e+02 4.760036926269531250e+02
7.721099999999999852e+01 2.600000000000000000e+02 4.760014648437500000e+02
7.754699999999999704e+01 3.430000000000000000e+02 4.760033264160156250e+02
7.788299999999999557e+01 4.060000000000000000e+02 4.759999084472656250e+02
7.821899999999999409e+01 4.140000000000000000e+02 4.760077514648437500e+02
7.855620000000000402e+01 2.890000000000000000e+02 4.760049438476562500e+02
7.889220000000000255e+01 3.820000000000000000e+02 4.760084228515625000e+02
7.922820000000000107e+01 3.670000000000000000e+02 4.759971923828125000e+02
7.956480000000000530e+01 4.200000000000000000e+02 4.760013122558593750e+02
7.990080000000000382e+01 3.130000000000000000e+02 4.760081481933593750e+02
8.023680000000000234e+01 3.500000000000000000e+02 4.760010375976562500e+02
8.057399999999999807e+01 3.680000000000000000e+02 4.759999694824218750e+02
8.090999999999999659e+01 2.510000000000000000e+02 4.760073242187500000e+02
8.124599999999999511e+01 4.020000000000000000e+02 4.759950866699218750e+02
8.158199999999999363e+01 2.990000000000000000e+02 4.760076904296875000e+02
8.191920000000000357e+01 3.430000000000000000e+02 4.760030517578125000e+02
8.225520000000000209e+01 2.440000000000000000e+02 4.759986572265625000e+02
8.259120000000000061e+01 2.950000000000000000e+02 4.759967041015625000e+02
8.292780000000000484e+01 2.580000000000000000e+02 4.760083923339843750e+02
8.326380000000000337e+01 1.780000000000000000e+02 4.760030822753906250e+02
8.359980000000000189e+01 2.810000000000000000e+02 4.759967651367187500e+02
8.393699999999999761e+01 3.780000000000000000e+02 4.759924316406250000e+02
8.427419999999999334e+01 3.040000000000000000e+02 4.759989624023437500e+02
8.461079999999999757e+01 2.530000000000000000e+02 4.760001831054687500e+02
8.494679999999999609e+01 2.890000000000000000e+02 4.759986572265625000e+02
8.528279999999999461e+01 2.180000000000000000e+02 4.759982604980468750e+02
8.561879999999999313e+01 2.490000000000000000e+02 4.759967041015625000e+02
8.595600000000000307e+01 2.850000000000000000e+02 4.760003356933593750e+02
8.629200000000000159e+01 2.410000000000000000e+02 4.760113220214843750e+02
8.662800000000000011e+01 2.890000000000000000e+02 4.760002136230468750e+02
8.696519999999999584e+01 1.770000000000000000e+02 4.759958190917968750e+02
8.730119999999999436e+01 2.660000000000000000e+02 4.760009765625000000e+02
8.763720000000000709e+01 2.850000000000000000e+02 4.759967041015625000e+02
8.797379999999999711e+01 2.850000000000000000e+02 4.760034179687500000e+02
8.830979999999999563e+01 3.140000000000000000e+02 4.760023803710937500e+02
8.864579999999999416e+01 3.740000000000000000e+02 4.759956054687500000e+02
8.898300000000000409e+01 2.850000000000000000e+02 4.760042114257812500e+02
8.931900000000000261e+01 2.610000000000000000e+02 4.759940795898437500e+02
8.965619999999999834e+01 2.490000000000000000e+02 4.760019226074218750e+02
8.999219999999999686e+01 1.500000000000000000e+02 4.759906005859375000e+02
9.032819999999999538e+01 2.760000000000000000e+02 4.759967346191406250e+02
9.066479999999999961e+01 3.010000000000000000e+02 4.760017700195312500e+02
9.100079999999999814e+01 2.140000000000000000e+02 4.759951171875000000e+02
9.133679999999999666e+01 2.880000000000000000e+02 4.759989624023437500e+02
