4.711150000000000091e+02 2.780000000000000000e+02 2.990456542968750000e+02
4.714510000000000218e+02 1.780000000000000000e+02 2.990370483398437500e+02
4.717880000000000109e+02 4.210000000000000000e+02 2.990372924804687500e+02
4.721240000000000236e+02 3.600000000000000000e+02 2.990385742187500000e+02
4.724599999999999795e+02 3.380000000000000000e+02 2.990372924804687500e+02
4.727970000000000255e+02 3.500000000000000000e+02 2.990445251464843750e+02
4.731329999999999814e+02 2.940000000000000000e+02 2.990393676757812500e+02
4.734700000000000273e+02 4.100000000000000000e+02 2.990377197265625000e+02
4.738059999999999832e+02 4.460000000000000000e+02 2.990399475097656250e+02
4.741419999999999959e+02 5.350000000000000000e+02 2.990362854003906250e+02
4.744780000000000086e+02 3.840000000000000000e+02 2.990400695800781250e+02
4.748149999999999977e+02 3.120000000000000000e+02 2.990375061035156250e+02
4.751510000000000105e+02 3.440000000000000000e+02 2.990386047363281250e+02
4.754870000000000232e+02 1.410000000000000000e+02 2.990441894531250000e+02
4.758240000000000123e+02 1.760000000000000000e+02 2.990453796386718750e+02
4.761600000000000250e+02 1.450000000000000000e+02 2.990382385253906250e+02
