4.458299999999999841e+01 5.310000000000000000e+02 3.370587768554687500e+02
4.491899999999999693e+01 4.180000000000000000e+02 3.370574340820312500e+02
4.525600000000000023e+01 6.250000000000000000e+02 3.370561523437500000e+02
4.559199999999999875e+01 6.540000000000000000e+02 3.370423278808593750e+02
4.592799999999999727e+01 7.830000000000000000e+02 3.370384826660156250e+02
4.626400000000000290e+01 8.260000000000000000e+02 3.370489196777343750e+02
4.660099999999999909e+01 1.317000000000000000e+03 3.370513305664062500e+02
4.693699999999999761e+01 1.826000000000000000e+03 3.370452270507812500e+02
4.727300000000000324e+01 2.388000000000000000e+03 3.370440368652343750e+02
4.760999999999999943e+01 3.047000000000000000e+03 3.370428161621093750e+02
4.794599999999999795e+01 3.371000000000000000e+03 3.370446777343750000e+02
4.828199999999999648e+01 3.501000000000000000e+03 3.370421142578125000e+02
4.861899999999999977e+01 3.786000000000000000e+03 3.370470275878906250e+02
4.895499999999999829e+01 4.214000000000000000e+03 3.370451965332031250e+02
4.929099999999999682e+01 3.823000000000000000e+03 3.370432434082031250e+02
4.962700000000000244e+01 4.381000000000000000e+03 3.370455322265625000e+02
4.996399999999999864e+01 4.452000000000000000e+03 3.370419006347656250e+02
5.029999999999999716e+01 4.118000000000000000e+03 3.370426330566406250e+02
5.063600000000000279e+01 4.638000000000000000e+03 3.370451049804687500e+02
5.097299999999999898e+01 3.425000000000000000e+03 3.370427856445312500e+02
5.130899999999999750e+01 3.837000000000000000e+03 3.370423278808593750e+02
5.164500000000000313e+01 3.388000000000000000e+03 3.370442199707031250e+02
5.198199999999999932e+01 2.967000000000000000e+03 3.370434265136718750e+02
5.231799999999999784e+01 2.296000000000000000e+03 3.370469665527343750e+02
5.265400000000000347e+01 1.932000000000000000e+03 3.370451354980468750e+02
5.299099999999999966e+01 1.775000000000000000e+03 3.370451354980468750e+02
5.332699999999999818e+01 1.440000000000000000e+03 3.370445251464843750e+02
5.366299999999999670e+01 9.780000000000000000e+02 3.370501403808593750e+02
5.400099999999999767e+01 8.980000000000000000e+02 3.370528259277343750e+02
5.433700000000000330e+01 6.400000000000000000e+02 3.370596008300781250e+02
5.467399999999999949e+01 8.640000000000000000e+02 3.370538635253906250e+02
5.500999999999999801e+01 7.200000000000000000e+02 3.370609130859375000e+02
5.534599999999999653e+01 6.400000000000000000e+02 3.370617370605468750e+02
5.568299999999999983e+01 6.550000000000000000e+02 3.370552673339843750e+02
