2.305199999999999960e+01 3.440000000000000000e+02 5.588510131835937500e+02
2.338800000000000168e+01 9.370000000000000000e+02 5.588551025390625000e+02
2.372599999999999909e+01 1.739000000000000000e+03 5.588602905273437500e+02
2.406200000000000117e+01 3.523000000000000000e+03 5.588548583984375000e+02
2.439900000000000091e+01 4.311000000000000000e+03 5.588562011718750000e+02
2.473499999999999943e+01 4.415000000000000000e+03 5.588565673828125000e+02
2.507100000000000151e+01 4.360000000000000000e+03 5.588591308593750000e+02
2.540800000000000125e+01 3.047000000000000000e+03 5.588616333007812500e+02
2.574399999999999977e+01 2.006000000000000000e+03 5.588584594726562500e+02
2.607999999999999829e+01 1.330000000000000000e+03 5.588546142578125000e+02
2.641700000000000159e+01 1.071000000000000000e+03 5.588501586914062500e+02
2.675300000000000011e+01 8.450000000000000000e+02 5.588462524414062500e+02
2.708999999999999986e+01 5.890000000000000000e+02 5.588495483398437500e+02
2.742599999999999838e+01 5.300000000000000000e+02 5.588641357421875000e+02
