5.635499999999999687e+01 3.040000000000000000e+02 3.990862426757812500e+02
5.669100000000000250e+01 1.860000000000000000e+02 3.990903930664062500e+02
5.702799999999999869e+01 2.230000000000000000e+02 3.990776367187500000e+02
5.736399999999999721e+01 3.670000000000000000e+02 3.990802917480468750e+02
5.770000000000000284e+01 3.480000000000000000e+02 3.990890808105468750e+02
5.803699999999999903e+01 3.520000000000000000e+02 3.990818176269531250e+02
5.837400000000000233e+01 2.010000000000000000e+02 3.990817871093750000e+02
5.871000000000000085e+01 3.320000000000000000e+02 3.990901489257812500e+02
5.904599999999999937e+01 3.160000000000000000e+02 3.990925598144531250e+02
5.938300000000000267e+01 2.170000000000000000e+02 3.990707092285156250e+02
5.971900000000000119e+01 3.790000000000000000e+02 3.990812683105468750e+02
6.005519999999999925e+01 4.140000000000000000e+02 3.990809020996093750e+02
6.039180000000000348e+01 4.920000000000000000e+02 3.990836181640625000e+02
6.072780000000000200e+01 5.100000000000000000e+02 3.990860900878906250e+02
6.106380000000000052e+01 4.560000000000000000e+02 3.990850219726562500e+02
6.140100000000000335e+01 3.620000000000000000e+02 3.990858154296875000e+02
6.173700000000000188e+01 3.040000000000000000e+02 3.990698547363281250e+02
6.207300000000000040e+01 3.020000000000000000e+02 3.990713195800781250e+02
6.241020000000000323e+01 4.190000000000000000e+02 3.990805053710937500e+02
6.274620000000000175e+01 3.420000000000000000e+02 3.990874328613281250e+02
6.308220000000000027e+01 1.430000000000000000e+02 3.991000976562500000e+02
6.341819999999999879e+01 2.690000000000000000e+02 3.990809326171875000e+02
6.375480000000000302e+01 2.260000000000000000e+02 3.990890197753906250e+02
