4.035020000000000095e+02 1.620000000000000000e+02 5.533287353515625000e+02
4.038389999999999986e+02 2.840000000000000000e+02 5.533131103515625000e+02
4.041750000000000114e+02 3.690000000000000000e+02 5.533214111328125000e+02
4.045120000000000005e+02 3.820000000000000000e+02 5.533209228515625000e+02
4.048480000000000132e+02 3.890000000000000000e+02 5.533159179687500000e+02
4.051850000000000023e+02 4.900000000000000000e+02 5.533203735351562500e+02
4.055210000000000150e+02 4.640000000000000000e+02 5.533179321289062500e+02
4.058570000000000277e+02 4.530000000000000000e+02 5.533166503906250000e+02
4.061929999999999836e+02 3.790000000000000000e+02 5.533205566406250000e+02
4.065299999999999727e+02 3.530000000000000000e+02 5.533088989257812500e+02
4.068659999999999854e+02 3.440000000000000000e+02 5.533039550781250000e+02
4.072040000000000077e+02 2.850000000000000000e+02 5.533113403320312500e+02
4.075400000000000205e+02 1.860000000000000000e+02 5.533254394531250000e+02
4.078770000000000095e+02 1.370000000000000000e+02 5.533223266601562500e+02
4.082130000000000223e+02 1.010000000000000000e+02 5.533158569335937500e+02
4.085500000000000114e+02 1.290000000000000000e+02 5.533247070312500000e+02
