8.124599999999999511e+01 5.900000000000000000e+01 1.310399475097656250e+02
8.158199999999999363e+01 1.360000000000000000e+02 1.310406494140625000e+02
8.191920000000000357e+01 8.000000000000000000e+01 1.310364227294921875e+02
8.225520000000000209e+01 1.180000000000000000e+02 1.310425872802734375e+02
8.259120000000000061e+01 1.090000000000000000e+02 1.310480346679687500e+02
8.292780000000000484e+01 2.160000000000000000e+02 1.310511779785156250e+02
8.326380000000000337e+01 2.700000000000000000e+02 1.310493469238281250e+02
8.359980000000000189e+01 2.510000000000000000e+02 1.310494079589843750e+02
8.393699999999999761e+01 2.520000000000000000e+02 1.310470886230468750e+02
8.427419999999999334e+01 2.290000000000000000e+02 1.310494232177734375e+02
8.461079999999999757e+01 3.510000000000000000e+02 1.310483856201171875e+02
8.494679999999999609e+01 1.400000000000000000e+02 1.310501708984375000e+02
8.528279999999999461e+01 1.890000000000000000e+02 1.310496978759765625e+02
8.561879999999999313e+01 3.520000000000000000e+02 1.310454559326171875e+02
8.595600000000000307e+01 4.770000000000000000e+02 1.310489654541015625e+02
8.629200000000000159e+01 3.390000000000000000e+02 1.310473022460937500e+02
8.662800000000000011e+01 2.180000000000000000e+02 1.310497131347656250e+02
8.696519999999999584e+01 3.570000000000000000e+02 1.310496673583984375e+02
8.730119999999999436e+01 1.830000000000000000e+02 1.310449066162109375e+02
8.763720000000000709e+01 1.230000000000000000e+02 1.310415954589843750e+02
8.797379999999999711e+01 2.510000000000000000e+02 1.310495147705078125e+02
8.830979999999999563e+01 1.660000000000000000e+02 1.310459899902343750e+02
8.864579999999999416e+01 1.790000000000000000e+02 1.310466461181640625e+02
8.898300000000000409e+01 8.700000000000000000e+01 1.310321960449218750e+02
8.931900000000000261e+01 1.020000000000000000e+02 1.310436859130859375e+02
8.965619999999999834e+01 7.100000000000000000e+01 1.310422821044921875e+02
8.999219999999999686e+01 1.430000000000000000e+02 1.310520477294921875e+02
9.032819999999999538e+01 1.180000000000000000e+02 1.310493316650390625e+02
9.066479999999999961e+01 9.000000000000000000e+01 1.310406799316406250e+02
9.100079999999999814e+01 1.130000000000000000e+02 1.310478515625000000e+02
