2.867749999999999773e+02 4.270000000000000000e+02 3.990735168457031250e+02
2.871120000000000232e+02 2.870000000000000000e+02 3.990861511230468750e+02
2.874479999999999791e+02 3.090000000000000000e+02 3.990786437988281250e+02
2.877839999999999918e+02 2.750000000000000000e+02 3.990762023925781250e+02
2.881209999999999809e+02 2.520000000000000000e+02 3.990680541992187500e+02
2.884569999999999936e+02 2.610000000000000000e+02 3.990724487304687500e+02
2.887930000000000064e+02 3.530000000000000000e+02 3.990803222656250000e+02
2.891290000000000191e+02 3.210000000000000000e+02 3.990865478515625000e+02
2.894660000000000082e+02 2.680000000000000000e+02 3.990626220703125000e+02
2.898020000000000209e+02 3.650000000000000000e+02 3.990709838867187500e+02
2.901379999999999768e+02 2.000000000000000000e+02 3.990788574218750000e+02
2.904750000000000227e+02 3.080000000000000000e+02 3.990697326660156250e+02
2.908109999999999786e+02 3.100000000000000000e+02 3.990805358886718750e+02
2.911469999999999914e+02 4.560000000000000000e+02 3.990788574218750000e+02
2.914839999999999804e+02 3.510000000000000000e+02 3.990774536132812500e+02
2.918199999999999932e+02 3.910000000000000000e+02 3.990709838867187500e+02
2.921560000000000059e+02 2.610000000000000000e+02 3.990699768066406250e+02
2.924920000000000186e+02 2.950000000000000000e+02 3.990636291503906250e+02
2.928290000000000077e+02 4.020000000000000000e+02 3.990603027343750000e+02
2.931650000000000205e+02 4.090000000000000000e+02 3.990699462890625000e+02
2.935009999999999764e+02 3.480000000000000000e+02 3.990729370117187500e+02
