6.577379999999999427e+01 3.560000000000000000e+02 2.150081481933593750e+02
6.610980000000000700e+01 3.660000000000000000e+02 2.150059814453125000e+02
6.644700000000000273e+01 3.750000000000000000e+02 2.150105743408203125e+02
6.678300000000000125e+01 3.410000000000000000e+02 2.150143280029296875e+02
6.711899999999999977e+01 3.480000000000000000e+02 2.150135498046875000e+02
6.745619999999999550e+01 3.150000000000000000e+02 2.150139617919921875e+02
6.779219999999999402e+01 4.360000000000000000e+02 2.150115051269531250e+02
6.812820000000000675e+01 2.250000000000000000e+02 2.150048370361328125e+02
6.846420000000000528e+01 2.300000000000000000e+02 2.150062255859375000e+02
6.880079999999999529e+01 3.900000000000000000e+02 2.150038452148437500e+02
6.913679999999999382e+01 4.480000000000000000e+02 2.150118103027343750e+02
6.947280000000000655e+01 4.260000000000000000e+02 2.150148620605468750e+02
6.981000000000000227e+01 3.050000000000000000e+02 2.150131530761718750e+02
7.014600000000000080e+01 3.810000000000000000e+02 2.150095214843750000e+02
7.048199999999999932e+01 1.510000000000000000e+02 2.150031738281250000e+02
7.081919999999999504e+01 3.290000000000000000e+02 2.150028686523437500e+02
7.115519999999999357e+01 3.820000000000000000e+02 2.150072021484375000e+02
