2.131080000000000041e+02 2.414400000000000000e+04 2.370676727294921875e+02
2.134439999999999884e+02 2.315000000000000000e+04 2.370680694580078125e+02
2.137810000000000059e+02 2.305400000000000000e+04 2.370670623779296875e+02
2.141169999999999902e+02 2.132900000000000000e+04 2.370671997070312500e+02
2.144530000000000030e+02 1.917700000000000000e+04 2.370672149658203125e+02
2.147899999999999920e+02 1.718100000000000000e+04 2.370672149658203125e+02
2.151260000000000048e+02 1.341400000000000000e+04 2.370671539306640625e+02
2.154639999999999986e+02 1.070500000000000000e+04 2.370677490234375000e+02
2.158009999999999877e+02 8.098000000000000000e+03 2.370679321289062500e+02
2.161370000000000005e+02 5.729000000000000000e+03 2.370683746337890625e+02
2.164730000000000132e+02 5.186000000000000000e+03 2.370673828125000000e+02
2.168100000000000023e+02 4.119000000000000000e+03 2.370665740966796875e+02
2.171459999999999866e+02 2.810000000000000000e+03 2.370653686523437500e+02
2.174819999999999993e+02 2.154000000000000000e+03 2.370689086914062500e+02
2.178189999999999884e+02 2.170000000000000000e+03 2.370669250488281250e+02
2.181550000000000011e+02 1.903000000000000000e+03 2.370676574707031250e+02
2.184910000000000139e+02 1.189000000000000000e+03 2.370701904296875000e+02
2.188280000000000030e+02 1.108000000000000000e+03 2.370668182373046875e+02
2.191639999999999873e+02 8.330000000000000000e+02 2.370709533691406250e+02
2.195000000000000000e+02 9.650000000000000000e+02 2.370645141601562500e+02
2.198360000000000127e+02 6.890000000000000000e+02 2.370664825439453125e+02
2.201730000000000018e+02 7.260000000000000000e+02 2.370673217773437500e+02
2.205089999999999861e+02 5.230000000000000000e+02 2.370708007812500000e+02
2.208449999999999989e+02 5.230000000000000000e+02 2.370665740966796875e+02
2.211819999999999879e+02 6.800000000000000000e+02 2.370653839111328125e+02
2.215180000000000007e+02 4.730000000000000000e+02 2.370677642822265625e+02
2.218540000000000134e+02 5.860000000000000000e+02 2.370664062500000000e+02
2.221910000000000025e+02 3.700000000000000000e+02 2.370710296630859375e+02
2.225269999999999868e+02 4.770000000000000000e+02 2.370668792724609375e+02
2.228629999999999995e+02 6.570000000000000000e+02 2.370723724365234375e+02
2.231990000000000123e+02 4.120000000000000000e+02 2.370792541503906250e+02
2.235360000000000014e+02 6.950000000000000000e+02 2.370751037597656250e+02
2.238720000000000141e+02 4.890000000000000000e+02 2.370697326660156250e+02
2.242079999999999984e+02 7.810000000000000000e+02 2.370752563476562500e+02
2.245449999999999875e+02 8.590000000000000000e+02 2.370722198486328125e+02
2.248810000000000002e+02 7.920000000000000000e+02 2.370730438232421875e+02
2.252179999999999893e+02 6.180000000000000000e+02 2.370683135986328125e+02
2.255550000000000068e+02 5.500000000000000000e+02 2.370734405517578125e+02
2.258919999999999959e+02 6.460000000000000000e+02 2.370708007812500000e+02
2.262280000000000086e+02 6.780000000000000000e+02 2.370744171142578125e+02
2.265639999999999930e+02 6.050000000000000000e+02 2.370742492675781250e+02
2.269010000000000105e+02 3.660000000000000000e+02 2.370709381103515625e+02
2.272369999999999948e+02 3.760000000000000000e+02 2.370686492919921875e+02
2.275730000000000075e+02 3.330000000000000000e+02 2.370749359130859375e+02
2.279089999999999918e+02 4.400000000000000000e+02 2.370679779052734375e+02
2.282460000000000093e+02 1.810000000000000000e+02 2.370767059326171875e+02
2.285819999999999936e+02 3.530000000000000000e+02 2.370701293945312500e+02
2.289180000000000064e+02 1.310000000000000000e+02 2.370625915527343750e+02
2.292549999999999955e+02 1.980000000000000000e+02 2.370625457763671875e+02
2.295910000000000082e+02 1.150000000000000000e+02 2.370662384033203125e+02
2.299269999999999925e+02 1.290000000000000000e+02 2.370719757080078125e+02
2.302640000000000100e+02 1.330000000000000000e+02 2.370683898925781250e+02
2.305999999999999943e+02 1.640000000000000000e+02 2.370806121826171875e+02
2.309370000000000118e+02 1.360000000000000000e+02 2.370766448974609375e+02
2.312729999999999961e+02 1.520000000000000000e+02 2.370707702636718750e+02
2.316100000000000136e+02 1.410000000000000000e+02 2.370697021484375000e+02
2.319459999999999980e+02 2.100000000000000000e+02 2.370623626708984375e+02
2.322820000000000107e+02 1.710000000000000000e+02 2.370591735839843750e+02
2.326179999999999950e+02 1.760000000000000000e+02 2.370577850341796875e+02
2.329550000000000125e+02 2.910000000000000000e+02 2.370699310302734375e+02
2.332909999999999968e+02 2.230000000000000000e+02 2.370659790039062500e+02
2.336270000000000095e+02 1.460000000000000000e+02 2.370839233398437500e+02
2.339639999999999986e+02 1.480000000000000000e+02 2.370688629150390625e+02
2.343000000000000114e+02 1.310000000000000000e+02 2.370775604248046875e+02
2.346359999999999957e+02 1.570000000000000000e+02 2.370720367431640625e+02
2.349730000000000132e+02 1.360000000000000000e+02 2.370868835449218750e+02
