5.360470000000000255e+02 2.290000000000000000e+02 2.220651397705078125e+02
5.363830000000000382e+02 4.120000000000000000e+02 2.220659484863281250e+02
5.367190000000000509e+02 2.080000000000000000e+02 2.220611877441406250e+02
5.370560000000000400e+02 3.800000000000000000e+02 2.220667877197265625e+02
5.373920000000000528e+02 3.670000000000000000e+02 2.220726013183593750e+02
5.377279999999999518e+02 4.310000000000000000e+02 2.220648193359375000e+02
5.380650000000000546e+02 2.920000000000000000e+02 2.220679016113281250e+02
5.384030000000000200e+02 3.060000000000000000e+02 2.220644378662109375e+02
5.387390000000000327e+02 1.510000000000000000e+02 2.220734558105468750e+02
5.390750000000000455e+02 8.500000000000000000e+01 2.220666656494140625e+02
5.394109999999999445e+02 1.550000000000000000e+02 2.220678253173828125e+02
5.397480000000000473e+02 9.100000000000000000e+01 2.220595245361328125e+02
5.400839999999999463e+02 5.300000000000000000e+01 2.220693206787109375e+02
