2.790380000000000109e+02 7.200000000000000000e+01 1.970264129638671875e+02
2.793740000000000236e+02 1.040000000000000000e+02 1.970302429199218750e+02
2.797110000000000127e+02 9.600000000000000000e+01 1.970216217041015625e+02
2.800470000000000255e+02 1.990000000000000000e+02 1.970190887451171875e+02
2.803829999999999814e+02 2.010000000000000000e+02 1.970188140869140625e+02
2.807200000000000273e+02 2.200000000000000000e+02 1.970140228271484375e+02
2.810559999999999832e+02 4.130000000000000000e+02 1.970239868164062500e+02
2.813919999999999959e+02 2.900000000000000000e+02 1.970189208984375000e+02
2.817289999999999850e+02 2.430000000000000000e+02 1.970211944580078125e+02
2.820659999999999741e+02 2.550000000000000000e+02 1.970138854980468750e+02
2.824019999999999868e+02 1.660000000000000000e+02 1.970163421630859375e+02
