2.319459999999999980e+02 6.400000000000000000e+02 2.870569763183593750e+02
2.322820000000000107e+02 1.381000000000000000e+03 2.870538330078125000e+02
2.326179999999999950e+02 2.301000000000000000e+03 2.870529785156250000e+02
2.329550000000000125e+02 2.777000000000000000e+03 2.870547790527343750e+02
2.332909999999999968e+02 3.381000000000000000e+03 2.870541687011718750e+02
2.336270000000000095e+02 2.848000000000000000e+03 2.870530090332031250e+02
2.339639999999999986e+02 3.494000000000000000e+03 2.870527038574218750e+02
2.343000000000000114e+02 2.901000000000000000e+03 2.870523681640625000e+02
2.346359999999999957e+02 2.665000000000000000e+03 2.870514831542968750e+02
2.349730000000000132e+02 2.376000000000000000e+03 2.870538635253906250e+02
2.353089999999999975e+02 1.936000000000000000e+03 2.870547790527343750e+02
2.356469999999999914e+02 1.475000000000000000e+03 2.870556335449218750e+02
2.359830000000000041e+02 1.269000000000000000e+03 2.870542602539062500e+02
2.363189999999999884e+02 1.025000000000000000e+03 2.870545654296875000e+02
2.366560000000000059e+02 8.710000000000000000e+02 2.870554199218750000e+02
2.369919999999999902e+02 7.060000000000000000e+02 2.870586853027343750e+02
2.373280000000000030e+02 5.920000000000000000e+02 2.870546264648437500e+02
2.376649999999999920e+02 6.940000000000000000e+02 2.870537109375000000e+02
2.380010000000000048e+02 5.240000000000000000e+02 2.870559997558593750e+02
2.383369999999999891e+02 6.640000000000000000e+02 2.870578918457031250e+02
2.386730000000000018e+02 2.590000000000000000e+02 2.870607299804687500e+02
2.390099999999999909e+02 3.150000000000000000e+02 2.870646057128906250e+02
2.393460000000000036e+02 3.460000000000000000e+02 2.870677490234375000e+02
2.396819999999999879e+02 3.480000000000000000e+02 2.870589294433593750e+02
