3.011700000000000088e+01 9.000000000000000000e+01 1.480590057373046875e+02
3.045299999999999940e+01 8.200000000000000000e+01 1.480402984619140625e+02
3.078999999999999915e+01 3.030000000000000000e+02 1.480513305664062500e+02
3.112600000000000122e+01 6.290000000000000000e+02 1.480590820312500000e+02
3.146199999999999974e+01 6.990000000000000000e+02 1.480572814941406250e+02
3.179799999999999827e+01 1.219000000000000000e+03 1.480601959228515625e+02
3.213499999999999801e+01 1.684000000000000000e+03 1.480603942871093750e+02
3.247099999999999653e+01 2.053000000000000000e+03 1.480597381591796875e+02
3.280700000000000216e+01 2.568000000000000000e+03 1.480594024658203125e+02
3.314399999999999835e+01 2.353000000000000000e+03 1.480605621337890625e+02
3.347999999999999687e+01 2.493000000000000000e+03 1.480597839355468750e+02
3.381799999999999784e+01 2.496000000000000000e+03 1.480591430664062500e+02
3.415500000000000114e+01 2.340000000000000000e+03 1.480605926513671875e+02
3.449099999999999966e+01 2.326000000000000000e+03 1.480605621337890625e+02
3.482699999999999818e+01 1.674000000000000000e+03 1.480578460693359375e+02
3.516400000000000148e+01 1.716000000000000000e+03 1.480603942871093750e+02
3.550000000000000000e+01 1.572000000000000000e+03 1.480575714111328125e+02
3.583700000000000330e+01 1.264000000000000000e+03 1.480615539550781250e+02
3.617300000000000182e+01 1.108000000000000000e+03 1.480585632324218750e+02
3.650900000000000034e+01 1.317000000000000000e+03 1.480577087402343750e+02
3.684599999999999653e+01 8.060000000000000000e+02 1.480603637695312500e+02
3.718200000000000216e+01 7.850000000000000000e+02 1.480581207275390625e+02
3.751800000000000068e+01 9.220000000000000000e+02 1.480600280761718750e+02
3.785399999999999920e+01 4.300000000000000000e+02 1.480519104003906250e+02
3.819100000000000250e+01 7.230000000000000000e+02 1.480608367919921875e+02
3.852700000000000102e+01 6.460000000000000000e+02 1.480584716796875000e+02
3.886299999999999955e+01 5.180000000000000000e+02 1.480578308105468750e+02
3.920000000000000284e+01 4.270000000000000000e+02 1.480592346191406250e+02
3.953600000000000136e+01 6.680000000000000000e+02 1.480596771240234375e+02
3.987199999999999989e+01 5.400000000000000000e+02 1.480601959228515625e+02
4.020799999999999841e+01 6.940000000000000000e+02 1.480565795898437500e+02
4.054500000000000171e+01 7.000000000000000000e+02 1.480592041015625000e+02
4.088100000000000023e+01 5.330000000000000000e+02 1.480597839355468750e+02
4.121699999999999875e+01 5.240000000000000000e+02 1.480546569824218750e+02
4.155400000000000205e+01 4.340000000000000000e+02 1.480626525878906250e+02
4.189000000000000057e+01 6.490000000000000000e+02 1.480565490722656250e+02
4.222699999999999676e+01 8.100000000000000000e+02 1.480543670654296875e+02
4.256300000000000239e+01 1.332000000000000000e+03 1.480499114990234375e+02
4.289999999999999858e+01 2.298000000000000000e+03 1.480461730957031250e+02
4.323599999999999710e+01 2.213000000000000000e+03 1.480486907958984375e+02
4.357300000000000040e+01 2.214000000000000000e+03 1.480448150634765625e+02
4.390999999999999659e+01 2.795000000000000000e+03 1.480428619384765625e+02
4.424699999999999989e+01 2.454000000000000000e+03 1.480446472167968750e+02
4.458299999999999841e+01 2.188000000000000000e+03 1.480456085205078125e+02
4.491899999999999693e+01 1.799000000000000000e+03 1.480442047119140625e+02
4.525600000000000023e+01 1.902000000000000000e+03 1.480444946289062500e+02
4.559199999999999875e+01 1.337000000000000000e+03 1.480454101562500000e+02
4.592799999999999727e+01 1.262000000000000000e+03 1.480425415039062500e+02
4.626400000000000290e+01 1.140000000000000000e+03 1.480451965332031250e+02
4.660099999999999909e+01 6.510000000000000000e+02 1.480431365966796875e+02
4.693699999999999761e+01 7.110000000000000000e+02 1.480467224121093750e+02
4.727300000000000324e+01 6.530000000000000000e+02 1.480437622070312500e+02
4.760999999999999943e+01 4.990000000000000000e+02 1.480455322265625000e+02
4.794599999999999795e+01 4.720000000000000000e+02 1.480522766113281250e+02
4.828199999999999648e+01 3.040000000000000000e+02 1.480504913330078125e+02
4.861899999999999977e+01 3.780000000000000000e+02 1.480482177734375000e+02
4.895499999999999829e+01 5.240000000000000000e+02 1.480449676513671875e+02
4.929099999999999682e+01 3.270000000000000000e+02 1.480485229492187500e+02
4.962700000000000244e+01 3.610000000000000000e+02 1.480473480224609375e+02
4.996399999999999864e+01 1.890000000000000000e+02 1.480457000732421875e+02
5.029999999999999716e+01 2.660000000000000000e+02 1.480532531738281250e+02
5.063600000000000279e+01 1.390000000000000000e+02 1.480412597656250000e+02
5.097299999999999898e+01 3.940000000000000000e+02 1.480516357421875000e+02
5.130899999999999750e+01 4.140000000000000000e+02 1.480519561767578125e+02
5.164500000000000313e+01 1.540000000000000000e+02 1.480514984130859375e+02
5.198199999999999932e+01 2.870000000000000000e+02 1.480542297363281250e+02
5.231799999999999784e+01 2.760000000000000000e+02 1.480419464111328125e+02
5.265400000000000347e+01 2.560000000000000000e+02 1.480515747070312500e+02
5.299099999999999966e+01 1.850000000000000000e+02 1.480325164794921875e+02
5.332699999999999818e+01 2.620000000000000000e+02 1.480511016845703125e+02
5.366299999999999670e+01 2.010000000000000000e+02 1.480567474365234375e+02
5.400099999999999767e+01 3.740000000000000000e+02 1.480591735839843750e+02
5.433700000000000330e+01 2.640000000000000000e+02 1.480499877929687500e+02
5.467399999999999949e+01 1.780000000000000000e+02 1.480554656982421875e+02
5.500999999999999801e+01 4.360000000000000000e+02 1.480603179931640625e+02
5.534599999999999653e+01 2.340000000000000000e+02 1.480500793457031250e+02
5.568299999999999983e+01 4.060000000000000000e+02 1.480601654052734375e+02
5.601899999999999835e+01 2.950000000000000000e+02 1.480592651367187500e+02
5.635499999999999687e+01 4.600000000000000000e+02 1.480559082031250000e+02
5.669100000000000250e+01 4.540000000000000000e+02 1.480600128173828125e+02
5.702799999999999869e+01 2.180000000000000000e+02 1.480563507080078125e+02
5.736399999999999721e+01 3.730000000000000000e+02 1.480600891113281250e+02
5.770000000000000284e+01 4.740000000000000000e+02 1.480613555908203125e+02
5.803699999999999903e+01 4.520000000000000000e+02 1.480583496093750000e+02
5.837400000000000233e+01 4.090000000000000000e+02 1.480596313476562500e+02
