2.443909999999999911e+02 1.950000000000000000e+02 3.231244201660156250e+02
2.447270000000000039e+02 3.180000000000000000e+02 3.231264343261718750e+02
2.450639999999999930e+02 4.840000000000000000e+02 3.231237487792968750e+02
2.454000000000000057e+02 5.530000000000000000e+02 3.231206665039062500e+02
2.457379999999999995e+02 8.840000000000000000e+02 3.231202697753906250e+02
2.460740000000000123e+02 1.671000000000000000e+03 3.231101989746093750e+02
2.464110000000000014e+02 3.686000000000000000e+03 3.231098937988281250e+02
2.467470000000000141e+02 6.176000000000000000e+03 3.231107177734375000e+02
2.470829999999999984e+02 9.375000000000000000e+03 3.231089782714843750e+02
2.474199999999999875e+02 1.453000000000000000e+04 3.231092224121093750e+02
2.477560000000000002e+02 1.715900000000000000e+04 3.231076049804687500e+02
2.480920000000000130e+02 1.962600000000000000e+04 3.231092224121093750e+02
2.484290000000000020e+02 1.984100000000000000e+04 3.231080627441406250e+02
2.487649999999999864e+02 2.006700000000000000e+04 3.231072387695312500e+02
2.491009999999999991e+02 1.758000000000000000e+04 3.231091003417968750e+02
2.494379999999999882e+02 1.616400000000000000e+04 3.231089782714843750e+02
2.497740000000000009e+02 1.299300000000000000e+04 3.231083984375000000e+02
2.501100000000000136e+02 1.148100000000000000e+04 3.231085205078125000e+02
2.504470000000000027e+02 8.736000000000000000e+03 3.231087646484375000e+02
2.507829999999999870e+02 7.068000000000000000e+03 3.231074218750000000e+02
2.511189999999999998e+02 4.902000000000000000e+03 3.231093444824218750e+02
2.514550000000000125e+02 4.154000000000000000e+03 3.231102294921875000e+02
2.517920000000000016e+02 2.908000000000000000e+03 3.231102294921875000e+02
2.521279999999999859e+02 2.389000000000000000e+03 3.231106567382812500e+02
2.524639999999999986e+02 2.084000000000000000e+03 3.231069335937500000e+02
2.528009999999999877e+02 1.650000000000000000e+03 3.231061401367187500e+02
2.531370000000000005e+02 1.294000000000000000e+03 3.231073608398437500e+02
2.534730000000000132e+02 1.153000000000000000e+03 3.231092834472656250e+02
2.538100000000000023e+02 9.390000000000000000e+02 3.231022033691406250e+02
2.541459999999999866e+02 6.860000000000000000e+02 3.231041870117187500e+02
2.544819999999999993e+02 6.820000000000000000e+02 3.231006469726562500e+02
2.548180000000000121e+02 6.100000000000000000e+02 3.231025695800781250e+02
2.551550000000000011e+02 7.150000000000000000e+02 3.231023864746093750e+02
2.554910000000000139e+02 4.250000000000000000e+02 3.230870361328125000e+02
2.558290000000000077e+02 2.740000000000000000e+02 3.231098327636718750e+02
2.561650000000000205e+02 3.920000000000000000e+02 3.230939941406250000e+02
2.565009999999999764e+02 4.460000000000000000e+02 3.231064453125000000e+02
2.568380000000000223e+02 5.060000000000000000e+02 3.231045532226562500e+02
2.571739999999999782e+02 2.870000000000000000e+02 3.231194152832031250e+02
2.575099999999999909e+02 3.030000000000000000e+02 3.230989074707031250e+02
2.578469999999999800e+02 2.490000000000000000e+02 3.231118774414062500e+02
2.581829999999999927e+02 2.690000000000000000e+02 3.230975646972656250e+02
2.585190000000000055e+02 3.300000000000000000e+02 3.231116638183593750e+02
2.588559999999999945e+02 3.050000000000000000e+02 3.231147766113281250e+02
2.591920000000000073e+02 2.170000000000000000e+02 3.231053771972656250e+02
2.595280000000000200e+02 2.690000000000000000e+02 3.231093750000000000e+02
2.598639999999999759e+02 2.080000000000000000e+02 3.231184082031250000e+02
2.602010000000000218e+02 1.860000000000000000e+02 3.231195678710937500e+02
2.605369999999999777e+02 2.540000000000000000e+02 3.231111450195312500e+02
2.608729999999999905e+02 1.860000000000000000e+02 3.231087646484375000e+02
2.612099999999999795e+02 2.050000000000000000e+02 3.231262207031250000e+02
2.615459999999999923e+02 1.580000000000000000e+02 3.231107788085937500e+02
