2.857649999999999864e+02 1.290000000000000000e+02 3.420996704101562500e+02
2.861030000000000086e+02 4.590000000000000000e+02 3.420903320312500000e+02
2.864390000000000214e+02 8.190000000000000000e+02 3.420922241210937500e+02
2.867749999999999773e+02 1.378000000000000000e+03 3.420907287597656250e+02
2.871120000000000232e+02 2.069000000000000000e+03 3.420880737304687500e+02
2.874479999999999791e+02 2.541000000000000000e+03 3.420886535644531250e+02
2.877839999999999918e+02 2.569000000000000000e+03 3.420857543945312500e+02
2.881209999999999809e+02 2.504000000000000000e+03 3.420885620117187500e+02
2.884569999999999936e+02 2.660000000000000000e+03 3.420892944335937500e+02
2.887930000000000064e+02 2.384000000000000000e+03 3.420900573730468750e+02
2.891290000000000191e+02 2.385000000000000000e+03 3.420904846191406250e+02
2.894660000000000082e+02 2.549000000000000000e+03 3.420896606445312500e+02
2.898020000000000209e+02 2.085000000000000000e+03 3.420894165039062500e+02
2.901379999999999768e+02 1.745000000000000000e+03 3.420872497558593750e+02
2.904750000000000227e+02 1.721000000000000000e+03 3.420903930664062500e+02
2.908109999999999786e+02 1.921000000000000000e+03 3.420891113281250000e+02
2.911469999999999914e+02 2.119000000000000000e+03 3.420878295898437500e+02
2.914839999999999804e+02 2.052000000000000000e+03 3.420917053222656250e+02
2.918199999999999932e+02 1.641000000000000000e+03 3.420872192382812500e+02
2.921560000000000059e+02 2.020000000000000000e+03 3.420893249511718750e+02
2.924920000000000186e+02 1.564000000000000000e+03 3.420865478515625000e+02
2.928290000000000077e+02 1.711000000000000000e+03 3.420885925292968750e+02
2.931650000000000205e+02 1.231000000000000000e+03 3.420884704589843750e+02
2.935009999999999764e+02 1.288000000000000000e+03 3.420868225097656250e+02
2.938380000000000223e+02 8.880000000000000000e+02 3.420845642089843750e+02
2.941739999999999782e+02 6.730000000000000000e+02 3.420881652832031250e+02
2.945110000000000241e+02 5.360000000000000000e+02 3.420926208496093750e+02
2.948469999999999800e+02 4.710000000000000000e+02 3.420869750976562500e+02
2.951829999999999927e+02 2.960000000000000000e+02 3.420923156738281250e+02
2.955199999999999818e+02 2.640000000000000000e+02 3.420956115722656250e+02
2.958559999999999945e+02 1.960000000000000000e+02 3.421073913574218750e+02
2.961940000000000168e+02 2.130000000000000000e+02 3.420804138183593750e+02
2.965299999999999727e+02 1.140000000000000000e+02 3.420953979492187500e+02
