5.467399999999999949e+01 3.100000000000000000e+02 3.510882568359375000e+02
5.500999999999999801e+01 7.390000000000000000e+02 3.510869445800781250e+02
5.534599999999999653e+01 6.010000000000000000e+02 3.510885009765625000e+02
5.568299999999999983e+01 8.060000000000000000e+02 3.510903930664062500e+02
5.601899999999999835e+01 9.220000000000000000e+02 3.510964660644531250e+02
5.635499999999999687e+01 1.188000000000000000e+03 3.510937500000000000e+02
5.669100000000000250e+01 1.228000000000000000e+03 3.510957031250000000e+02
5.702799999999999869e+01 1.177000000000000000e+03 3.510963745117187500e+02
5.736399999999999721e+01 1.752000000000000000e+03 3.510997924804687500e+02
5.770000000000000284e+01 1.599000000000000000e+03 3.510948181152343750e+02
5.803699999999999903e+01 1.766000000000000000e+03 3.510973205566406250e+02
5.837400000000000233e+01 2.195000000000000000e+03 3.510975952148437500e+02
5.871000000000000085e+01 2.474000000000000000e+03 3.511007690429687500e+02
5.904599999999999937e+01 2.597000000000000000e+03 3.511009826660156250e+02
5.938300000000000267e+01 2.383000000000000000e+03 3.511023864746093750e+02
5.971900000000000119e+01 2.362000000000000000e+03 3.510979003906250000e+02
6.005519999999999925e+01 2.336000000000000000e+03 3.511000671386718750e+02
6.039180000000000348e+01 2.621000000000000000e+03 3.510993957519531250e+02
6.072780000000000200e+01 2.581000000000000000e+03 3.511004028320312500e+02
6.106380000000000052e+01 2.307000000000000000e+03 3.510987854003906250e+02
6.140100000000000335e+01 2.169000000000000000e+03 3.511006469726562500e+02
6.173700000000000188e+01 1.831000000000000000e+03 3.510973815917968750e+02
6.207300000000000040e+01 2.016000000000000000e+03 3.510976562500000000e+02
6.241020000000000323e+01 1.656000000000000000e+03 3.511001586914062500e+02
6.274620000000000175e+01 1.713000000000000000e+03 3.510998535156250000e+02
6.308220000000000027e+01 1.356000000000000000e+03 3.510998535156250000e+02
6.341819999999999879e+01 1.477000000000000000e+03 3.510992126464843750e+02
6.375480000000000302e+01 1.174000000000000000e+03 3.510993957519531250e+02
6.409319999999999595e+01 9.180000000000000000e+02 3.511004333496093750e+02
6.442919999999999447e+01 6.990000000000000000e+02 3.510944213867187500e+02
6.476519999999999300e+01 7.890000000000000000e+02 3.510990295410156250e+02
6.510120000000000573e+01 6.650000000000000000e+02 3.510960083007812500e+02
6.543779999999999575e+01 3.550000000000000000e+02 3.510885620117187500e+02
6.577379999999999427e+01 3.430000000000000000e+02 3.510911865234375000e+02
6.610980000000000700e+01 5.010000000000000000e+02 3.510885009765625000e+02
6.644700000000000273e+01 2.970000000000000000e+02 3.510949401855468750e+02
6.678300000000000125e+01 2.860000000000000000e+02 3.510881347656250000e+02
6.711899999999999977e+01 2.570000000000000000e+02 3.510962219238281250e+02
6.745619999999999550e+01 2.620000000000000000e+02 3.510804748535156250e+02
