1.925889999999999986e+02 7.000000000000000000e+01 3.551192626953125000e+02
1.929259999999999877e+02 1.340000000000000000e+02 3.551235351562500000e+02
1.932620000000000005e+02 9.000000000000000000e+01 3.551216430664062500e+02
1.935980000000000132e+02 9.700000000000000000e+01 3.551367492675781250e+02
1.939350000000000023e+02 1.820000000000000000e+02 3.551348266601562500e+02
1.942709999999999866e+02 4.240000000000000000e+02 3.551333312988281250e+02
1.946069999999999993e+02 8.680000000000000000e+02 3.551415100097656250e+02
1.949439999999999884e+02 1.217000000000000000e+03 3.551337280273437500e+02
1.952810000000000059e+02 1.391000000000000000e+03 3.551332702636718750e+02
1.956179999999999950e+02 1.968000000000000000e+03 3.551336975097656250e+02
1.959540000000000077e+02 2.323000000000000000e+03 3.551359558105468750e+02
1.962899999999999920e+02 2.345000000000000000e+03 3.551376953125000000e+02
1.966270000000000095e+02 2.131000000000000000e+03 3.551348876953125000e+02
1.969629999999999939e+02 2.355000000000000000e+03 3.551357421875000000e+02
1.972990000000000066e+02 1.640000000000000000e+03 3.551350402832031250e+02
1.976359999999999957e+02 1.707000000000000000e+03 3.551311340332031250e+02
1.979720000000000084e+02 1.672000000000000000e+03 3.551357421875000000e+02
1.983079999999999927e+02 2.004000000000000000e+03 3.551342468261718750e+02
1.986440000000000055e+02 1.600000000000000000e+03 3.551347351074218750e+02
1.989809999999999945e+02 2.043000000000000000e+03 3.551355895996093750e+02
1.993170000000000073e+02 2.241000000000000000e+03 3.551355590820312500e+02
1.996539999999999964e+02 1.745000000000000000e+03 3.551342163085937500e+02
1.999910000000000139e+02 1.559000000000000000e+03 3.551375122070312500e+02
2.003269999999999982e+02 1.174000000000000000e+03 3.551344604492187500e+02
2.006630000000000109e+02 1.452000000000000000e+03 3.551331176757812500e+02
2.010000000000000000e+02 1.316000000000000000e+03 3.551325683593750000e+02
2.013360000000000127e+02 9.910000000000000000e+02 3.551351623535156250e+02
2.016719999999999970e+02 1.058000000000000000e+03 3.551357421875000000e+02
2.020089999999999861e+02 1.301000000000000000e+03 3.551359558105468750e+02
2.023449999999999989e+02 1.643000000000000000e+03 3.551340637207031250e+02
2.026810000000000116e+02 1.826000000000000000e+03 3.551351013183593750e+02
2.030169999999999959e+02 1.774000000000000000e+03 3.551363220214843750e+02
2.033540000000000134e+02 1.644000000000000000e+03 3.551353759765625000e+02
2.036899999999999977e+02 1.469000000000000000e+03 3.551338195800781250e+02
2.040260000000000105e+02 1.296000000000000000e+03 3.551319274902343750e+02
2.043629999999999995e+02 9.960000000000000000e+02 3.551372985839843750e+02
2.046990000000000123e+02 7.120000000000000000e+02 3.551352233886718750e+02
2.050349999999999966e+02 6.730000000000000000e+02 3.551313476562500000e+02
2.053729999999999905e+02 8.310000000000000000e+02 3.551281738281250000e+02
2.057090000000000032e+02 4.970000000000000000e+02 3.551322937011718750e+02
2.060459999999999923e+02 4.050000000000000000e+02 3.551335144042968750e+02
2.063820000000000050e+02 1.920000000000000000e+02 3.551359863281250000e+02
2.067179999999999893e+02 1.930000000000000000e+02 3.551319885253906250e+02
2.070550000000000068e+02 1.890000000000000000e+02 3.551419067382812500e+02
2.073909999999999911e+02 1.650000000000000000e+02 3.551315917968750000e+02
2.077270000000000039e+02 3.230000000000000000e+02 3.551342773437500000e+02
2.080629999999999882e+02 2.370000000000000000e+02 3.551246032714843750e+02
2.084000000000000057e+02 1.530000000000000000e+02 3.551340026855468750e+02
2.087359999999999900e+02 1.800000000000000000e+02 3.551294860839843750e+02
