2.635640000000000214e+02 9.000000000000000000e+01 2.880679016113281250e+02
2.639010000000000105e+02 1.390000000000000000e+02 2.880542907714843750e+02
2.642370000000000232e+02 2.090000000000000000e+02 2.880595092773437500e+02
2.645729999999999791e+02 4.010000000000000000e+02 2.880543823242187500e+02
2.649100000000000250e+02 7.100000000000000000e+02 2.880578918457031250e+02
2.652459999999999809e+02 1.041000000000000000e+03 2.880548400878906250e+02
2.655819999999999936e+02 1.561000000000000000e+03 2.880581054687500000e+02
2.659200000000000159e+02 1.971000000000000000e+03 2.880579528808593750e+02
2.662559999999999718e+02 1.925000000000000000e+03 2.880558776855468750e+02
2.665930000000000177e+02 1.874000000000000000e+03 2.880569458007812500e+02
2.669289999999999736e+02 1.782000000000000000e+03 2.880577697753906250e+02
2.672649999999999864e+02 1.598000000000000000e+03 2.880575561523437500e+02
2.676009999999999991e+02 1.390000000000000000e+03 2.880571289062500000e+02
2.679379999999999882e+02 8.590000000000000000e+02 2.880611572265625000e+02
2.682740000000000009e+02 9.020000000000000000e+02 2.880559387207031250e+02
2.686100000000000136e+02 4.920000000000000000e+02 2.880578613281250000e+02
2.689470000000000027e+02 4.610000000000000000e+02 2.880561523437500000e+02
2.692830000000000155e+02 2.210000000000000000e+02 2.880567016601562500e+02
2.696190000000000282e+02 1.370000000000000000e+02 2.880568847656250000e+02
2.699560000000000173e+02 2.200000000000000000e+02 2.880568237304687500e+02
2.702919999999999732e+02 1.160000000000000000e+02 2.880755615234375000e+02
2.706279999999999859e+02 1.000000000000000000e+02 2.880542602539062500e+02
2.709649999999999750e+02 8.600000000000000000e+01 2.880776062011718750e+02
2.713009999999999877e+02 8.600000000000000000e+01 2.880655517578125000e+02
2.716370000000000005e+02 9.800000000000000000e+01 2.880579833984375000e+02
