2.110900000000000034e+02 5.300000000000000000e+01 1.610908966064453125e+02
2.114269999999999925e+02 2.790000000000000000e+02 1.610802612304687500e+02
2.117630000000000052e+02 2.580000000000000000e+02 1.610843200683593750e+02
2.120989999999999895e+02 6.130000000000000000e+02 1.610800781250000000e+02
2.124350000000000023e+02 8.790000000000000000e+02 1.610776214599609375e+02
2.127719999999999914e+02 9.720000000000000000e+02 1.610763244628906250e+02
2.131080000000000041e+02 1.243000000000000000e+03 1.610780792236328125e+02
2.134439999999999884e+02 1.639000000000000000e+03 1.610780639648437500e+02
2.137810000000000059e+02 1.330000000000000000e+03 1.610788879394531250e+02
2.141169999999999902e+02 1.446000000000000000e+03 1.610795440673828125e+02
2.144530000000000030e+02 1.186000000000000000e+03 1.610760650634765625e+02
2.147899999999999920e+02 1.038000000000000000e+03 1.610776062011718750e+02
2.151260000000000048e+02 9.280000000000000000e+02 1.610764007568359375e+02
2.154639999999999986e+02 9.500000000000000000e+02 1.610770416259765625e+02
2.158009999999999877e+02 5.100000000000000000e+02 1.610792236328125000e+02
2.161370000000000005e+02 7.400000000000000000e+02 1.610752410888671875e+02
2.164730000000000132e+02 6.340000000000000000e+02 1.610790710449218750e+02
2.168100000000000023e+02 5.240000000000000000e+02 1.610767059326171875e+02
2.171459999999999866e+02 3.750000000000000000e+02 1.610796051025390625e+02
2.174819999999999993e+02 3.290000000000000000e+02 1.610753784179687500e+02
2.178189999999999884e+02 2.490000000000000000e+02 1.610723419189453125e+02
2.181550000000000011e+02 2.050000000000000000e+02 1.610748748779296875e+02
2.184910000000000139e+02 2.100000000000000000e+02 1.610816192626953125e+02
