3.005659999999999741e+02 4.270000000000000000e+02 3.711860961914062500e+02
3.009019999999999868e+02 5.960000000000000000e+02 3.711994018554687500e+02
3.012389999999999759e+02 9.420000000000000000e+02 3.711993713378906250e+02
3.015749999999999886e+02 9.340000000000000000e+02 3.712029724121093750e+02
3.019110000000000014e+02 1.480000000000000000e+03 3.712012939453125000e+02
3.022470000000000141e+02 1.417000000000000000e+03 3.712017822265625000e+02
3.025840000000000032e+02 1.404000000000000000e+03 3.712016296386718750e+02
3.029200000000000159e+02 1.302000000000000000e+03 3.712000732421875000e+02
3.032559999999999718e+02 9.650000000000000000e+02 3.712009277343750000e+02
3.035930000000000177e+02 9.720000000000000000e+02 3.712005615234375000e+02
3.039289999999999736e+02 5.910000000000000000e+02 3.712051391601562500e+02
3.042649999999999864e+02 5.400000000000000000e+02 3.711945495605468750e+02
3.046019999999999754e+02 4.440000000000000000e+02 3.711925659179687500e+02
3.049379999999999882e+02 2.760000000000000000e+02 3.711820678710937500e+02
