3.816390000000000100e+02 2.100000000000000000e+02 3.191072998046875000e+02
3.819759999999999991e+02 3.930000000000000000e+02 3.191055603027343750e+02
3.823120000000000118e+02 7.250000000000000000e+02 3.191028442382812500e+02
3.826480000000000246e+02 1.053000000000000000e+03 3.191053771972656250e+02
3.829850000000000136e+02 1.104000000000000000e+03 3.191066589355468750e+02
3.833210000000000264e+02 1.272000000000000000e+03 3.191021423339843750e+02
3.836569999999999823e+02 1.114000000000000000e+03 3.191037902832031250e+02
3.839929999999999950e+02 1.458000000000000000e+03 3.191011962890625000e+02
3.843299999999999841e+02 1.021000000000000000e+03 3.191091308593750000e+02
3.846659999999999968e+02 8.610000000000000000e+02 3.191048583984375000e+02
3.850020000000000095e+02 9.910000000000000000e+02 3.191062011718750000e+02
3.853389999999999986e+02 9.220000000000000000e+02 3.191084899902343750e+02
3.856750000000000114e+02 8.130000000000000000e+02 3.191092224121093750e+02
3.860110000000000241e+02 6.530000000000000000e+02 3.191041870117187500e+02
3.863480000000000132e+02 5.100000000000000000e+02 3.191090087890625000e+02
3.866840000000000259e+02 3.520000000000000000e+02 3.191109313964843750e+02
3.870219999999999914e+02 1.890000000000000000e+02 3.191046752929687500e+02
