4.256300000000000239e+01 1.101000000000000000e+03 6.540343627929687500e+02
4.289999999999999858e+01 1.378000000000000000e+03 6.540417480468750000e+02
4.323599999999999710e+01 1.438000000000000000e+03 6.540446777343750000e+02
4.357300000000000040e+01 1.253000000000000000e+03 6.540452270507812500e+02
4.390999999999999659e+01 1.025000000000000000e+03 6.540440063476562500e+02
4.424699999999999989e+01 8.760000000000000000e+02 6.540395507812500000e+02
4.458299999999999841e+01 8.220000000000000000e+02 6.540430297851562500e+02
4.491899999999999693e+01 4.570000000000000000e+02 6.540524902343750000e+02
4.525600000000000023e+01 3.940000000000000000e+02 6.540357666015625000e+02
4.559199999999999875e+01 2.360000000000000000e+02 6.540393676757812500e+02
