4.020799999999999841e+01 2.420000000000000000e+02 3.455051879882812500e+02
4.054500000000000171e+01 1.350000000000000000e+02 3.455043945312500000e+02
4.088100000000000023e+01 1.440000000000000000e+02 3.455117797851562500e+02
4.121699999999999875e+01 3.240000000000000000e+02 3.455079650878906250e+02
4.155400000000000205e+01 8.400000000000000000e+01 3.455098571777343750e+02
4.189000000000000057e+01 2.670000000000000000e+02 3.454959106445312500e+02
4.222699999999999676e+01 6.190000000000000000e+02 3.454979858398437500e+02
4.256300000000000239e+01 1.313000000000000000e+03 3.455019531250000000e+02
4.289999999999999858e+01 1.003000000000000000e+03 3.454981689453125000e+02
4.323599999999999710e+01 5.060000000000000000e+02 3.454998168945312500e+02
4.357300000000000040e+01 7.320000000000000000e+02 3.454969482421875000e+02
4.390999999999999659e+01 9.030000000000000000e+02 3.455038146972656250e+02
4.424699999999999989e+01 5.490000000000000000e+02 3.454996032714843750e+02
4.458299999999999841e+01 9.500000000000000000e+02 3.454984741210937500e+02
4.491899999999999693e+01 7.470000000000000000e+02 3.454970092773437500e+02
4.525600000000000023e+01 9.220000000000000000e+02 3.455014343261718750e+02
4.559199999999999875e+01 6.520000000000000000e+02 3.454984436035156250e+02
4.592799999999999727e+01 4.500000000000000000e+02 3.455027770996093750e+02
4.626400000000000290e+01 4.960000000000000000e+02 3.455058593750000000e+02
4.660099999999999909e+01 2.820000000000000000e+02 3.455069885253906250e+02
4.693699999999999761e+01 2.580000000000000000e+02 3.454933776855468750e+02
4.727300000000000324e+01 3.280000000000000000e+02 3.454944152832031250e+02
4.760999999999999943e+01 2.900000000000000000e+02 3.455060119628906250e+02
4.794599999999999795e+01 2.380000000000000000e+02 3.455075378417968750e+02
4.828199999999999648e+01 1.720000000000000000e+02 3.455113830566406250e+02
4.861899999999999977e+01 2.900000000000000000e+02 3.455126037597656250e+02
4.895499999999999829e+01 1.920000000000000000e+02 3.455043334960937500e+02
4.929099999999999682e+01 2.610000000000000000e+02 3.455009765625000000e+02
4.962700000000000244e+01 2.310000000000000000e+02 3.455037841796875000e+02
4.996399999999999864e+01 2.400000000000000000e+02 3.455062561035156250e+02
5.029999999999999716e+01 1.690000000000000000e+02 3.454929809570312500e+02
5.063600000000000279e+01 1.960000000000000000e+02 3.455017395019531250e+02
5.097299999999999898e+01 1.930000000000000000e+02 3.455078735351562500e+02
5.130899999999999750e+01 3.080000000000000000e+02 3.455011596679687500e+02
5.164500000000000313e+01 1.690000000000000000e+02 3.455025329589843750e+02
5.198199999999999932e+01 1.960000000000000000e+02 3.454991455078125000e+02
