3.318550000000000182e+02 3.390000000000000000e+02 4.111722717285156250e+02
3.321909999999999741e+02 2.420000000000000000e+02 4.111594238281250000e+02
3.325280000000000200e+02 4.200000000000000000e+02 4.111602478027343750e+02
3.328650000000000091e+02 7.620000000000000000e+02 4.111622619628906250e+02
3.332010000000000218e+02 1.147000000000000000e+03 4.111582336425781250e+02
3.335369999999999777e+02 1.238000000000000000e+03 4.111582641601562500e+02
3.338729999999999905e+02 1.283000000000000000e+03 4.111564636230468750e+02
3.342099999999999795e+02 1.201000000000000000e+03 4.111609802246093750e+02
3.345459999999999923e+02 1.043000000000000000e+03 4.111615905761718750e+02
3.348820000000000050e+02 9.730000000000000000e+02 4.111638183593750000e+02
3.352189999999999941e+02 8.070000000000000000e+02 4.111594848632812500e+02
3.355550000000000068e+02 6.620000000000000000e+02 4.111681823730468750e+02
3.358910000000000196e+02 6.580000000000000000e+02 4.111597290039062500e+02
3.362280000000000086e+02 4.250000000000000000e+02 4.111722106933593750e+02
3.365649999999999977e+02 3.270000000000000000e+02 4.111579589843750000e+02
3.369019999999999868e+02 2.450000000000000000e+02 4.111701049804687500e+02
