2.107539999999999907e+02 4.200000000000000000e+01 5.010650634765625000e+02
2.110900000000000034e+02 1.390000000000000000e+02 5.010447387695312500e+02
2.114269999999999925e+02 2.490000000000000000e+02 5.010488891601562500e+02
2.117630000000000052e+02 6.430000000000000000e+02 5.010492858886718750e+02
2.120989999999999895e+02 8.020000000000000000e+02 5.010458374023437500e+02
2.124350000000000023e+02 1.130000000000000000e+03 5.010480651855468750e+02
2.127719999999999914e+02 9.790000000000000000e+02 5.010546875000000000e+02
2.131080000000000041e+02 1.223000000000000000e+03 5.010538024902343750e+02
2.134439999999999884e+02 1.238000000000000000e+03 5.010532836914062500e+02
2.137810000000000059e+02 9.410000000000000000e+02 5.010553588867187500e+02
2.141169999999999902e+02 1.152000000000000000e+03 5.010526123046875000e+02
2.144530000000000030e+02 1.055000000000000000e+03 5.010485229492187500e+02
2.147899999999999920e+02 8.720000000000000000e+02 5.010509643554687500e+02
2.151260000000000048e+02 5.760000000000000000e+02 5.010578002929687500e+02
2.154639999999999986e+02 6.710000000000000000e+02 5.010523986816406250e+02
2.158009999999999877e+02 4.690000000000000000e+02 5.010487976074218750e+02
2.161370000000000005e+02 3.090000000000000000e+02 5.010472412109375000e+02
2.164730000000000132e+02 4.610000000000000000e+02 5.010504455566406250e+02
2.168100000000000023e+02 1.670000000000000000e+02 5.010724487304687500e+02
2.171459999999999866e+02 1.370000000000000000e+02 5.010580444335937500e+02
2.174819999999999993e+02 1.880000000000000000e+02 5.010504455566406250e+02
2.178189999999999884e+02 1.260000000000000000e+02 5.010581054687500000e+02
