2.948469999999999800e+02 5.380000000000000000e+02 4.090940551757812500e+02
2.951829999999999927e+02 4.660000000000000000e+02 4.091063842773437500e+02
2.955199999999999818e+02 5.640000000000000000e+02 4.091023864746093750e+02
2.958559999999999945e+02 4.770000000000000000e+02 4.091040649414062500e+02
2.961940000000000168e+02 5.530000000000000000e+02 4.091122436523437500e+02
2.965299999999999727e+02 9.530000000000000000e+02 4.091173706054687500e+02
2.968670000000000186e+02 1.944000000000000000e+03 4.091134948730468750e+02
2.972029999999999745e+02 3.572000000000000000e+03 4.091116333007812500e+02
2.975389999999999873e+02 5.357000000000000000e+03 4.091124877929687500e+02
2.978750000000000000e+02 7.327000000000000000e+03 4.091100769042968750e+02
2.982119999999999891e+02 8.543000000000000000e+03 4.091087341308593750e+02
2.985480000000000018e+02 1.010300000000000000e+04 4.091092834472656250e+02
2.988840000000000146e+02 1.016100000000000000e+04 4.091103820800781250e+02
2.992210000000000036e+02 9.760000000000000000e+03 4.091096801757812500e+02
2.995570000000000164e+02 9.505000000000000000e+03 4.091091918945312500e+02
2.998929999999999723e+02 8.022000000000000000e+03 4.091106262207031250e+02
3.002300000000000182e+02 6.677000000000000000e+03 4.091104736328125000e+02
3.005659999999999741e+02 5.023000000000000000e+03 4.091087341308593750e+02
3.009019999999999868e+02 4.079000000000000000e+03 4.091117248535156250e+02
3.012389999999999759e+02 3.013000000000000000e+03 4.091115417480468750e+02
3.015749999999999886e+02 1.748000000000000000e+03 4.091197814941406250e+02
3.019110000000000014e+02 1.101000000000000000e+03 4.091273498535156250e+02
