1.579430000000000121e+02 9.300000000000000000e+01 3.460804138183593750e+02
1.582789999999999964e+02 2.750000000000000000e+02 3.460876770019531250e+02
1.586150000000000091e+02 3.330000000000000000e+02 3.460843505859375000e+02
1.589509999999999934e+02 5.820000000000000000e+02 3.460854187011718750e+02
1.592880000000000109e+02 5.250000000000000000e+02 3.460880737304687500e+02
1.596239999999999952e+02 7.440000000000000000e+02 3.460843200683593750e+02
1.599600000000000080e+02 9.560000000000000000e+02 3.460896301269531250e+02
1.602969999999999970e+02 1.107000000000000000e+03 3.460888671875000000e+02
1.606330000000000098e+02 8.110000000000000000e+02 3.460884399414062500e+02
1.609689999999999941e+02 1.141000000000000000e+03 3.460888671875000000e+02
1.613060000000000116e+02 9.450000000000000000e+02 3.460891418457031250e+02
1.616419999999999959e+02 1.000000000000000000e+03 3.460913696289062500e+02
1.619780000000000086e+02 9.470000000000000000e+02 3.460914916992187500e+02
1.623149999999999977e+02 7.270000000000000000e+02 3.460869140625000000e+02
1.626510000000000105e+02 5.270000000000000000e+02 3.460841674804687500e+02
1.629869999999999948e+02 4.920000000000000000e+02 3.460881652832031250e+02
1.633230000000000075e+02 2.610000000000000000e+02 3.460809631347656250e+02
1.636599999999999966e+02 1.640000000000000000e+02 3.460819702148437500e+02
1.639960000000000093e+02 2.380000000000000000e+02 3.460881958007812500e+02
1.643319999999999936e+02 8.200000000000000000e+01 3.460723266601562500e+02
1.646690000000000111e+02 1.240000000000000000e+02 3.460912170410156250e+02
1.650060000000000002e+02 2.230000000000000000e+02 3.460720825195312500e+02
1.653429999999999893e+02 8.600000000000000000e+01 3.460910339355468750e+02
