4.289699999999999847e+01 3.530000000000000000e+02 4.770036621093750000e+02
4.323299999999999699e+01 6.410000000000000000e+02 4.770067138671875000e+02
4.357000000000000028e+01 1.117000000000000000e+03 4.770021667480468750e+02
4.390599999999999881e+01 8.840000000000000000e+02 4.770088806152343750e+02
4.424199999999999733e+01 1.192000000000000000e+03 4.770048828125000000e+02
4.457900000000000063e+01 8.910000000000000000e+02 4.770072631835937500e+02
4.491499999999999915e+01 6.930000000000000000e+02 4.770084228515625000e+02
4.525099999999999767e+01 7.030000000000000000e+02 4.770113525390625000e+02
4.558700000000000330e+01 3.300000000000000000e+02 4.770149230957031250e+02
4.592399999999999949e+01 5.240000000000000000e+02 4.770054321289062500e+02
4.625999999999999801e+01 3.730000000000000000e+02 4.770065002441406250e+02
4.659599999999999653e+01 3.580000000000000000e+02 4.770079345703125000e+02
4.693299999999999983e+01 2.500000000000000000e+02 4.770141601562500000e+02
