7.971059999999999945e+02 2.100000000000000000e+02 3.763189086914062500e+02
7.974420000000000073e+02 4.440000000000000000e+02 3.763154296875000000e+02
7.977839999999999918e+02 5.730000000000000000e+02 3.763146667480468750e+02
7.981200000000000045e+02 7.650000000000000000e+02 3.763175354003906250e+02
7.984500000000000455e+02 8.300000000000000000e+02 3.763194274902343750e+02
7.987920000000000300e+02 8.400000000000000000e+02 3.763182373046875000e+02
7.991280000000000427e+02 9.710000000000000000e+02 3.763178405761718750e+02
7.994640000000000555e+02 1.108000000000000000e+03 3.763172607421875000e+02
7.997999999999999545e+02 1.159000000000000000e+03 3.763174743652343750e+02
8.001359999999999673e+02 9.890000000000000000e+02 3.763165588378906250e+02
8.004719999999999800e+02 1.076000000000000000e+03 3.763142700195312500e+02
8.008079999999999927e+02 1.107000000000000000e+03 3.763168945312500000e+02
8.011440000000000055e+02 1.119000000000000000e+03 3.763173828125000000e+02
8.014800000000000182e+02 7.670000000000000000e+02 3.763142700195312500e+02
8.018160000000000309e+02 9.120000000000000000e+02 3.763153076171875000e+02
8.021520000000000437e+02 1.077000000000000000e+03 3.763161315917968750e+02
8.024880000000000564e+02 1.058000000000000000e+03 3.763194274902343750e+02
8.028239999999999554e+02 9.690000000000000000e+02 3.763171997070312500e+02
8.031599999999999682e+02 1.109000000000000000e+03 3.763133239746093750e+02
8.034959999999999809e+02 9.790000000000000000e+02 3.763139648437500000e+02
8.038319999999999936e+02 8.820000000000000000e+02 3.763210754394531250e+02
8.041739999999999782e+02 7.120000000000000000e+02 3.763141174316406250e+02
8.045099999999999909e+02 7.830000000000000000e+02 3.763170166015625000e+02
8.048460000000000036e+02 5.370000000000000000e+02 3.763234558105468750e+02
8.051820000000000164e+02 4.460000000000000000e+02 3.763212890625000000e+02
8.055180000000000291e+02 3.550000000000000000e+02 3.763233642578125000e+02
8.058540000000000418e+02 1.900000000000000000e+02 3.763194580078125000e+02
8.061900000000000546e+02 2.370000000000000000e+02 3.763148803710937500e+02
8.065259999999999536e+02 2.360000000000000000e+02 3.763134155273437500e+02
8.068619999999999663e+02 1.870000000000000000e+02 3.763186645507812500e+02
8.071979999999999791e+02 1.550000000000000000e+02 3.763030090332031250e+02
8.075339999999999918e+02 1.550000000000000000e+02 3.763218383789062500e+02
8.078700000000000045e+02 1.170000000000000000e+02 3.763040466308593750e+02
