3.507049999999999841e+02 4.030000000000000000e+02 4.633204956054687500e+02
3.510419999999999732e+02 6.190000000000000000e+02 4.633232421875000000e+02
3.513779999999999859e+02 7.990000000000000000e+02 4.633254394531250000e+02
3.517139999999999986e+02 9.970000000000000000e+02 4.633217773437500000e+02
3.520509999999999877e+02 8.290000000000000000e+02 4.633297119140625000e+02
3.523870000000000005e+02 1.141000000000000000e+03 4.633201293945312500e+02
3.527230000000000132e+02 7.930000000000000000e+02 4.633257141113281250e+02
3.530600000000000023e+02 6.790000000000000000e+02 4.633218078613281250e+02
3.533960000000000150e+02 9.520000000000000000e+02 4.633219604492187500e+02
3.537320000000000277e+02 7.640000000000000000e+02 4.633277282714843750e+02
3.540679999999999836e+02 3.980000000000000000e+02 4.633316955566406250e+02
3.544049999999999727e+02 3.720000000000000000e+02 4.633206481933593750e+02
3.547409999999999854e+02 3.540000000000000000e+02 4.633160400390625000e+02
3.550769999999999982e+02 2.190000000000000000e+02 4.633114929199218750e+02
