8.899439999999999600e+02 1.200000000000000000e+02 2.912284545898437500e+02
8.902799999999999727e+02 7.400000000000000000e+01 2.912272033691406250e+02
8.906159999999999854e+02 2.670000000000000000e+02 2.912282409667968750e+02
8.909519999999999982e+02 1.460000000000000000e+02 2.912294616699218750e+02
8.912880000000000109e+02 3.440000000000000000e+02 2.912215881347656250e+02
8.916240000000000236e+02 3.910000000000000000e+02 2.912328491210937500e+02
8.919660000000000082e+02 5.250000000000000000e+02 2.912257080078125000e+02
8.922960000000000491e+02 6.820000000000000000e+02 2.912273864746093750e+02
8.926380000000000337e+02 7.100000000000000000e+02 2.912284240722656250e+02
8.929679999999999609e+02 9.730000000000000000e+02 2.912287902832031250e+02
8.933099999999999454e+02 1.141000000000000000e+03 2.912301635742187500e+02
8.936459999999999582e+02 1.118000000000000000e+03 2.912332458496093750e+02
8.939819999999999709e+02 7.880000000000000000e+02 2.912263183593750000e+02
8.943179999999999836e+02 7.990000000000000000e+02 2.912276916503906250e+02
8.946539999999999964e+02 7.880000000000000000e+02 2.912281799316406250e+02
8.949900000000000091e+02 5.890000000000000000e+02 2.912277832031250000e+02
8.953260000000000218e+02 5.800000000000000000e+02 2.912312316894531250e+02
8.956620000000000346e+02 2.600000000000000000e+02 2.912305297851562500e+02
8.959980000000000473e+02 2.300000000000000000e+02 2.912316894531250000e+02
8.963339999999999463e+02 1.480000000000000000e+02 2.912140197753906250e+02
8.966699999999999591e+02 1.680000000000000000e+02 2.912317810058593750e+02
8.970119999999999436e+02 1.850000000000000000e+02 2.912310791015625000e+02
8.973479999999999563e+02 1.430000000000000000e+02 2.912362060546875000e+02
