2.403540000000000134e+02 4.070000000000000000e+02 4.091207580566406250e+02
2.406899999999999977e+02 5.470000000000000000e+02 4.091142578125000000e+02
2.410260000000000105e+02 3.720000000000000000e+02 4.091049804687500000e+02
2.413629999999999995e+02 3.280000000000000000e+02 4.091235656738281250e+02
2.416990000000000123e+02 5.370000000000000000e+02 4.091072387695312500e+02
2.420349999999999966e+02 4.160000000000000000e+02 4.091106872558593750e+02
2.423720000000000141e+02 3.220000000000000000e+02 4.091156311035156250e+02
2.427079999999999984e+02 2.940000000000000000e+02 4.091166687011718750e+02
2.430440000000000111e+02 2.720000000000000000e+02 4.091105041503906250e+02
2.433799999999999955e+02 2.440000000000000000e+02 4.090979309082031250e+02
2.437170000000000130e+02 2.540000000000000000e+02 4.091155700683593750e+02
2.440529999999999973e+02 1.730000000000000000e+02 4.091228942871093750e+02
2.443890000000000100e+02 4.010000000000000000e+02 4.091094970703125000e+02
2.447259999999999991e+02 4.150000000000000000e+02 4.091167907714843750e+02
2.450620000000000118e+02 6.160000000000000000e+02 4.091154785156250000e+02
2.453979999999999961e+02 8.190000000000000000e+02 4.091121520996093750e+02
2.457350000000000136e+02 1.137000000000000000e+03 4.091115112304687500e+02
2.460720000000000027e+02 1.110000000000000000e+03 4.091120605468750000e+02
2.464079999999999870e+02 1.046000000000000000e+03 4.091102905273437500e+02
2.467439999999999998e+02 1.026000000000000000e+03 4.091056213378906250e+02
2.470809999999999889e+02 8.290000000000000000e+02 4.091102905273437500e+02
2.474170000000000016e+02 9.120000000000000000e+02 4.091122741699218750e+02
2.477529999999999859e+02 8.660000000000000000e+02 4.091110229492187500e+02
2.480900000000000034e+02 5.570000000000000000e+02 4.091048278808593750e+02
2.484269999999999925e+02 6.010000000000000000e+02 4.091167907714843750e+02
2.487630000000000052e+02 4.130000000000000000e+02 4.091053771972656250e+02
2.491009999999999991e+02 3.120000000000000000e+02 4.091307067871093750e+02
2.494370000000000118e+02 3.370000000000000000e+02 4.091100158691406250e+02
2.497740000000000009e+02 4.290000000000000000e+02 4.091087646484375000e+02
