2.379970000000000141e+02 1.250000000000000000e+02 4.491181640625000000e+02
2.383340000000000032e+02 1.260000000000000000e+02 4.491108398437500000e+02
2.386709999999999923e+02 2.470000000000000000e+02 4.490999450683593750e+02
2.390089999999999861e+02 2.110000000000000000e+02 4.491206665039062500e+02
2.393449999999999989e+02 2.260000000000000000e+02 4.491040344238281250e+02
2.396810000000000116e+02 1.950000000000000000e+02 4.491207275390625000e+02
2.400169999999999959e+02 3.630000000000000000e+02 4.491114807128906250e+02
2.403540000000000134e+02 3.110000000000000000e+02 4.491116333007812500e+02
2.406899999999999977e+02 5.800000000000000000e+02 4.491030578613281250e+02
2.410260000000000105e+02 4.690000000000000000e+02 4.491084594726562500e+02
2.413629999999999995e+02 6.740000000000000000e+02 4.491061401367187500e+02
2.416990000000000123e+02 6.030000000000000000e+02 4.491043701171875000e+02
2.420349999999999966e+02 6.180000000000000000e+02 4.491059875488281250e+02
2.423720000000000141e+02 4.440000000000000000e+02 4.491088867187500000e+02
2.427079999999999984e+02 5.090000000000000000e+02 4.491029052734375000e+02
2.430440000000000111e+02 4.190000000000000000e+02 4.491029052734375000e+02
2.433799999999999955e+02 2.960000000000000000e+02 4.491046142578125000e+02
2.437170000000000130e+02 4.810000000000000000e+02 4.491013793945312500e+02
2.440529999999999973e+02 3.650000000000000000e+02 4.491007995605468750e+02
2.443890000000000100e+02 4.580000000000000000e+02 4.491173706054687500e+02
2.447259999999999991e+02 8.810000000000000000e+02 4.491044616699218750e+02
2.450620000000000118e+02 1.397000000000000000e+03 4.491065673828125000e+02
2.453979999999999961e+02 2.831000000000000000e+03 4.491086425781250000e+02
2.457350000000000136e+02 3.612000000000000000e+03 4.491047973632812500e+02
2.460720000000000027e+02 4.656000000000000000e+03 4.491067810058593750e+02
2.464079999999999870e+02 5.336000000000000000e+03 4.491055908203125000e+02
2.467439999999999998e+02 5.160000000000000000e+03 4.491083679199218750e+02
2.470809999999999889e+02 7.699000000000000000e+03 4.491044311523437500e+02
2.474170000000000016e+02 1.325500000000000000e+04 4.491058959960937500e+02
2.477529999999999859e+02 2.532500000000000000e+04 4.491051635742187500e+02
2.480900000000000034e+02 4.621900000000000000e+04 4.491066284179687500e+02
2.484269999999999925e+02 6.555000000000000000e+04 4.491072692871093750e+02
2.487630000000000052e+02 7.847800000000000000e+04 4.491056823730468750e+02
2.491009999999999991e+02 8.893000000000000000e+04 4.491058349609375000e+02
2.494370000000000118e+02 9.162100000000000000e+04 4.491065368652343750e+02
2.497740000000000009e+02 8.795100000000000000e+04 4.491066894531250000e+02
2.501100000000000136e+02 7.596000000000000000e+04 4.491067504882812500e+02
2.504470000000000027e+02 6.763400000000000000e+04 4.491053771972656250e+02
2.507829999999999870e+02 5.478400000000000000e+04 4.491064453125000000e+02
2.511189999999999998e+02 4.332900000000000000e+04 4.491076354980468750e+02
2.514559999999999889e+02 3.408900000000000000e+04 4.491051635742187500e+02
2.517920000000000016e+02 2.447600000000000000e+04 4.491069030761718750e+02
2.521279999999999859e+02 2.010200000000000000e+04 4.491069641113281250e+02
2.524650000000000034e+02 1.549200000000000000e+04 4.491049499511718750e+02
2.528009999999999877e+02 1.123600000000000000e+04 4.491054992675781250e+02
2.531370000000000005e+02 8.181000000000000000e+03 4.491060791015625000e+02
2.534730000000000132e+02 6.685000000000000000e+03 4.491063232421875000e+02
2.538100000000000023e+02 5.244000000000000000e+03 4.491068115234375000e+02
2.541459999999999866e+02 4.211000000000000000e+03 4.491067199707031250e+02
2.544819999999999993e+02 3.476000000000000000e+03 4.491067504882812500e+02
2.548189999999999884e+02 2.749000000000000000e+03 4.491049194335937500e+02
2.551550000000000011e+02 2.772000000000000000e+03 4.491060180664062500e+02
2.554910000000000139e+02 2.278000000000000000e+03 4.491088562011718750e+02
2.558280000000000030e+02 2.220000000000000000e+03 4.491099853515625000e+02
2.561639999999999873e+02 1.856000000000000000e+03 4.491077270507812500e+02
2.565000000000000000e+02 2.026000000000000000e+03 4.491087646484375000e+02
2.568369999999999891e+02 1.748000000000000000e+03 4.491081237792968750e+02
2.571730000000000018e+02 1.702000000000000000e+03 4.491049804687500000e+02
2.575090000000000146e+02 1.618000000000000000e+03 4.491086120605468750e+02
2.578450000000000273e+02 2.353000000000000000e+03 4.491080322265625000e+02
2.581820000000000164e+02 1.942000000000000000e+03 4.491067810058593750e+02
2.585179999999999723e+02 2.310000000000000000e+03 4.491059875488281250e+02
2.588539999999999850e+02 2.179000000000000000e+03 4.491085205078125000e+02
2.591920000000000073e+02 1.779000000000000000e+03 4.491059875488281250e+02
2.595280000000000200e+02 1.741000000000000000e+03 4.491053466796875000e+02
2.598650000000000091e+02 1.724000000000000000e+03 4.491066589355468750e+02
2.602010000000000218e+02 1.244000000000000000e+03 4.491070251464843750e+02
2.605369999999999777e+02 9.860000000000000000e+02 4.491026306152343750e+02
2.608740000000000236e+02 1.197000000000000000e+03 4.491067810058593750e+02
2.612099999999999795e+02 8.880000000000000000e+02 4.491075744628906250e+02
2.615470000000000255e+02 8.300000000000000000e+02 4.491099853515625000e+02
2.618829999999999814e+02 8.790000000000000000e+02 4.491123657226562500e+02
2.622200000000000273e+02 8.960000000000000000e+02 4.491112976074218750e+02
2.625559999999999832e+02 1.343000000000000000e+03 4.491085815429687500e+02
2.628919999999999959e+02 9.780000000000000000e+02 4.491080017089843750e+02
2.632289999999999850e+02 1.295000000000000000e+03 4.491047363281250000e+02
2.635649999999999977e+02 1.320000000000000000e+03 4.491091003417968750e+02
2.639010000000000105e+02 1.341000000000000000e+03 4.491077880859375000e+02
