5.837100000000000222e+01 2.167000000000000000e+03 4.161891784667968750e+02
5.870700000000000074e+01 2.300000000000000000e+03 4.161883544921875000e+02
5.904399999999999693e+01 2.447000000000000000e+03 4.161897277832031250e+02
5.938000000000000256e+01 2.970000000000000000e+03 4.161898498535156250e+02
5.971600000000000108e+01 3.555000000000000000e+03 4.161861267089843750e+02
6.005219999999999914e+01 3.871000000000000000e+03 4.161887817382812500e+02
6.038880000000000337e+01 3.784000000000000000e+03 4.161895751953125000e+02
6.072480000000000189e+01 3.976000000000000000e+03 4.161878967285156250e+02
6.106080000000000041e+01 4.043000000000000000e+03 4.161909484863281250e+02
6.139800000000000324e+01 4.789000000000000000e+03 4.161900939941406250e+02
6.173400000000000176e+01 5.252000000000000000e+03 4.161893920898437500e+02
6.207000000000000028e+01 5.454000000000000000e+03 4.161888122558593750e+02
6.240720000000000312e+01 5.948000000000000000e+03 4.161875915527343750e+02
6.274320000000000164e+01 4.739000000000000000e+03 4.161896362304687500e+02
6.307920000000000016e+01 6.132000000000000000e+03 4.161890563964843750e+02
6.341519999999999868e+01 6.707000000000000000e+03 4.161880493164062500e+02
6.375180000000000291e+01 6.536000000000000000e+03 4.161867370605468750e+02
6.408780000000000143e+01 7.351000000000000000e+03 4.161891174316406250e+02
6.442379999999999995e+01 6.652000000000000000e+03 4.161912536621093750e+02
6.476099999999999568e+01 7.724000000000000000e+03 4.161881408691406250e+02
6.509699999999999420e+01 7.632000000000000000e+03 4.161900634765625000e+02
6.543300000000000693e+01 7.551000000000000000e+03 4.161903381347656250e+02
6.577020000000000266e+01 8.527000000000000000e+03 4.161896362304687500e+02
6.610620000000000118e+01 8.329000000000000000e+03 4.161875305175781250e+02
6.644219999999999970e+01 8.181000000000000000e+03 4.161891174316406250e+02
6.677880000000000393e+01 9.005000000000000000e+03 4.161899719238281250e+02
6.711480000000000246e+01 9.100000000000000000e+03 4.161887207031250000e+02
6.745319999999999538e+01 9.376000000000000000e+03 4.161881408691406250e+02
6.778919999999999391e+01 9.195000000000000000e+03 4.161874389648437500e+02
6.812520000000000664e+01 9.411000000000000000e+03 4.161886596679687500e+02
6.846179999999999666e+01 8.775000000000000000e+03 4.161887512207031250e+02
6.879779999999999518e+01 9.377000000000000000e+03 4.161905212402343750e+02
6.913379999999999370e+01 9.701000000000000000e+03 4.161894226074218750e+02
6.946980000000000643e+01 9.523000000000000000e+03 4.161908874511718750e+02
6.980700000000000216e+01 9.842000000000000000e+03 4.161889038085937500e+02
7.014300000000000068e+01 8.642000000000000000e+03 4.161894836425781250e+02
7.047899999999999920e+01 9.794000000000000000e+03 4.161879577636718750e+02
7.081619999999999493e+01 9.790000000000000000e+03 4.161890258789062500e+02
7.115219999999999345e+01 9.516000000000000000e+03 4.161898193359375000e+02
7.148820000000000618e+01 1.013800000000000000e+04 4.161895141601562500e+02
7.182479999999999620e+01 9.657000000000000000e+03 4.161892700195312500e+02
7.216079999999999472e+01 9.595000000000000000e+03 4.161898803710937500e+02
7.249679999999999325e+01 9.775000000000000000e+03 4.161902465820312500e+02
7.283400000000000318e+01 1.066000000000000000e+04 4.161887817382812500e+02
7.317000000000000171e+01 1.079600000000000000e+04 4.161884765625000000e+02
7.350719999999999743e+01 9.635000000000000000e+03 4.161893920898437500e+02
7.384319999999999595e+01 1.001300000000000000e+04 4.161906127929687500e+02
7.417980000000000018e+01 1.036000000000000000e+04 4.161887817382812500e+02
7.451579999999999870e+01 1.074200000000000000e+04 4.161899108886718750e+02
7.485179999999999723e+01 1.024000000000000000e+04 4.161907653808593750e+02
7.518899999999999295e+01 1.040600000000000000e+04 4.161901550292968750e+02
7.552500000000000568e+01 9.892000000000000000e+03 4.161896057128906250e+02
7.586100000000000421e+01 9.741000000000000000e+03 4.161907653808593750e+02
7.619700000000000273e+01 9.326000000000000000e+03 4.161898498535156250e+02
7.653419999999999845e+01 9.143000000000000000e+03 4.161896057128906250e+02
7.687019999999999698e+01 8.656000000000000000e+03 4.161898498535156250e+02
7.720619999999999550e+01 8.828000000000000000e+03 4.161892089843750000e+02
7.754399999999999693e+01 8.344000000000000000e+03 4.161896972656250000e+02
7.787999999999999545e+01 7.863000000000000000e+03 4.161909790039062500e+02
7.821720000000000539e+01 7.703000000000000000e+03 4.161885986328125000e+02
7.855320000000000391e+01 7.016000000000000000e+03 4.161892700195312500e+02
7.888920000000000243e+01 6.553000000000000000e+03 4.161879882812500000e+02
7.922580000000000666e+01 6.363000000000000000e+03 4.161882019042968750e+02
7.956180000000000518e+01 5.238000000000000000e+03 4.161899108886718750e+02
7.989780000000000371e+01 5.349000000000000000e+03 4.161883544921875000e+02
8.023499999999999943e+01 4.846000000000000000e+03 4.161914978027343750e+02
8.057099999999999795e+01 4.672000000000000000e+03 4.161918029785156250e+02
8.090699999999999648e+01 4.128000000000000000e+03 4.161901245117187500e+02
8.124299999999999500e+01 3.866000000000000000e+03 4.161878967285156250e+02
8.158020000000000493e+01 3.033000000000000000e+03 4.161893005371093750e+02
8.191620000000000346e+01 2.738000000000000000e+03 4.161910400390625000e+02
8.225220000000000198e+01 2.744000000000000000e+03 4.161898803710937500e+02
8.258880000000000621e+01 2.445000000000000000e+03 4.161873474121093750e+02
8.292480000000000473e+01 2.628000000000000000e+03 4.161894226074218750e+02
8.326080000000000325e+01 1.941000000000000000e+03 4.161892089843750000e+02
8.359799999999999898e+01 1.778000000000000000e+03 4.161899719238281250e+02
8.393399999999999750e+01 1.534000000000000000e+03 4.161895141601562500e+02
8.426999999999999602e+01 1.379000000000000000e+03 4.161893615722656250e+02
8.460720000000000596e+01 1.267000000000000000e+03 4.161868896484375000e+02
8.494320000000000448e+01 1.331000000000000000e+03 4.161906433105468750e+02
8.527920000000000300e+01 1.051000000000000000e+03 4.161882629394531250e+02
8.561520000000000152e+01 1.002000000000000000e+03 4.161889953613281250e+02
8.595180000000000575e+01 1.074000000000000000e+03 4.161898193359375000e+02
8.628780000000000427e+01 7.970000000000000000e+02 4.161882934570312500e+02
8.662380000000000280e+01 9.140000000000000000e+02 4.161866149902343750e+02
8.696099999999999852e+01 7.990000000000000000e+02 4.161898193359375000e+02
8.729699999999999704e+01 9.370000000000000000e+02 4.161878051757812500e+02
8.763479999999999848e+01 8.070000000000000000e+02 4.161899108886718750e+02
