6.847559999999999718e+02 7.700000000000000000e+01 2.676430358886718750e+02
6.850919999999999845e+02 2.020000000000000000e+02 2.676476745605468750e+02
6.854279999999999973e+02 4.390000000000000000e+02 2.676434020996093750e+02
6.857640000000000100e+02 5.160000000000000000e+02 2.676453552246093750e+02
6.861000000000000227e+02 1.720000000000000000e+02 2.676556396484375000e+02
6.864360000000000355e+02 5.720000000000000000e+02 2.676416015625000000e+02
6.867720000000000482e+02 9.030000000000000000e+02 2.676425781250000000e+02
6.871079999999999472e+02 6.490000000000000000e+02 2.676420898437500000e+02
6.874500000000000455e+02 6.020000000000000000e+02 2.676369628906250000e+02
6.877859999999999445e+02 8.730000000000000000e+02 2.676414794921875000e+02
6.881219999999999573e+02 1.054000000000000000e+03 2.676427307128906250e+02
6.884579999999999700e+02 6.560000000000000000e+02 2.676412658691406250e+02
6.887939999999999827e+02 6.320000000000000000e+02 2.676418151855468750e+02
6.891299999999999955e+02 6.790000000000000000e+02 2.676442871093750000e+02
6.894660000000000082e+02 5.110000000000000000e+02 2.676437988281250000e+02
6.898020000000000209e+02 3.560000000000000000e+02 2.676365356445312500e+02
6.901380000000000337e+02 2.050000000000000000e+02 2.676400146484375000e+02
6.904740000000000464e+02 1.730000000000000000e+02 2.676435241699218750e+02
6.908099999999999454e+02 1.760000000000000000e+02 2.676394042968750000e+02
6.911459999999999582e+02 1.340000000000000000e+02 2.676488647460937500e+02
6.914819999999999709e+02 7.600000000000000000e+01 2.676477966308593750e+02
6.918179999999999836e+02 1.060000000000000000e+02 2.676406860351562500e+02
6.921539999999999964e+02 6.300000000000000000e+01 2.676557922363281250e+02
6.924900000000000091e+02 3.200000000000000000e+01 2.676504516601562500e+02
6.928260000000000218e+02 9.000000000000000000e+01 2.676353454589843750e+02
