4.457900000000000063e+01 2.830000000000000000e+02 2.810700073242187500e+02
4.491499999999999915e+01 1.610000000000000000e+02 2.810796813964843750e+02
4.525099999999999767e+01 2.610000000000000000e+02 2.810678405761718750e+02
4.558700000000000330e+01 1.650000000000000000e+02 2.810783081054687500e+02
4.592399999999999949e+01 2.540000000000000000e+02 2.810755920410156250e+02
4.625999999999999801e+01 4.490000000000000000e+02 2.810621032714843750e+02
4.659599999999999653e+01 3.440000000000000000e+02 2.810702209472656250e+02
4.693299999999999983e+01 5.740000000000000000e+02 2.810693054199218750e+02
4.727100000000000080e+01 3.410000000000000000e+02 2.810638732910156250e+02
4.760699999999999932e+01 3.780000000000000000e+02 2.810630493164062500e+02
4.794299999999999784e+01 5.840000000000000000e+02 2.810668945312500000e+02
4.827900000000000347e+01 7.450000000000000000e+02 2.810648498535156250e+02
4.861599999999999966e+01 3.980000000000000000e+02 2.810620422363281250e+02
4.895199999999999818e+01 7.240000000000000000e+02 2.810635070800781250e+02
4.928799999999999670e+01 5.760000000000000000e+02 2.810643310546875000e+02
4.962500000000000000e+01 5.430000000000000000e+02 2.810683898925781250e+02
4.996099999999999852e+01 8.150000000000000000e+02 2.810603027343750000e+02
5.029699999999999704e+01 7.690000000000000000e+02 2.810637512207031250e+02
5.063400000000000034e+01 5.650000000000000000e+02 2.810658569335937500e+02
5.096999999999999886e+01 6.670000000000000000e+02 2.810672607421875000e+02
5.130599999999999739e+01 4.640000000000000000e+02 2.810686950683593750e+02
5.164300000000000068e+01 7.360000000000000000e+02 2.810630798339843750e+02
5.197899999999999920e+01 9.260000000000000000e+02 2.810632629394531250e+02
5.231499999999999773e+01 5.590000000000000000e+02 2.810628356933593750e+02
5.265100000000000335e+01 7.470000000000000000e+02 2.810645141601562500e+02
5.298799999999999955e+01 6.010000000000000000e+02 2.810675048828125000e+02
5.332399999999999807e+01 8.080000000000000000e+02 2.810657043457031250e+02
5.365999999999999659e+01 6.300000000000000000e+02 2.810687255859375000e+02
5.399699999999999989e+01 5.790000000000000000e+02 2.810687866210937500e+02
5.433299999999999841e+01 4.890000000000000000e+02 2.810678405761718750e+02
5.466899999999999693e+01 8.610000000000000000e+02 2.810638427734375000e+02
5.500600000000000023e+01 4.410000000000000000e+02 2.810712585449218750e+02
5.534199999999999875e+01 6.810000000000000000e+02 2.810672607421875000e+02
5.567799999999999727e+01 7.980000000000000000e+02 2.810687866210937500e+02
5.601400000000000290e+01 6.350000000000000000e+02 2.810699157714843750e+02
5.635099999999999909e+01 7.510000000000000000e+02 2.810705566406250000e+02
5.668699999999999761e+01 5.990000000000000000e+02 2.810637512207031250e+02
5.702400000000000091e+01 6.360000000000000000e+02 2.810661315917968750e+02
5.736200000000000188e+01 6.920000000000000000e+02 2.810667724609375000e+02
5.769800000000000040e+01 7.840000000000000000e+02 2.810699768066406250e+02
5.803499999999999659e+01 5.790000000000000000e+02 2.810668640136718750e+02
5.837100000000000222e+01 4.850000000000000000e+02 2.810678100585937500e+02
5.870700000000000074e+01 6.210000000000000000e+02 2.810632324218750000e+02
5.904399999999999693e+01 5.720000000000000000e+02 2.810644226074218750e+02
5.938000000000000256e+01 9.770000000000000000e+02 2.810690002441406250e+02
5.971600000000000108e+01 6.110000000000000000e+02 2.810661315917968750e+02
6.005219999999999914e+01 4.890000000000000000e+02 2.810665893554687500e+02
6.038880000000000337e+01 8.210000000000000000e+02 2.810641784667968750e+02
6.072480000000000189e+01 5.820000000000000000e+02 2.810663146972656250e+02
6.106080000000000041e+01 5.020000000000000000e+02 2.810663452148437500e+02
6.139800000000000324e+01 7.890000000000000000e+02 2.810655822753906250e+02
6.173400000000000176e+01 5.110000000000000000e+02 2.810758972167968750e+02
6.207000000000000028e+01 4.550000000000000000e+02 2.810662841796875000e+02
6.240720000000000312e+01 6.110000000000000000e+02 2.810654907226562500e+02
6.274320000000000164e+01 5.580000000000000000e+02 2.810649108886718750e+02
6.307920000000000016e+01 5.010000000000000000e+02 2.810706787109375000e+02
6.341519999999999868e+01 5.230000000000000000e+02 2.810618591308593750e+02
6.375180000000000291e+01 4.350000000000000000e+02 2.810687866210937500e+02
6.408780000000000143e+01 3.300000000000000000e+02 2.810686035156250000e+02
6.442379999999999995e+01 4.690000000000000000e+02 2.810657348632812500e+02
6.476099999999999568e+01 7.660000000000000000e+02 2.810642089843750000e+02
6.509699999999999420e+01 3.990000000000000000e+02 2.810751647949218750e+02
6.543300000000000693e+01 5.980000000000000000e+02 2.810692443847656250e+02
6.577020000000000266e+01 3.790000000000000000e+02 2.810625915527343750e+02
6.610620000000000118e+01 6.100000000000000000e+02 2.810652465820312500e+02
6.644219999999999970e+01 6.330000000000000000e+02 2.810687255859375000e+02
6.677880000000000393e+01 4.630000000000000000e+02 2.810732421875000000e+02
6.711480000000000246e+01 4.510000000000000000e+02 2.810679321289062500e+02
6.745319999999999538e+01 6.820000000000000000e+02 2.810705566406250000e+02
6.778919999999999391e+01 3.870000000000000000e+02 2.810677795410156250e+02
6.812520000000000664e+01 5.760000000000000000e+02 2.810636291503906250e+02
6.846179999999999666e+01 7.650000000000000000e+02 2.810603942871093750e+02
6.879779999999999518e+01 4.980000000000000000e+02 2.810628356933593750e+02
6.913379999999999370e+01 5.770000000000000000e+02 2.810640563964843750e+02
6.946980000000000643e+01 5.320000000000000000e+02 2.810637817382812500e+02
6.980700000000000216e+01 6.140000000000000000e+02 2.810650634765625000e+02
7.014300000000000068e+01 4.500000000000000000e+02 2.810666503906250000e+02
7.047899999999999920e+01 4.140000000000000000e+02 2.810716857910156250e+02
7.081619999999999493e+01 3.370000000000000000e+02 2.810690612792968750e+02
7.115219999999999345e+01 4.680000000000000000e+02 2.810719604492187500e+02
7.148820000000000618e+01 5.100000000000000000e+02 2.810668640136718750e+02
7.182479999999999620e+01 4.660000000000000000e+02 2.810646362304687500e+02
7.216079999999999472e+01 2.780000000000000000e+02 2.810697021484375000e+02
7.249679999999999325e+01 3.610000000000000000e+02 2.810718994140625000e+02
7.283400000000000318e+01 2.930000000000000000e+02 2.810629272460937500e+02
7.317000000000000171e+01 4.440000000000000000e+02 2.810654907226562500e+02
7.350719999999999743e+01 4.080000000000000000e+02 2.810642395019531250e+02
7.384319999999999595e+01 5.280000000000000000e+02 2.810640869140625000e+02
