2.474170000000000016e+02 1.420000000000000000e+02 2.700424194335937500e+02
2.477529999999999859e+02 1.860000000000000000e+02 2.700378723144531250e+02
2.480900000000000034e+02 3.160000000000000000e+02 2.700343933105468750e+02
2.484269999999999925e+02 5.450000000000000000e+02 2.700371093750000000e+02
2.487630000000000052e+02 7.740000000000000000e+02 2.700381469726562500e+02
2.491009999999999991e+02 5.750000000000000000e+02 2.700379638671875000e+02
2.494370000000000118e+02 6.460000000000000000e+02 2.700407104492187500e+02
2.497740000000000009e+02 8.020000000000000000e+02 2.700350952148437500e+02
2.501100000000000136e+02 9.650000000000000000e+02 2.700326538085937500e+02
2.504470000000000027e+02 6.450000000000000000e+02 2.700360412597656250e+02
2.507829999999999870e+02 7.120000000000000000e+02 2.700372009277343750e+02
2.511189999999999998e+02 8.930000000000000000e+02 2.700363464355468750e+02
2.514559999999999889e+02 6.140000000000000000e+02 2.700405883789062500e+02
2.517920000000000016e+02 4.380000000000000000e+02 2.700369567871093750e+02
2.521279999999999859e+02 5.170000000000000000e+02 2.700368347167968750e+02
2.524650000000000034e+02 5.610000000000000000e+02 2.700397644042968750e+02
2.528009999999999877e+02 5.570000000000000000e+02 2.700357971191406250e+02
2.531370000000000005e+02 5.620000000000000000e+02 2.700367736816406250e+02
2.534730000000000132e+02 3.930000000000000000e+02 2.700343627929687500e+02
2.538100000000000023e+02 2.550000000000000000e+02 2.700472412109375000e+02
2.541459999999999866e+02 3.320000000000000000e+02 2.700325317382812500e+02
2.544819999999999993e+02 1.970000000000000000e+02 2.700344848632812500e+02
2.548189999999999884e+02 2.290000000000000000e+02 2.700387878417968750e+02
2.551550000000000011e+02 2.080000000000000000e+02 2.700480346679687500e+02
2.554910000000000139e+02 1.720000000000000000e+02 2.700452575683593750e+02
2.558280000000000030e+02 1.500000000000000000e+02 2.700328674316406250e+02
2.561639999999999873e+02 9.100000000000000000e+01 2.700365600585937500e+02
