9.589139999999999873e+02 8.310000000000000000e+02 7.825637817382812500e+02
9.592500000000000000e+02 8.250000000000000000e+02 7.825523681640625000e+02
9.595860000000000127e+02 8.270000000000000000e+02 7.825588989257812500e+02
9.599220000000000255e+02 7.200000000000000000e+02 7.825549926757812500e+02
9.602580000000000382e+02 7.110000000000000000e+02 7.825574340820312500e+02
9.605940000000000509e+02 9.240000000000000000e+02 7.825578002929687500e+02
9.609299999999999500e+02 6.850000000000000000e+02 7.825625000000000000e+02
9.612659999999999627e+02 8.130000000000000000e+02 7.825581665039062500e+02
9.616019999999999754e+02 6.210000000000000000e+02 7.825518188476562500e+02
9.619379999999999882e+02 9.500000000000000000e+02 7.825558471679687500e+02
9.622799999999999727e+02 6.450000000000000000e+02 7.825637207031250000e+02
9.626159999999999854e+02 6.930000000000000000e+02 7.825571289062500000e+02
9.629519999999999982e+02 7.210000000000000000e+02 7.825624389648437500e+02
9.632820000000000391e+02 7.880000000000000000e+02 7.825585937500000000e+02
9.636240000000000236e+02 7.340000000000000000e+02 7.825543212890625000e+02
9.639600000000000364e+02 7.370000000000000000e+02 7.825692138671875000e+02
9.642960000000000491e+02 7.140000000000000000e+02 7.825557250976562500e+02
9.646319999999999482e+02 7.530000000000000000e+02 7.825599365234375000e+02
9.649679999999999609e+02 7.230000000000000000e+02 7.825676879882812500e+02
9.653039999999999736e+02 6.720000000000000000e+02 7.825555419921875000e+02
9.656399999999999864e+02 7.120000000000000000e+02 7.825621337890625000e+02
9.659759999999999991e+02 7.580000000000000000e+02 7.825521240234375000e+02
9.663120000000000118e+02 8.220000000000000000e+02 7.825627441406250000e+02
9.666480000000000246e+02 8.110000000000000000e+02 7.825612182617187500e+02
9.669840000000000373e+02 6.290000000000000000e+02 7.825663452148437500e+02
9.673200000000000500e+02 8.150000000000000000e+02 7.825549926757812500e+02
9.676559999999999491e+02 6.880000000000000000e+02 7.825645141601562500e+02
9.679980000000000473e+02 5.580000000000000000e+02 7.825666503906250000e+02
9.683339999999999463e+02 7.040000000000000000e+02 7.825562744140625000e+02
9.686699999999999591e+02 7.050000000000000000e+02 7.825678100585937500e+02
9.690059999999999718e+02 8.010000000000000000e+02 7.825655517578125000e+02
9.693419999999999845e+02 6.140000000000000000e+02 7.825676879882812500e+02
9.696779999999999973e+02 7.050000000000000000e+02 7.825570068359375000e+02
9.700140000000000100e+02 6.750000000000000000e+02 7.825634155273437500e+02
9.703500000000000227e+02 8.620000000000000000e+02 7.825592651367187500e+02
9.706860000000000355e+02 6.690000000000000000e+02 7.825551147460937500e+02
9.710220000000000482e+02 7.940000000000000000e+02 7.825689697265625000e+02
9.713579999999999472e+02 7.920000000000000000e+02 7.825625000000000000e+02
9.716939999999999600e+02 6.040000000000000000e+02 7.825651245117187500e+02
9.720299999999999727e+02 7.670000000000000000e+02 7.825605468750000000e+02
9.723659999999999854e+02 6.890000000000000000e+02 7.825670166015625000e+02
9.727019999999999982e+02 8.670000000000000000e+02 7.825629272460937500e+02
9.730380000000000109e+02 7.790000000000000000e+02 7.825575561523437500e+02
9.733799999999999955e+02 9.120000000000000000e+02 7.825589599609375000e+02
9.737100000000000364e+02 9.140000000000000000e+02 7.825635375976562500e+02
9.740520000000000209e+02 7.920000000000000000e+02 7.825564575195312500e+02
9.743880000000000337e+02 7.890000000000000000e+02 7.825628662109375000e+02
9.747240000000000464e+02 6.410000000000000000e+02 7.825630493164062500e+02
9.750599999999999454e+02 6.980000000000000000e+02 7.825716552734375000e+02
9.753959999999999582e+02 8.050000000000000000e+02 7.825573120117187500e+02
9.757319999999999709e+02 7.990000000000000000e+02 7.825579833984375000e+02
9.760679999999999836e+02 6.440000000000000000e+02 7.825693969726562500e+02
9.764039999999999964e+02 5.910000000000000000e+02 7.825668334960937500e+02
9.767400000000000091e+02 7.390000000000000000e+02 7.825557861328125000e+02
9.770760000000000218e+02 6.570000000000000000e+02 7.825545043945312500e+02
9.774120000000000346e+02 7.860000000000000000e+02 7.825625610351562500e+02
9.777480000000000473e+02 6.740000000000000000e+02 7.825633544921875000e+02
9.780839999999999463e+02 6.990000000000000000e+02 7.825559082031250000e+02
9.784260000000000446e+02 4.370000000000000000e+02 7.825610961914062500e+02
9.787619999999999436e+02 6.940000000000000000e+02 7.825682373046875000e+02
9.790979999999999563e+02 8.000000000000000000e+02 7.825504150390625000e+02
9.794339999999999691e+02 6.930000000000000000e+02 7.825518798828125000e+02
9.797699999999999818e+02 7.230000000000000000e+02 7.825683593750000000e+02
9.801059999999999945e+02 6.850000000000000000e+02 7.825577392578125000e+02
9.804420000000000073e+02 5.510000000000000000e+02 7.825574340820312500e+02
9.807780000000000200e+02 6.510000000000000000e+02 7.825643920898437500e+02
9.811140000000000327e+02 6.920000000000000000e+02 7.825682983398437500e+02
9.814500000000000455e+02 5.140000000000000000e+02 7.825609130859375000e+02
9.817859999999999445e+02 6.680000000000000000e+02 7.825543212890625000e+02
9.821219999999999573e+02 5.280000000000000000e+02 7.825570678710937500e+02
9.824579999999999700e+02 5.150000000000000000e+02 7.825659179687500000e+02
9.827939999999999827e+02 5.920000000000000000e+02 7.825695800781250000e+02
9.831299999999999955e+02 7.140000000000000000e+02 7.825551147460937500e+02
9.834660000000000082e+02 5.250000000000000000e+02 7.825591430664062500e+02
9.838020000000000209e+02 5.680000000000000000e+02 7.825685424804687500e+02
9.841380000000000337e+02 4.590000000000000000e+02 7.825633544921875000e+02
9.844740000000000464e+02 5.170000000000000000e+02 7.825611572265625000e+02
9.848160000000000309e+02 7.240000000000000000e+02 7.825668334960937500e+02
9.851459999999999582e+02 5.200000000000000000e+02 7.825630493164062500e+02
9.854880000000000564e+02 5.430000000000000000e+02 7.825622558593750000e+02
9.858239999999999554e+02 5.890000000000000000e+02 7.825601196289062500e+02
9.861599999999999682e+02 5.740000000000000000e+02 7.825705566406250000e+02
9.864959999999999809e+02 5.520000000000000000e+02 7.825570678710937500e+02
9.868319999999999936e+02 5.490000000000000000e+02 7.825534667968750000e+02
9.871680000000000064e+02 5.060000000000000000e+02 7.825585937500000000e+02
9.875040000000000191e+02 5.950000000000000000e+02 7.825661010742187500e+02
9.878400000000000318e+02 4.930000000000000000e+02 7.825624389648437500e+02
9.881760000000000446e+02 4.420000000000000000e+02 7.825516357421875000e+02
