2.607799999999999940e+01 9.400000000000000000e+01 2.630502929687500000e+02
2.641499999999999915e+01 2.070000000000000000e+02 2.630535278320312500e+02
2.675100000000000122e+01 4.730000000000000000e+02 2.630534057617187500e+02
2.708899999999999864e+01 5.810000000000000000e+02 2.630531311035156250e+02
2.742500000000000071e+01 9.010000000000000000e+02 2.630548095703125000e+02
2.776200000000000045e+01 6.650000000000000000e+02 2.630531616210937500e+02
2.809799999999999898e+01 5.270000000000000000e+02 2.630516052246093750e+02
2.843400000000000105e+01 3.410000000000000000e+02 2.630594177246093750e+02
2.876999999999999957e+01 4.840000000000000000e+02 2.630548400878906250e+02
2.910699999999999932e+01 3.340000000000000000e+02 2.630529174804687500e+02
2.944300000000000139e+01 2.100000000000000000e+02 2.630509338378906250e+02
2.977899999999999991e+01 2.070000000000000000e+02 2.630507507324218750e+02
3.011599999999999966e+01 1.490000000000000000e+02 2.630601196289062500e+02
3.045200000000000173e+01 1.970000000000000000e+02 2.630649414062500000e+02
3.078800000000000026e+01 2.310000000000000000e+02 2.630541687011718750e+02
3.112500000000000000e+01 1.830000000000000000e+02 2.630576171875000000e+02
3.146099999999999852e+01 2.850000000000000000e+02 2.630599060058593750e+02
