2.672640000000000100e+02 2.660000000000000000e+02 5.862415161132812500e+02
2.676009999999999991e+02 3.230000000000000000e+02 5.862407226562500000e+02
2.679370000000000118e+02 6.600000000000000000e+02 5.862438964843750000e+02
2.682730000000000246e+02 5.250000000000000000e+02 5.862510375976562500e+02
2.686089999999999804e+02 6.830000000000000000e+02 5.862426757812500000e+02
2.689460000000000264e+02 7.380000000000000000e+02 5.862481689453125000e+02
2.692839999999999918e+02 8.140000000000000000e+02 5.862476196289062500e+02
2.696200000000000045e+02 6.680000000000000000e+02 5.862434082031250000e+02
2.699560000000000173e+02 6.240000000000000000e+02 5.862406616210937500e+02
2.702919999999999732e+02 6.830000000000000000e+02 5.862434082031250000e+02
2.706290000000000191e+02 5.290000000000000000e+02 5.862544555664062500e+02
2.709649999999999750e+02 5.380000000000000000e+02 5.862395019531250000e+02
