1.983040000000000020e+02 4.360000000000000000e+02 8.131689453125000000e+02
1.986419999999999959e+02 5.320000000000000000e+02 8.131698608398437500e+02
1.989790000000000134e+02 5.080000000000000000e+02 8.131691284179687500e+02
1.993149999999999977e+02 5.180000000000000000e+02 8.131618041992187500e+02
1.996519999999999868e+02 6.240000000000000000e+02 8.131626586914062500e+02
1.999879999999999995e+02 7.120000000000000000e+02 8.131644287109375000e+02
2.003240000000000123e+02 7.690000000000000000e+02 8.131561279296875000e+02
2.006599999999999966e+02 5.380000000000000000e+02 8.131656494140625000e+02
2.009970000000000141e+02 5.080000000000000000e+02 8.131702270507812500e+02
2.013329999999999984e+02 5.840000000000000000e+02 8.131667480468750000e+02
2.016690000000000111e+02 5.640000000000000000e+02 8.131746215820312500e+02
2.020060000000000002e+02 4.000000000000000000e+02 8.131661987304687500e+02
2.023420000000000130e+02 3.930000000000000000e+02 8.131621093750000000e+02
2.026779999999999973e+02 3.130000000000000000e+02 8.131660766601562500e+02
2.030140000000000100e+02 3.050000000000000000e+02 8.131718139648437500e+02
2.033509999999999991e+02 1.720000000000000000e+02 8.131653442382812500e+02
2.036870000000000118e+02 1.660000000000000000e+02 8.131751708984375000e+02
2.040229999999999961e+02 1.710000000000000000e+02 8.131636962890625000e+02
2.043600000000000136e+02 7.800000000000000000e+01 8.131608886718750000e+02
2.046959999999999980e+02 5.600000000000000000e+01 8.131677246093750000e+02
