1.256449999999999960e+02 1.156000000000000000e+03 5.371267700195312500e+02
1.259819999999999993e+02 1.214000000000000000e+03 5.371274414062500000e+02
1.263179999999999978e+02 1.491000000000000000e+03 5.371267089843750000e+02
1.266539999999999964e+02 1.506000000000000000e+03 5.371254272460937500e+02
1.269899999999999949e+02 1.238000000000000000e+03 5.371236572265625000e+02
1.273269999999999982e+02 1.366000000000000000e+03 5.371263427734375000e+02
1.276629999999999967e+02 1.405000000000000000e+03 5.371262207031250000e+02
1.280010000000000048e+02 1.282000000000000000e+03 5.371287231445312500e+02
1.283369999999999891e+02 1.340000000000000000e+03 5.371271972656250000e+02
1.286730000000000018e+02 1.222000000000000000e+03 5.371256103515625000e+02
1.290099999999999909e+02 1.306000000000000000e+03 5.371267700195312500e+02
1.293460000000000036e+02 9.430000000000000000e+02 5.371335449218750000e+02
1.296819999999999879e+02 1.164000000000000000e+03 5.371266479492187500e+02
1.300190000000000055e+02 1.268000000000000000e+03 5.371265258789062500e+02
1.303549999999999898e+02 1.239000000000000000e+03 5.371298828125000000e+02
1.306910000000000025e+02 1.114000000000000000e+03 5.371263427734375000e+02
1.310279999999999916e+02 1.353000000000000000e+03 5.371286621093750000e+02
1.313640000000000043e+02 1.229000000000000000e+03 5.371315917968750000e+02
1.316999999999999886e+02 1.235000000000000000e+03 5.371276855468750000e+02
1.320360000000000014e+02 1.076000000000000000e+03 5.371238403320312500e+02
1.323729999999999905e+02 1.076000000000000000e+03 5.371279907226562500e+02
1.327090000000000032e+02 1.191000000000000000e+03 5.371264648437500000e+02
1.330449999999999875e+02 8.680000000000000000e+02 5.371297607421875000e+02
1.333820000000000050e+02 1.196000000000000000e+03 5.371240234375000000e+02
1.337179999999999893e+02 1.142000000000000000e+03 5.371231689453125000e+02
1.340540000000000020e+02 1.141000000000000000e+03 5.371267700195312500e+02
1.343909999999999911e+02 9.110000000000000000e+02 5.371305541992187500e+02
1.347270000000000039e+02 9.510000000000000000e+02 5.371311035156250000e+02
1.350629999999999882e+02 8.250000000000000000e+02 5.371264038085937500e+02
1.354000000000000057e+02 8.880000000000000000e+02 5.371282958984375000e+02
1.357359999999999900e+02 1.101000000000000000e+03 5.371276855468750000e+02
1.360730000000000075e+02 8.480000000000000000e+02 5.371273803710937500e+02
1.364089999999999918e+02 8.860000000000000000e+02 5.371279907226562500e+02
1.367450000000000045e+02 9.020000000000000000e+02 5.371243896484375000e+02
1.370819999999999936e+02 9.750000000000000000e+02 5.371272583007812500e+02
1.374180000000000064e+02 8.300000000000000000e+02 5.371314086914062500e+02
1.377539999999999907e+02 1.010000000000000000e+03 5.371284179687500000e+02
1.380920000000000130e+02 8.590000000000000000e+02 5.371224975585937500e+02
1.384279999999999973e+02 9.990000000000000000e+02 5.371339721679687500e+02
1.387649999999999864e+02 8.250000000000000000e+02 5.371275634765625000e+02
1.391009999999999991e+02 6.570000000000000000e+02 5.371334228515625000e+02
1.394370000000000118e+02 6.690000000000000000e+02 5.371295166015625000e+02
1.397740000000000009e+02 6.960000000000000000e+02 5.371284790039062500e+02
1.401100000000000136e+02 6.650000000000000000e+02 5.371277465820312500e+02
1.404459999999999980e+02 7.620000000000000000e+02 5.371290893554687500e+02
1.407829999999999870e+02 7.100000000000000000e+02 5.371275634765625000e+02
1.411189999999999998e+02 5.700000000000000000e+02 5.371261596679687500e+02
1.414550000000000125e+02 5.430000000000000000e+02 5.371315307617187500e+02
1.417909999999999968e+02 7.060000000000000000e+02 5.371292114257812500e+02
1.421279999999999859e+02 6.090000000000000000e+02 5.371221923828125000e+02
1.424639999999999986e+02 5.150000000000000000e+02 5.371243896484375000e+02
1.428000000000000114e+02 5.310000000000000000e+02 5.371258544921875000e+02
1.431370000000000005e+02 5.780000000000000000e+02 5.371242675781250000e+02
1.434730000000000132e+02 5.050000000000000000e+02 5.371188964843750000e+02
1.438089999999999975e+02 4.490000000000000000e+02 5.371220703125000000e+02
1.441450000000000102e+02 3.490000000000000000e+02 5.371278686523437500e+02
1.444819999999999993e+02 3.650000000000000000e+02 5.371359252929687500e+02
1.448180000000000121e+02 5.510000000000000000e+02 5.371267089843750000e+02
1.451539999999999964e+02 4.280000000000000000e+02 5.371334838867187500e+02
1.454910000000000139e+02 2.950000000000000000e+02 5.371226806640625000e+02
1.458269999999999982e+02 2.780000000000000000e+02 5.371210327148437500e+02
1.461630000000000109e+02 2.100000000000000000e+02 5.371288452148437500e+02
1.465000000000000000e+02 3.150000000000000000e+02 5.371280517578125000e+02
1.468360000000000127e+02 2.380000000000000000e+02 5.371181640625000000e+02
1.471719999999999970e+02 3.290000000000000000e+02 5.371272583007812500e+02
1.475080000000000098e+02 2.060000000000000000e+02 5.371187133789062500e+02
1.478449999999999989e+02 1.470000000000000000e+02 5.371278686523437500e+02
1.481829999999999927e+02 1.670000000000000000e+02 5.371098022460937500e+02
1.485190000000000055e+02 1.140000000000000000e+02 5.371186523437500000e+02
1.488549999999999898e+02 1.910000000000000000e+02 5.371215209960937500e+02
1.491910000000000025e+02 1.360000000000000000e+02 5.371112670898437500e+02
1.495279999999999916e+02 1.090000000000000000e+02 5.371226196289062500e+02
1.498640000000000043e+02 1.010000000000000000e+02 5.371166992187500000e+02
1.501999999999999886e+02 9.200000000000000000e+01 5.371262817382812500e+02
