3.910969999999999800e+02 5.480000000000000000e+02 2.241085510253906250e+02
3.914329999999999927e+02 4.910000000000000000e+02 2.241046142578125000e+02
3.917699999999999818e+02 5.320000000000000000e+02 2.241070861816406250e+02
3.921059999999999945e+02 6.600000000000000000e+02 2.241036224365234375e+02
3.924420000000000073e+02 5.890000000000000000e+02 2.241061096191406250e+02
3.927789999999999964e+02 6.190000000000000000e+02 2.241042327880859375e+02
3.931150000000000091e+02 4.530000000000000000e+02 2.241079406738281250e+02
3.934510000000000218e+02 4.260000000000000000e+02 2.241115875244140625e+02
3.937869999999999777e+02 5.730000000000000000e+02 2.241082916259765625e+02
3.941240000000000236e+02 6.060000000000000000e+02 2.241054840087890625e+02
3.944599999999999795e+02 6.540000000000000000e+02 2.241045379638671875e+02
3.947959999999999923e+02 5.660000000000000000e+02 2.241060943603515625e+02
3.951329999999999814e+02 4.110000000000000000e+02 2.241065979003906250e+02
3.954689999999999941e+02 5.730000000000000000e+02 2.241039733886718750e+02
3.958050000000000068e+02 6.850000000000000000e+02 2.241080017089843750e+02
3.961419999999999959e+02 6.360000000000000000e+02 2.241080474853515625e+02
3.964780000000000086e+02 5.420000000000000000e+02 2.241063690185546875e+02
3.968140000000000214e+02 5.740000000000000000e+02 2.241107177734375000e+02
3.971510000000000105e+02 5.230000000000000000e+02 2.241061859130859375e+02
3.974870000000000232e+02 5.440000000000000000e+02 2.241103515625000000e+02
3.978229999999999791e+02 4.720000000000000000e+02 2.241065063476562500e+02
3.981589999999999918e+02 7.120000000000000000e+02 2.241081695556640625e+02
3.984959999999999809e+02 6.260000000000000000e+02 2.241048431396484375e+02
3.988319999999999936e+02 5.100000000000000000e+02 2.241033935546875000e+02
3.991680000000000064e+02 6.160000000000000000e+02 2.241074981689453125e+02
3.995049999999999955e+02 5.540000000000000000e+02 2.241050415039062500e+02
3.998410000000000082e+02 4.950000000000000000e+02 2.241063537597656250e+02
4.001770000000000209e+02 5.360000000000000000e+02 2.241055297851562500e+02
4.005149999999999864e+02 6.080000000000000000e+02 2.241065521240234375e+02
4.008509999999999991e+02 5.180000000000000000e+02 2.241078948974609375e+02
4.011879999999999882e+02 3.420000000000000000e+02 2.241043853759765625e+02
4.015249999999999773e+02 3.940000000000000000e+02 2.241042633056640625e+02
4.018609999999999900e+02 3.570000000000000000e+02 2.241060638427734375e+02
4.021979999999999791e+02 6.270000000000000000e+02 2.241088867187500000e+02
4.025339999999999918e+02 4.030000000000000000e+02 2.241024169921875000e+02
4.028700000000000045e+02 4.740000000000000000e+02 2.241040344238281250e+02
4.032060000000000173e+02 4.670000000000000000e+02 2.241084289550781250e+02
4.035430000000000064e+02 5.110000000000000000e+02 2.241104888916015625e+02
4.038790000000000191e+02 4.680000000000000000e+02 2.241069030761718750e+02
4.042149999999999750e+02 5.230000000000000000e+02 2.241030883789062500e+02
4.045520000000000209e+02 4.680000000000000000e+02 2.241054534912109375e+02
4.048879999999999768e+02 6.070000000000000000e+02 2.241110229492187500e+02
4.052250000000000227e+02 5.190000000000000000e+02 2.241056976318359375e+02
4.055609999999999786e+02 5.630000000000000000e+02 2.241042022705078125e+02
4.058980000000000246e+02 7.580000000000000000e+02 2.241068572998046875e+02
4.062339999999999804e+02 5.560000000000000000e+02 2.241050415039062500e+02
4.065699999999999932e+02 5.340000000000000000e+02 2.241059417724609375e+02
4.069069999999999823e+02 4.870000000000000000e+02 2.241082000732421875e+02
4.072429999999999950e+02 6.320000000000000000e+02 2.241064605712890625e+02
4.075790000000000077e+02 5.490000000000000000e+02 2.241035156250000000e+02
4.079150000000000205e+02 5.770000000000000000e+02 2.241080780029296875e+02
4.082520000000000095e+02 4.160000000000000000e+02 2.241082763671875000e+02
4.085880000000000223e+02 5.180000000000000000e+02 2.241054229736328125e+02
4.089239999999999782e+02 4.600000000000000000e+02 2.241056365966796875e+02
4.092610000000000241e+02 6.600000000000000000e+02 2.241054382324218750e+02
4.095969999999999800e+02 6.550000000000000000e+02 2.241062469482421875e+02
4.099329999999999927e+02 4.860000000000000000e+02 2.241045074462890625e+02
4.102699999999999818e+02 5.970000000000000000e+02 2.241022033691406250e+02
4.106070000000000277e+02 5.270000000000000000e+02 2.241081542968750000e+02
4.109440000000000168e+02 5.120000000000000000e+02 2.241040496826171875e+02
4.112799999999999727e+02 7.330000000000000000e+02 2.241062011718750000e+02
4.116159999999999854e+02 4.520000000000000000e+02 2.241076202392578125e+02
4.119529999999999745e+02 7.140000000000000000e+02 2.241033630371093750e+02
4.122889999999999873e+02 7.030000000000000000e+02 2.241056060791015625e+02
4.126250000000000000e+02 6.330000000000000000e+02 2.241039886474609375e+02
4.129610000000000127e+02 5.440000000000000000e+02 2.241085052490234375e+02
4.132980000000000018e+02 3.450000000000000000e+02 2.241047973632812500e+02
4.136340000000000146e+02 4.610000000000000000e+02 2.241100158691406250e+02
4.139700000000000273e+02 5.340000000000000000e+02 2.241045379638671875e+02
4.143070000000000164e+02 6.070000000000000000e+02 2.241060943603515625e+02
4.146429999999999723e+02 6.960000000000000000e+02 2.241052856445312500e+02
4.149789999999999850e+02 4.750000000000000000e+02 2.241043090820312500e+02
4.153159999999999741e+02 5.100000000000000000e+02 2.241048736572265625e+02
4.156519999999999868e+02 4.630000000000000000e+02 2.241049041748046875e+02
4.159879999999999995e+02 5.270000000000000000e+02 2.241049804687500000e+02
4.163240000000000123e+02 4.370000000000000000e+02 2.241036071777343750e+02
4.166610000000000014e+02 4.560000000000000000e+02 2.241055450439453125e+02
4.169970000000000141e+02 5.750000000000000000e+02 2.241067962646484375e+02
4.173330000000000268e+02 5.420000000000000000e+02 2.241079711914062500e+02
4.176700000000000159e+02 6.180000000000000000e+02 2.241055603027343750e+02
4.180059999999999718e+02 5.290000000000000000e+02 2.241044158935546875e+02
4.183419999999999845e+02 5.500000000000000000e+02 2.241071014404296875e+02
4.186789999999999736e+02 5.390000000000000000e+02 2.241045227050781250e+02
4.190149999999999864e+02 4.970000000000000000e+02 2.241049804687500000e+02
4.193509999999999991e+02 3.210000000000000000e+02 2.241062927246093750e+02
4.196879999999999882e+02 5.540000000000000000e+02 2.241068420410156250e+02
4.200240000000000009e+02 7.280000000000000000e+02 2.241087036132812500e+02
4.203600000000000136e+02 5.150000000000000000e+02 2.241081085205078125e+02
