9.320040000000000191e+02 4.200000000000000000e+01 5.794245605468750000e+02
9.323400000000000318e+02 6.400000000000000000e+01 5.794239501953125000e+02
9.326760000000000446e+02 9.000000000000000000e+01 5.794319458007812500e+02
9.330119999999999436e+02 2.120000000000000000e+02 5.794373168945312500e+02
9.333479999999999563e+02 3.620000000000000000e+02 5.794176025390625000e+02
9.336839999999999691e+02 3.290000000000000000e+02 5.794244995117187500e+02
9.340199999999999818e+02 3.960000000000000000e+02 5.794240112304687500e+02
9.343559999999999945e+02 6.150000000000000000e+02 5.794310302734375000e+02
9.346920000000000073e+02 6.910000000000000000e+02 5.794298095703125000e+02
9.350280000000000200e+02 5.250000000000000000e+02 5.794334716796875000e+02
9.353700000000000045e+02 7.550000000000000000e+02 5.794281616210937500e+02
9.357060000000000173e+02 5.150000000000000000e+02 5.794270019531250000e+02
9.360420000000000300e+02 5.150000000000000000e+02 5.794272460937500000e+02
9.363780000000000427e+02 4.230000000000000000e+02 5.794253540039062500e+02
9.367140000000000555e+02 3.550000000000000000e+02 5.794360961914062500e+02
9.370499999999999545e+02 2.100000000000000000e+02 5.794367065429687500e+02
9.373859999999999673e+02 1.610000000000000000e+02 5.794200439453125000e+02
9.377219999999999800e+02 1.820000000000000000e+02 5.794175415039062500e+02
