3.248029999999999973e+02 2.100000000000000000e+02 2.901455078125000000e+02
3.251399999999999864e+02 1.770000000000000000e+02 2.901561889648437500e+02
3.254769999999999754e+02 3.970000000000000000e+02 2.901494140625000000e+02
3.258129999999999882e+02 4.100000000000000000e+02 2.901507263183593750e+02
3.261490000000000009e+02 7.090000000000000000e+02 2.901555175781250000e+02
3.264859999999999900e+02 6.430000000000000000e+02 2.901580810546875000e+02
3.268220000000000027e+02 4.590000000000000000e+02 2.901595153808593750e+02
3.271580000000000155e+02 2.900000000000000000e+02 2.901495971679687500e+02
3.274950000000000045e+02 5.430000000000000000e+02 2.901607360839843750e+02
3.278310000000000173e+02 2.580000000000000000e+02 2.901528320312500000e+02
3.281669999999999732e+02 2.040000000000000000e+02 2.901514282226562500e+02
3.285029999999999859e+02 2.090000000000000000e+02 2.901548461914062500e+02
3.288399999999999750e+02 3.260000000000000000e+02 2.901477661132812500e+02
