5.838400000000000318e+02 5.580000000000000000e+02 1.680409851074218750e+02
5.841760000000000446e+02 5.450000000000000000e+02 1.680452880859375000e+02
5.845119999999999436e+02 3.600000000000000000e+02 1.680458221435546875e+02
5.848490000000000464e+02 5.240000000000000000e+02 1.680446319580078125e+02
5.851849999999999454e+02 4.810000000000000000e+02 1.680437774658203125e+02
5.855209999999999582e+02 6.050000000000000000e+02 1.680464477539062500e+02
5.858579999999999472e+02 4.160000000000000000e+02 1.680466003417968750e+02
5.861939999999999600e+02 3.650000000000000000e+02 1.680460052490234375e+02
5.865299999999999727e+02 5.010000000000000000e+02 1.680422363281250000e+02
5.868669999999999618e+02 3.730000000000000000e+02 1.680464630126953125e+02
5.872029999999999745e+02 6.220000000000000000e+02 1.680447540283203125e+02
5.875389999999999873e+02 4.020000000000000000e+02 1.680447235107421875e+02
5.878750000000000000e+02 5.500000000000000000e+02 1.680439453125000000e+02
5.882119999999999891e+02 3.280000000000000000e+02 1.680438079833984375e+02
5.885480000000000018e+02 4.320000000000000000e+02 1.680441741943359375e+02
5.888840000000000146e+02 3.170000000000000000e+02 1.680463714599609375e+02
5.892210000000000036e+02 4.620000000000000000e+02 1.680428466796875000e+02
5.895570000000000164e+02 3.510000000000000000e+02 1.680461883544921875e+02
5.898930000000000291e+02 4.150000000000000000e+02 1.680440826416015625e+02
5.902300000000000182e+02 5.300000000000000000e+02 1.680443572998046875e+02
5.905660000000000309e+02 4.540000000000000000e+02 1.680428619384765625e+02
5.909020000000000437e+02 4.170000000000000000e+02 1.680445404052734375e+02
5.912390000000000327e+02 3.720000000000000000e+02 1.680430908203125000e+02
5.915750000000000455e+02 4.770000000000000000e+02 1.680444030761718750e+02
5.919109999999999445e+02 4.340000000000000000e+02 1.680425415039062500e+02
5.922490000000000236e+02 4.610000000000000000e+02 1.680460357666015625e+02
5.925860000000000127e+02 4.810000000000000000e+02 1.680450439453125000e+02
5.929230000000000018e+02 5.450000000000000000e+02 1.680440368652343750e+02
5.932590000000000146e+02 4.910000000000000000e+02 1.680470733642578125e+02
5.935950000000000273e+02 4.270000000000000000e+02 1.680406494140625000e+02
5.939320000000000164e+02 6.130000000000000000e+02 1.680445098876953125e+02
5.942680000000000291e+02 4.350000000000000000e+02 1.680480194091796875e+02
5.946040000000000418e+02 4.280000000000000000e+02 1.680433197021484375e+02
5.949410000000000309e+02 4.410000000000000000e+02 1.680445404052734375e+02
5.952770000000000437e+02 3.460000000000000000e+02 1.680437316894531250e+02
5.956130000000000564e+02 4.260000000000000000e+02 1.680443115234375000e+02
5.959489999999999554e+02 4.150000000000000000e+02 1.680436401367187500e+02
5.962859999999999445e+02 4.960000000000000000e+02 1.680443725585937500e+02
5.966219999999999573e+02 3.710000000000000000e+02 1.680426940917968750e+02
5.969579999999999700e+02 4.980000000000000000e+02 1.680454711914062500e+02
5.972949999999999591e+02 4.050000000000000000e+02 1.680463409423828125e+02
5.976309999999999718e+02 4.840000000000000000e+02 1.680442504882812500e+02
5.979669999999999845e+02 2.940000000000000000e+02 1.680463867187500000e+02
5.983039999999999736e+02 3.740000000000000000e+02 1.680422821044921875e+02
5.986399999999999864e+02 6.960000000000000000e+02 1.680412902832031250e+02
5.989759999999999991e+02 3.990000000000000000e+02 1.680469207763671875e+02
5.993120000000000118e+02 5.190000000000000000e+02 1.680429992675781250e+02
5.996490000000000009e+02 4.370000000000000000e+02 1.680424346923828125e+02
5.999850000000000136e+02 4.180000000000000000e+02 1.680470428466796875e+02
6.003239999999999554e+02 3.550000000000000000e+02 1.680460205078125000e+02
6.006599999999999682e+02 4.210000000000000000e+02 1.680427551269531250e+02
6.009959999999999809e+02 5.100000000000000000e+02 1.680438232421875000e+02
6.013319999999999936e+02 3.040000000000000000e+02 1.680440826416015625e+02
6.016680000000000064e+02 5.670000000000000000e+02 1.680438385009765625e+02
6.020040000000000191e+02 4.890000000000000000e+02 1.680448913574218750e+02
6.023400000000000318e+02 4.440000000000000000e+02 1.680465087890625000e+02
6.026760000000000446e+02 5.340000000000000000e+02 1.680448913574218750e+02
6.030119999999999436e+02 4.260000000000000000e+02 1.680464019775390625e+02
6.033479999999999563e+02 5.390000000000000000e+02 1.680465698242187500e+02
6.036839999999999691e+02 4.450000000000000000e+02 1.680428771972656250e+02
6.040199999999999818e+02 5.790000000000000000e+02 1.680439300537109375e+02
6.043619999999999663e+02 4.190000000000000000e+02 1.680413208007812500e+02
6.046979999999999791e+02 4.920000000000000000e+02 1.680472564697265625e+02
6.050339999999999918e+02 4.000000000000000000e+02 1.680440063476562500e+02
6.053700000000000045e+02 5.870000000000000000e+02 1.680432128906250000e+02
6.057060000000000173e+02 3.680000000000000000e+02 1.680456695556640625e+02
6.060420000000000300e+02 3.390000000000000000e+02 1.680458526611328125e+02
6.063780000000000427e+02 4.560000000000000000e+02 1.680446777343750000e+02
6.067140000000000555e+02 4.620000000000000000e+02 1.680462341308593750e+02
6.070499999999999545e+02 3.610000000000000000e+02 1.680430603027343750e+02
6.073859999999999673e+02 4.180000000000000000e+02 1.680502624511718750e+02
6.077219999999999800e+02 4.710000000000000000e+02 1.680448303222656250e+02
6.080579999999999927e+02 5.650000000000000000e+02 1.680446014404296875e+02
6.083940000000000055e+02 4.460000000000000000e+02 1.680461120605468750e+02
6.087300000000000182e+02 6.740000000000000000e+02 1.680429534912109375e+02
6.090660000000000309e+02 4.400000000000000000e+02 1.680482025146484375e+02
6.094020000000000437e+02 4.550000000000000000e+02 1.680461273193359375e+02
6.097440000000000282e+02 5.370000000000000000e+02 1.680446777343750000e+02
6.100739999999999554e+02 4.390000000000000000e+02 1.680443572998046875e+02
6.104160000000000537e+02 4.520000000000000000e+02 1.680456390380859375e+02
6.107519999999999527e+02 2.510000000000000000e+02 1.680446166992187500e+02
6.110879999999999654e+02 3.880000000000000000e+02 1.680406799316406250e+02
6.114239999999999782e+02 3.360000000000000000e+02 1.680417327880859375e+02
6.117599999999999909e+02 4.720000000000000000e+02 1.680466156005859375e+02
6.120960000000000036e+02 3.850000000000000000e+02 1.680442657470703125e+02
6.124320000000000164e+02 4.730000000000000000e+02 1.680469665527343750e+02
6.127680000000000291e+02 5.280000000000000000e+02 1.680439758300781250e+02
6.131040000000000418e+02 4.240000000000000000e+02 1.680438537597656250e+02
