1.818189999999999884e+02 1.600000000000000000e+02 2.951456909179687500e+02
1.821550000000000011e+02 2.240000000000000000e+02 2.951327209472656250e+02
1.824919999999999902e+02 2.300000000000000000e+02 2.951376037597656250e+02
1.828280000000000030e+02 6.750000000000000000e+02 2.951373291015625000e+02
1.831649999999999920e+02 4.130000000000000000e+02 2.951420898437500000e+02
1.835020000000000095e+02 3.450000000000000000e+02 2.951439514160156250e+02
1.838379999999999939e+02 5.310000000000000000e+02 2.951401062011718750e+02
1.841740000000000066e+02 4.530000000000000000e+02 2.951375732421875000e+02
1.845109999999999957e+02 5.730000000000000000e+02 2.951327819824218750e+02
1.848470000000000084e+02 5.020000000000000000e+02 2.951412353515625000e+02
1.851829999999999927e+02 4.220000000000000000e+02 2.951405029296875000e+02
1.855200000000000102e+02 3.370000000000000000e+02 2.951373291015625000e+02
1.858559999999999945e+02 4.180000000000000000e+02 2.951310119628906250e+02
1.861920000000000073e+02 1.370000000000000000e+02 2.951291503906250000e+02
1.865279999999999916e+02 1.930000000000000000e+02 2.951422119140625000e+02
1.868650000000000091e+02 1.420000000000000000e+02 2.951367187500000000e+02
1.872019999999999982e+02 1.620000000000000000e+02 2.951376647949218750e+02
1.875380000000000109e+02 1.290000000000000000e+02 2.951396484375000000e+02
1.878750000000000000e+02 1.710000000000000000e+02 2.951459350585937500e+02
1.882110000000000127e+02 1.500000000000000000e+02 2.951467285156250000e+02
1.885490000000000066e+02 2.110000000000000000e+02 2.951376647949218750e+02
1.888849999999999909e+02 1.820000000000000000e+02 2.951434631347656250e+02
