9.494940000000000282e+02 1.470000000000000000e+02 5.294927978515625000e+02
9.498300000000000409e+02 2.460000000000000000e+02 5.294953002929687500e+02
9.501660000000000537e+02 3.480000000000000000e+02 5.295043945312500000e+02
9.505019999999999527e+02 4.650000000000000000e+02 5.294945678710937500e+02
9.508379999999999654e+02 5.390000000000000000e+02 5.294944458007812500e+02
9.511739999999999782e+02 4.710000000000000000e+02 5.294931640625000000e+02
9.515099999999999909e+02 6.340000000000000000e+02 5.294948120117187500e+02
9.518519999999999754e+02 5.940000000000000000e+02 5.294890747070312500e+02
9.521879999999999882e+02 5.450000000000000000e+02 5.294895629882812500e+02
9.525240000000000009e+02 5.260000000000000000e+02 5.294885864257812500e+02
