2.501100000000000136e+02 2.680000000000000000e+02 7.983278198242187500e+02
2.504470000000000027e+02 3.110000000000000000e+02 7.983305664062500000e+02
2.507829999999999870e+02 4.340000000000000000e+02 7.983309326171875000e+02
2.511189999999999998e+02 5.010000000000000000e+02 7.983298339843750000e+02
2.514559999999999889e+02 6.020000000000000000e+02 7.983298950195312500e+02
2.517920000000000016e+02 5.410000000000000000e+02 7.983287353515625000e+02
2.521279999999999859e+02 5.330000000000000000e+02 7.983212280273437500e+02
2.524650000000000034e+02 4.040000000000000000e+02 7.983284301757812500e+02
2.528009999999999877e+02 2.960000000000000000e+02 7.983262939453125000e+02
2.531370000000000005e+02 4.000000000000000000e+02 7.983306884765625000e+02
2.534730000000000132e+02 2.850000000000000000e+02 7.983318481445312500e+02
2.538100000000000023e+02 1.980000000000000000e+02 7.983336181640625000e+02
2.541459999999999866e+02 1.910000000000000000e+02 7.983422851562500000e+02
2.544819999999999993e+02 1.760000000000000000e+02 7.983183593750000000e+02
2.548189999999999884e+02 1.140000000000000000e+02 7.983442382812500000e+02
