9.498300000000000409e+02 2.920000000000000000e+02 6.314636230468750000e+02
9.501660000000000537e+02 2.670000000000000000e+02 6.314584960937500000e+02
9.505019999999999527e+02 4.260000000000000000e+02 6.314562377929687500e+02
9.508379999999999654e+02 3.270000000000000000e+02 6.314663085937500000e+02
9.511739999999999782e+02 4.260000000000000000e+02 6.314652709960937500e+02
9.515099999999999909e+02 5.820000000000000000e+02 6.314570312500000000e+02
9.518519999999999754e+02 4.610000000000000000e+02 6.314486694335937500e+02
9.521879999999999882e+02 4.040000000000000000e+02 6.314583129882812500e+02
9.525240000000000009e+02 4.640000000000000000e+02 6.314613037109375000e+02
9.528600000000000136e+02 3.710000000000000000e+02 6.314513549804687500e+02
9.531960000000000264e+02 3.420000000000000000e+02 6.314679565429687500e+02
9.535320000000000391e+02 1.520000000000000000e+02 6.314640502929687500e+02
9.538680000000000518e+02 1.120000000000000000e+02 6.314661865234375000e+02
