7.254600000000000364e+02 1.810000000000000000e+02 4.112314147949218750e+02
7.257960000000000491e+02 1.560000000000000000e+02 4.112409362792968750e+02
7.261319999999999482e+02 3.410000000000000000e+02 4.112271423339843750e+02
7.264679999999999609e+02 3.670000000000000000e+02 4.112341003417968750e+02
7.268039999999999736e+02 4.370000000000000000e+02 4.112343444824218750e+02
7.271399999999999864e+02 3.710000000000000000e+02 4.112280578613281250e+02
7.274759999999999991e+02 5.400000000000000000e+02 4.112362060546875000e+02
7.278120000000000118e+02 5.070000000000000000e+02 4.112399291992187500e+02
7.281480000000000246e+02 5.300000000000000000e+02 4.112298583984375000e+02
7.284840000000000373e+02 5.760000000000000000e+02 4.112351379394531250e+02
7.288200000000000500e+02 4.350000000000000000e+02 4.112295227050781250e+02
7.291559999999999491e+02 3.830000000000000000e+02 4.112362976074218750e+02
7.294980000000000473e+02 3.970000000000000000e+02 4.112319335937500000e+02
7.298339999999999463e+02 3.560000000000000000e+02 4.112336730957031250e+02
7.301699999999999591e+02 2.910000000000000000e+02 4.112299194335937500e+02
7.305059999999999718e+02 2.640000000000000000e+02 4.112429504394531250e+02
7.308419999999999845e+02 1.910000000000000000e+02 4.112294616699218750e+02
7.311779999999999973e+02 2.180000000000000000e+02 4.112317199707031250e+02
7.315140000000000100e+02 1.310000000000000000e+02 4.112380676269531250e+02
