9.703500000000000227e+02 4.440000000000000000e+02 1.501043243408203125e+02
9.706860000000000355e+02 2.900000000000000000e+02 1.501112213134765625e+02
9.710220000000000482e+02 4.150000000000000000e+02 1.501028442382812500e+02
9.713579999999999472e+02 3.240000000000000000e+02 1.501035308837890625e+02
9.716939999999999600e+02 4.240000000000000000e+02 1.501056976318359375e+02
9.720299999999999727e+02 3.920000000000000000e+02 1.501036224365234375e+02
9.723659999999999854e+02 1.750000000000000000e+02 1.501079711914062500e+02
9.727019999999999982e+02 1.750000000000000000e+02 1.501053009033203125e+02
9.730380000000000109e+02 3.040000000000000000e+02 1.501018829345703125e+02
9.733799999999999955e+02 2.930000000000000000e+02 1.501037597656250000e+02
9.737100000000000364e+02 4.020000000000000000e+02 1.501051177978515625e+02
9.740520000000000209e+02 3.060000000000000000e+02 1.501034088134765625e+02
9.743880000000000337e+02 2.300000000000000000e+02 1.501086578369140625e+02
9.747240000000000464e+02 3.400000000000000000e+02 1.501052703857421875e+02
9.750599999999999454e+02 4.080000000000000000e+02 1.501046905517578125e+02
9.753959999999999582e+02 2.060000000000000000e+02 1.501069488525390625e+02
9.757319999999999709e+02 2.500000000000000000e+02 1.501050872802734375e+02
9.760679999999999836e+02 3.710000000000000000e+02 1.501020965576171875e+02
9.764039999999999964e+02 4.230000000000000000e+02 1.501016540527343750e+02
9.767400000000000091e+02 3.220000000000000000e+02 1.501025695800781250e+02
9.770760000000000218e+02 4.440000000000000000e+02 1.501079254150390625e+02
9.774120000000000346e+02 3.140000000000000000e+02 1.501001434326171875e+02
9.777480000000000473e+02 4.900000000000000000e+02 1.501064605712890625e+02
9.780839999999999463e+02 3.400000000000000000e+02 1.501028747558593750e+02
9.784260000000000446e+02 3.240000000000000000e+02 1.501064300537109375e+02
9.787619999999999436e+02 2.870000000000000000e+02 1.501036987304687500e+02
9.790979999999999563e+02 2.670000000000000000e+02 1.501043243408203125e+02
9.794339999999999691e+02 4.380000000000000000e+02 1.501039123535156250e+02
9.797699999999999818e+02 3.080000000000000000e+02 1.501045837402343750e+02
9.801059999999999945e+02 3.620000000000000000e+02 1.501084136962890625e+02
9.804420000000000073e+02 2.570000000000000000e+02 1.501044921875000000e+02
9.807780000000000200e+02 2.950000000000000000e+02 1.501054229736328125e+02
9.811140000000000327e+02 2.640000000000000000e+02 1.501028900146484375e+02
9.814500000000000455e+02 4.820000000000000000e+02 1.501042938232421875e+02
9.817859999999999445e+02 4.460000000000000000e+02 1.501065826416015625e+02
9.821219999999999573e+02 4.100000000000000000e+02 1.501035919189453125e+02
9.824579999999999700e+02 3.160000000000000000e+02 1.501059112548828125e+02
9.827939999999999827e+02 4.330000000000000000e+02 1.501028594970703125e+02
9.831299999999999955e+02 4.840000000000000000e+02 1.501062469482421875e+02
9.834660000000000082e+02 3.920000000000000000e+02 1.501065826416015625e+02
9.838020000000000209e+02 4.770000000000000000e+02 1.501045379638671875e+02
9.841380000000000337e+02 2.150000000000000000e+02 1.501096343994140625e+02
9.844740000000000464e+02 4.200000000000000000e+02 1.501051788330078125e+02
9.848160000000000309e+02 3.570000000000000000e+02 1.501001434326171875e+02
9.851459999999999582e+02 5.670000000000000000e+02 1.501022033691406250e+02
9.854880000000000564e+02 3.300000000000000000e+02 1.501039428710937500e+02
9.858239999999999554e+02 2.200000000000000000e+02 1.501055603027343750e+02
9.861599999999999682e+02 3.320000000000000000e+02 1.501047821044921875e+02
9.864959999999999809e+02 3.520000000000000000e+02 1.501004638671875000e+02
9.868319999999999936e+02 3.100000000000000000e+02 1.501048278808593750e+02
9.871680000000000064e+02 3.990000000000000000e+02 1.501066436767578125e+02
9.875040000000000191e+02 2.920000000000000000e+02 1.501086578369140625e+02
9.878400000000000318e+02 4.910000000000000000e+02 1.501079711914062500e+02
9.881760000000000446e+02 4.130000000000000000e+02 1.501015167236328125e+02
9.885119999999999436e+02 3.700000000000000000e+02 1.501036834716796875e+02
9.888540000000000418e+02 1.950000000000000000e+02 1.501114501953125000e+02
9.891900000000000546e+02 4.230000000000000000e+02 1.501018981933593750e+02
9.895199999999999818e+02 2.550000000000000000e+02 1.501040802001953125e+02
9.898619999999999663e+02 3.080000000000000000e+02 1.501037139892578125e+02
9.901979999999999791e+02 3.560000000000000000e+02 1.501050109863281250e+02
9.905339999999999918e+02 4.970000000000000000e+02 1.501037597656250000e+02
9.908700000000000045e+02 3.530000000000000000e+02 1.501047363281250000e+02
9.912060000000000173e+02 2.590000000000000000e+02 1.501060943603515625e+02
9.915420000000000300e+02 3.390000000000000000e+02 1.501047058105468750e+02
9.918780000000000427e+02 3.830000000000000000e+02 1.501091613769531250e+02
9.922140000000000555e+02 4.950000000000000000e+02 1.501060791015625000e+02
9.925499999999999545e+02 4.930000000000000000e+02 1.501038665771484375e+02
9.928859999999999673e+02 2.540000000000000000e+02 1.501027832031250000e+02
9.932219999999999800e+02 2.940000000000000000e+02 1.501049499511718750e+02
9.935579999999999927e+02 4.410000000000000000e+02 1.501035766601562500e+02
9.938940000000000055e+02 4.440000000000000000e+02 1.501058044433593750e+02
9.942300000000000182e+02 2.400000000000000000e+02 1.501098632812500000e+02
9.945660000000000309e+02 4.480000000000000000e+02 1.501059875488281250e+02
9.949020000000000437e+02 4.400000000000000000e+02 1.501038055419921875e+02
9.952440000000000282e+02 4.710000000000000000e+02 1.501031341552734375e+02
9.955739999999999554e+02 2.670000000000000000e+02 1.501067199707031250e+02
9.959160000000000537e+02 3.520000000000000000e+02 1.501047363281250000e+02
9.962519999999999527e+02 2.910000000000000000e+02 1.500991821289062500e+02
9.965879999999999654e+02 3.930000000000000000e+02 1.501048126220703125e+02
9.969239999999999782e+02 4.240000000000000000e+02 1.501062774658203125e+02
9.972599999999999909e+02 3.950000000000000000e+02 1.501050415039062500e+02
9.975960000000000036e+02 3.400000000000000000e+02 1.501000671386718750e+02
9.979320000000000164e+02 3.710000000000000000e+02 1.501066436767578125e+02
9.982680000000000291e+02 2.080000000000000000e+02 1.501033020019531250e+02
9.986040000000000418e+02 3.820000000000000000e+02 1.501060638427734375e+02
9.989400000000000546e+02 5.140000000000000000e+02 1.501016693115234375e+02
9.992759999999999536e+02 4.090000000000000000e+02 1.501039581298828125e+02
9.996119999999999663e+02 4.860000000000000000e+02 1.501019897460937500e+02
