8.179619999999999891e+02 4.400000000000000000e+01 4.252138366699218750e+02
8.182980000000000018e+02 4.800000000000000000e+01 4.252327575683593750e+02
8.186340000000000146e+02 7.700000000000000000e+01 4.252002563476562500e+02
8.189700000000000273e+02 1.900000000000000000e+02 4.252148132324218750e+02
8.193060000000000400e+02 1.990000000000000000e+02 4.252241210937500000e+02
8.196420000000000528e+02 3.300000000000000000e+02 4.252117309570312500e+02
8.199779999999999518e+02 3.810000000000000000e+02 4.252226257324218750e+02
8.203200000000000500e+02 4.500000000000000000e+02 4.252114257812500000e+02
8.206559999999999491e+02 4.740000000000000000e+02 4.252210998535156250e+02
8.209859999999999900e+02 3.430000000000000000e+02 4.252164916992187500e+02
8.213279999999999745e+02 5.080000000000000000e+02 4.252073364257812500e+02
8.216639999999999873e+02 4.930000000000000000e+02 4.252137756347656250e+02
8.220000000000000000e+02 4.770000000000000000e+02 4.252129516601562500e+02
8.223360000000000127e+02 5.560000000000000000e+02 4.252138977050781250e+02
8.226720000000000255e+02 3.030000000000000000e+02 4.252142028808593750e+02
8.230080000000000382e+02 3.830000000000000000e+02 4.252052307128906250e+02
8.233440000000000509e+02 3.050000000000000000e+02 4.252050170898437500e+02
8.236799999999999500e+02 1.250000000000000000e+02 4.252206420898437500e+02
8.240159999999999627e+02 2.750000000000000000e+02 4.252120361328125000e+02
8.243519999999999754e+02 2.760000000000000000e+02 4.252208557128906250e+02
8.246879999999999882e+02 1.750000000000000000e+02 4.252228088378906250e+02
8.250240000000000009e+02 2.670000000000000000e+02 4.252132873535156250e+02
8.253659999999999854e+02 9.000000000000000000e+01 4.252148742675781250e+02
8.257019999999999982e+02 2.020000000000000000e+02 4.252115783691406250e+02
8.260320000000000391e+02 1.400000000000000000e+02 4.252229003906250000e+02
8.263740000000000236e+02 1.660000000000000000e+02 4.252036437988281250e+02
8.267100000000000364e+02 1.120000000000000000e+02 4.252052307128906250e+02
8.270460000000000491e+02 9.000000000000000000e+01 4.252064208984375000e+02
8.273819999999999482e+02 1.070000000000000000e+02 4.252297668457031250e+02
8.277179999999999609e+02 1.390000000000000000e+02 4.252211303710937500e+02
8.280539999999999736e+02 1.560000000000000000e+02 4.252178344726562500e+02
8.283899999999999864e+02 9.500000000000000000e+01 4.251999816894531250e+02
8.287259999999999991e+02 1.400000000000000000e+02 4.252185058593750000e+02
8.290620000000000118e+02 9.500000000000000000e+01 4.252150878906250000e+02
8.293980000000000246e+02 1.230000000000000000e+02 4.252044372558593750e+02
8.297340000000000373e+02 5.800000000000000000e+01 4.252247009277343750e+02
