2.033509999999999991e+02 1.130000000000000000e+02 5.242343750000000000e+02
2.036870000000000118e+02 1.280000000000000000e+02 5.242476806640625000e+02
2.040229999999999961e+02 2.340000000000000000e+02 5.242458496093750000e+02
2.043600000000000136e+02 3.660000000000000000e+02 5.242507324218750000e+02
2.046959999999999980e+02 3.270000000000000000e+02 5.242514648437500000e+02
2.050320000000000107e+02 3.850000000000000000e+02 5.242456054687500000e+02
2.053689999999999998e+02 5.470000000000000000e+02 5.242437133789062500e+02
2.057050000000000125e+02 5.540000000000000000e+02 5.242463378906250000e+02
2.060409999999999968e+02 3.910000000000000000e+02 5.242490234375000000e+02
2.063779999999999859e+02 3.750000000000000000e+02 5.242455444335937500e+02
2.067139999999999986e+02 2.470000000000000000e+02 5.242538452148437500e+02
2.070500000000000114e+02 3.410000000000000000e+02 5.242473754882812500e+02
2.073859999999999957e+02 2.620000000000000000e+02 5.242474975585937500e+02
2.077230000000000132e+02 2.110000000000000000e+02 5.242486572265625000e+02
2.080600000000000023e+02 1.380000000000000000e+02 5.242494506835937500e+02
2.083959999999999866e+02 1.370000000000000000e+02 5.242359619140625000e+02
2.087340000000000089e+02 1.590000000000000000e+02 5.242462158203125000e+02
2.090699999999999932e+02 9.300000000000000000e+01 5.242514038085937500e+02
2.094060000000000059e+02 1.060000000000000000e+02 5.242484741210937500e+02
