9.461340000000000146e+02 3.600000000000000000e+01 2.652567443847656250e+02
9.464700000000000273e+02 3.200000000000000000e+01 2.652409057617187500e+02
9.468060000000000400e+02 8.800000000000000000e+01 2.652575683593750000e+02
9.471420000000000528e+02 2.130000000000000000e+02 2.652477111816406250e+02
9.474779999999999518e+02 2.680000000000000000e+02 2.652420043945312500e+02
9.478139999999999645e+02 4.600000000000000000e+02 2.652502441406250000e+02
9.481499999999999773e+02 7.250000000000000000e+02 2.652516784667968750e+02
9.484859999999999900e+02 7.520000000000000000e+02 2.652519531250000000e+02
9.488220000000000027e+02 8.920000000000000000e+02 2.652496032714843750e+02
9.491580000000000155e+02 1.698000000000000000e+03 2.652507629394531250e+02
9.494940000000000282e+02 2.424000000000000000e+03 2.652503356933593750e+02
9.498300000000000409e+02 2.962000000000000000e+03 2.652504577636718750e+02
9.501660000000000537e+02 3.693000000000000000e+03 2.652505798339843750e+02
9.505019999999999527e+02 4.014000000000000000e+03 2.652506713867187500e+02
9.508379999999999654e+02 5.029000000000000000e+03 2.652504882812500000e+02
9.511739999999999782e+02 5.280000000000000000e+03 2.652511291503906250e+02
9.515099999999999909e+02 5.799000000000000000e+03 2.652507324218750000e+02
9.518519999999999754e+02 6.077000000000000000e+03 2.652500000000000000e+02
9.521879999999999882e+02 5.112000000000000000e+03 2.652498779296875000e+02
9.525240000000000009e+02 4.813000000000000000e+03 2.652507019042968750e+02
9.528600000000000136e+02 4.075000000000000000e+03 2.652513122558593750e+02
9.531960000000000264e+02 3.196000000000000000e+03 2.652516784667968750e+02
9.535320000000000391e+02 2.614000000000000000e+03 2.652520446777343750e+02
9.538680000000000518e+02 1.928000000000000000e+03 2.652518005371093750e+02
9.542039999999999509e+02 1.407000000000000000e+03 2.652529907226562500e+02
9.545399999999999636e+02 8.720000000000000000e+02 2.652517089843750000e+02
9.548759999999999764e+02 6.180000000000000000e+02 2.652513732910156250e+02
9.552119999999999891e+02 4.400000000000000000e+02 2.652512207031250000e+02
9.555539999999999736e+02 3.560000000000000000e+02 2.652535400390625000e+02
9.558899999999999864e+02 2.630000000000000000e+02 2.652541503906250000e+02
9.562259999999999991e+02 2.110000000000000000e+02 2.652484741210937500e+02
9.565620000000000118e+02 1.810000000000000000e+02 2.652476501464843750e+02
9.568980000000000246e+02 1.400000000000000000e+02 2.652482910156250000e+02
