3.280599999999999739e+01 3.530000000000000000e+02 6.962147827148437500e+02
3.314200000000000301e+01 2.290000000000000000e+02 6.962117309570312500e+02
3.347899999999999920e+01 3.750000000000000000e+02 6.962122192382812500e+02
3.381499999999999773e+01 3.360000000000000000e+02 6.962189331054687500e+02
3.415100000000000335e+01 4.120000000000000000e+02 6.962114257812500000e+02
3.448799999999999955e+01 4.460000000000000000e+02 6.962138671875000000e+02
3.482399999999999807e+01 3.540000000000000000e+02 6.961982421875000000e+02
3.515999999999999659e+01 3.170000000000000000e+02 6.962061157226562500e+02
3.549699999999999989e+01 4.810000000000000000e+02 6.962086181640625000e+02
3.583299999999999841e+01 3.690000000000000000e+02 6.962052001953125000e+02
3.616899999999999693e+01 5.210000000000000000e+02 6.962064819335937500e+02
3.650500000000000256e+01 5.280000000000000000e+02 6.961988525390625000e+02
3.684199999999999875e+01 3.860000000000000000e+02 6.962057495117187500e+02
3.717999999999999972e+01 3.200000000000000000e+02 6.962073974609375000e+02
