1.824919999999999902e+02 1.190000000000000000e+02 3.621480712890625000e+02
1.828280000000000030e+02 2.200000000000000000e+02 3.621372375488281250e+02
1.831649999999999920e+02 2.840000000000000000e+02 3.621443176269531250e+02
1.835020000000000095e+02 3.430000000000000000e+02 3.621369323730468750e+02
1.838379999999999939e+02 4.900000000000000000e+02 3.621409606933593750e+02
1.841740000000000066e+02 3.920000000000000000e+02 3.621375122070312500e+02
1.845109999999999957e+02 4.420000000000000000e+02 3.621433105468750000e+02
1.848470000000000084e+02 4.310000000000000000e+02 3.621368103027343750e+02
1.851829999999999927e+02 4.530000000000000000e+02 3.621390991210937500e+02
1.855200000000000102e+02 3.460000000000000000e+02 3.621394958496093750e+02
1.858559999999999945e+02 5.230000000000000000e+02 3.621359558105468750e+02
1.861920000000000073e+02 3.910000000000000000e+02 3.621340026855468750e+02
1.865279999999999916e+02 3.960000000000000000e+02 3.621419067382812500e+02
1.868650000000000091e+02 2.400000000000000000e+02 3.621358032226562500e+02
1.872019999999999982e+02 1.330000000000000000e+02 3.621486816406250000e+02
1.875380000000000109e+02 1.840000000000000000e+02 3.621254577636718750e+02
1.878750000000000000e+02 1.550000000000000000e+02 3.621384277343750000e+02
1.882110000000000127e+02 1.160000000000000000e+02 3.621500549316406250e+02
1.885490000000000066e+02 9.100000000000000000e+01 3.621392517089843750e+02
1.888849999999999909e+02 7.600000000000000000e+01 3.621246337890625000e+02
