9.528600000000000136e+02 3.810000000000000000e+02 8.035319824218750000e+02
9.531960000000000264e+02 5.030000000000000000e+02 8.035421142578125000e+02
9.535320000000000391e+02 4.080000000000000000e+02 8.035506591796875000e+02
9.538680000000000518e+02 4.730000000000000000e+02 8.035343627929687500e+02
9.542039999999999509e+02 4.270000000000000000e+02 8.035311889648437500e+02
9.545399999999999636e+02 3.780000000000000000e+02 8.035429077148437500e+02
9.548759999999999764e+02 4.010000000000000000e+02 8.035299072265625000e+02
9.552119999999999891e+02 3.270000000000000000e+02 8.035368652343750000e+02
9.555539999999999736e+02 4.540000000000000000e+02 8.035409545898437500e+02
9.558899999999999864e+02 3.580000000000000000e+02 8.035510253906250000e+02
9.562259999999999991e+02 4.230000000000000000e+02 8.035292968750000000e+02
9.565620000000000118e+02 2.690000000000000000e+02 8.035457153320312500e+02
9.568980000000000246e+02 3.810000000000000000e+02 8.035379028320312500e+02
9.572340000000000373e+02 4.490000000000000000e+02 8.035353393554687500e+02
9.575700000000000500e+02 3.160000000000000000e+02 8.035389404296875000e+02
9.579059999999999491e+02 4.310000000000000000e+02 8.035474853515625000e+02
9.582419999999999618e+02 3.360000000000000000e+02 8.035322265625000000e+02
9.585779999999999745e+02 3.310000000000000000e+02 8.035338134765625000e+02
9.589139999999999873e+02 3.550000000000000000e+02 8.035372924804687500e+02
9.592500000000000000e+02 2.600000000000000000e+02 8.035500488281250000e+02
9.595860000000000127e+02 3.290000000000000000e+02 8.035473022460937500e+02
9.599220000000000255e+02 4.630000000000000000e+02 8.035327758789062500e+02
9.602580000000000382e+02 3.510000000000000000e+02 8.035412597656250000e+02
9.605940000000000509e+02 3.640000000000000000e+02 8.035317993164062500e+02
9.609299999999999500e+02 4.550000000000000000e+02 8.035421752929687500e+02
9.612659999999999627e+02 4.050000000000000000e+02 8.035395507812500000e+02
9.616019999999999754e+02 4.500000000000000000e+02 8.035411376953125000e+02
9.619379999999999882e+02 3.070000000000000000e+02 8.035431518554687500e+02
9.622799999999999727e+02 4.940000000000000000e+02 8.035389404296875000e+02
9.626159999999999854e+02 4.240000000000000000e+02 8.035394287109375000e+02
9.629519999999999982e+02 3.950000000000000000e+02 8.035320434570312500e+02
9.632820000000000391e+02 3.650000000000000000e+02 8.035361938476562500e+02
9.636240000000000236e+02 3.410000000000000000e+02 8.035252685546875000e+02
9.639600000000000364e+02 3.820000000000000000e+02 8.035407104492187500e+02
9.642960000000000491e+02 3.670000000000000000e+02 8.035324707031250000e+02
9.646319999999999482e+02 3.800000000000000000e+02 8.035344848632812500e+02
9.649679999999999609e+02 2.990000000000000000e+02 8.035420532226562500e+02
9.653039999999999736e+02 3.420000000000000000e+02 8.035460205078125000e+02
9.656399999999999864e+02 3.790000000000000000e+02 8.035393676757812500e+02
9.659759999999999991e+02 3.680000000000000000e+02 8.035310668945312500e+02
9.663120000000000118e+02 3.580000000000000000e+02 8.035364990234375000e+02
9.666480000000000246e+02 2.750000000000000000e+02 8.035364379882812500e+02
9.669840000000000373e+02 3.110000000000000000e+02 8.035333862304687500e+02
9.673200000000000500e+02 3.130000000000000000e+02 8.035464477539062500e+02
9.676559999999999491e+02 5.010000000000000000e+02 8.035424194335937500e+02
9.679980000000000473e+02 3.290000000000000000e+02 8.035358886718750000e+02
9.683339999999999463e+02 4.170000000000000000e+02 8.035401000976562500e+02
9.686699999999999591e+02 2.520000000000000000e+02 8.035391235351562500e+02
9.690059999999999718e+02 4.080000000000000000e+02 8.035340576171875000e+02
9.693419999999999845e+02 3.140000000000000000e+02 8.035326538085937500e+02
9.696779999999999973e+02 2.910000000000000000e+02 8.035427246093750000e+02
9.700140000000000100e+02 3.010000000000000000e+02 8.035332031250000000e+02
9.703500000000000227e+02 2.760000000000000000e+02 8.035304565429687500e+02
9.706860000000000355e+02 3.670000000000000000e+02 8.035384521484375000e+02
9.710220000000000482e+02 3.800000000000000000e+02 8.035342407226562500e+02
9.713579999999999472e+02 3.830000000000000000e+02 8.035361328125000000e+02
9.716939999999999600e+02 3.820000000000000000e+02 8.035334472656250000e+02
9.720299999999999727e+02 3.170000000000000000e+02 8.035368041992187500e+02
9.723659999999999854e+02 4.300000000000000000e+02 8.035378417968750000e+02
9.727019999999999982e+02 2.890000000000000000e+02 8.035333862304687500e+02
9.730380000000000109e+02 3.660000000000000000e+02 8.035319824218750000e+02
9.733799999999999955e+02 2.710000000000000000e+02 8.035504150390625000e+02
9.737100000000000364e+02 3.950000000000000000e+02 8.035401611328125000e+02
9.740520000000000209e+02 4.960000000000000000e+02 8.035333862304687500e+02
9.743880000000000337e+02 2.560000000000000000e+02 8.035411987304687500e+02
9.747240000000000464e+02 2.690000000000000000e+02 8.035372924804687500e+02
9.750599999999999454e+02 2.840000000000000000e+02 8.035465698242187500e+02
9.753959999999999582e+02 3.060000000000000000e+02 8.035360717773437500e+02
9.757319999999999709e+02 3.300000000000000000e+02 8.035401611328125000e+02
9.760679999999999836e+02 3.600000000000000000e+02 8.035369873046875000e+02
9.764039999999999964e+02 4.940000000000000000e+02 8.035269165039062500e+02
9.767400000000000091e+02 4.250000000000000000e+02 8.035312500000000000e+02
9.770760000000000218e+02 4.120000000000000000e+02 8.035433959960937500e+02
9.774120000000000346e+02 4.130000000000000000e+02 8.035343017578125000e+02
9.777480000000000473e+02 2.380000000000000000e+02 8.035364379882812500e+02
9.780839999999999463e+02 2.900000000000000000e+02 8.035416259765625000e+02
9.784260000000000446e+02 3.510000000000000000e+02 8.035372314453125000e+02
9.787619999999999436e+02 2.960000000000000000e+02 8.035477905273437500e+02
9.790979999999999563e+02 2.540000000000000000e+02 8.035418090820312500e+02
9.794339999999999691e+02 2.730000000000000000e+02 8.035484619140625000e+02
9.797699999999999818e+02 2.650000000000000000e+02 8.035367431640625000e+02
9.801059999999999945e+02 3.060000000000000000e+02 8.035364990234375000e+02
9.804420000000000073e+02 3.730000000000000000e+02 8.035355224609375000e+02
9.807780000000000200e+02 3.170000000000000000e+02 8.035390625000000000e+02
9.811140000000000327e+02 2.550000000000000000e+02 8.035343017578125000e+02
9.814500000000000455e+02 1.930000000000000000e+02 8.035454711914062500e+02
9.817859999999999445e+02 2.920000000000000000e+02 8.035461425781250000e+02
9.821219999999999573e+02 1.520000000000000000e+02 8.035391845703125000e+02
