6.312659999999999627e+02 1.470000000000000000e+02 4.953325500488281250e+02
6.316079999999999472e+02 2.870000000000000000e+02 4.953218688964843750e+02
6.319439999999999600e+02 4.950000000000000000e+02 4.953267517089843750e+02
6.322799999999999727e+02 4.620000000000000000e+02 4.953168945312500000e+02
6.326159999999999854e+02 4.150000000000000000e+02 4.953250732421875000e+02
6.329519999999999982e+02 3.650000000000000000e+02 4.953260192871093750e+02
6.332880000000000109e+02 2.170000000000000000e+02 4.953291015625000000e+02
6.336240000000000236e+02 4.300000000000000000e+02 4.953213806152343750e+02
6.339600000000000364e+02 1.730000000000000000e+02 4.953229675292968750e+02
6.342960000000000491e+02 2.580000000000000000e+02 4.953156127929687500e+02
6.346319999999999482e+02 2.180000000000000000e+02 4.953184509277343750e+02
