5.466899999999999693e+01 3.800000000000000000e+01 4.371537170410156250e+02
5.500600000000000023e+01 9.500000000000000000e+01 4.371561584472656250e+02
5.534199999999999875e+01 1.440000000000000000e+02 4.371602478027343750e+02
5.567799999999999727e+01 8.300000000000000000e+01 4.371638793945312500e+02
5.601400000000000290e+01 1.910000000000000000e+02 4.371493835449218750e+02
5.635099999999999909e+01 1.730000000000000000e+02 4.371604003906250000e+02
5.668699999999999761e+01 1.400000000000000000e+02 4.371588745117187500e+02
5.702400000000000091e+01 2.660000000000000000e+02 4.371524658203125000e+02
5.736200000000000188e+01 1.680000000000000000e+02 4.371632080078125000e+02
5.769800000000000040e+01 1.960000000000000000e+02 4.371615295410156250e+02
5.803499999999999659e+01 3.120000000000000000e+02 4.371632385253906250e+02
5.837100000000000222e+01 3.680000000000000000e+02 4.371585693359375000e+02
5.870700000000000074e+01 3.190000000000000000e+02 4.371703491210937500e+02
5.904399999999999693e+01 4.790000000000000000e+02 4.371594543457031250e+02
5.938000000000000256e+01 2.280000000000000000e+02 4.371693725585937500e+02
5.971600000000000108e+01 4.890000000000000000e+02 4.371567077636718750e+02
6.005219999999999914e+01 2.680000000000000000e+02 4.371651306152343750e+02
6.038880000000000337e+01 3.720000000000000000e+02 4.371633605957031250e+02
6.072480000000000189e+01 4.030000000000000000e+02 4.371553955078125000e+02
6.106080000000000041e+01 3.960000000000000000e+02 4.371562805175781250e+02
6.139800000000000324e+01 3.960000000000000000e+02 4.371632080078125000e+02
6.173400000000000176e+01 3.560000000000000000e+02 4.371568603515625000e+02
6.207000000000000028e+01 4.860000000000000000e+02 4.371592102050781250e+02
6.240720000000000312e+01 3.810000000000000000e+02 4.371580505371093750e+02
6.274320000000000164e+01 3.460000000000000000e+02 4.371555175781250000e+02
6.307920000000000016e+01 1.750000000000000000e+02 4.371612548828125000e+02
6.341519999999999868e+01 3.850000000000000000e+02 4.371579895019531250e+02
6.375180000000000291e+01 1.970000000000000000e+02 4.371504821777343750e+02
6.408780000000000143e+01 2.840000000000000000e+02 4.371503601074218750e+02
6.442379999999999995e+01 3.250000000000000000e+02 4.371594848632812500e+02
6.476099999999999568e+01 2.270000000000000000e+02 4.371610412597656250e+02
6.509699999999999420e+01 3.180000000000000000e+02 4.371608581542968750e+02
6.543300000000000693e+01 2.850000000000000000e+02 4.371627807617187500e+02
6.577020000000000266e+01 2.100000000000000000e+02 4.371622619628906250e+02
6.610620000000000118e+01 2.800000000000000000e+02 4.371633911132812500e+02
6.644219999999999970e+01 1.720000000000000000e+02 4.371571655273437500e+02
6.677880000000000393e+01 1.860000000000000000e+02 4.371741943359375000e+02
6.711480000000000246e+01 2.010000000000000000e+02 4.371628112792968750e+02
6.745319999999999538e+01 1.760000000000000000e+02 4.371498413085937500e+02
6.778919999999999391e+01 1.240000000000000000e+02 4.371609497070312500e+02
6.812520000000000664e+01 2.350000000000000000e+02 4.371627197265625000e+02
6.846179999999999666e+01 1.470000000000000000e+02 4.371453247070312500e+02
6.879779999999999518e+01 6.400000000000000000e+01 4.371707763671875000e+02
6.913379999999999370e+01 2.500000000000000000e+01 4.371630859375000000e+02
6.946980000000000643e+01 8.400000000000000000e+01 4.371669311523437500e+02
6.980700000000000216e+01 7.500000000000000000e+01 4.371439819335937500e+02
7.014300000000000068e+01 9.600000000000000000e+01 4.371585083007812500e+02
7.047899999999999920e+01 9.700000000000000000e+01 4.371558227539062500e+02
7.081619999999999493e+01 1.250000000000000000e+02 4.371651000976562500e+02
7.115219999999999345e+01 4.600000000000000000e+01 4.371746215820312500e+02
7.148820000000000618e+01 1.360000000000000000e+02 4.371557006835937500e+02
7.182479999999999620e+01 6.600000000000000000e+01 4.371517639160156250e+02
7.216079999999999472e+01 1.020000000000000000e+02 4.371510314941406250e+02
7.249679999999999325e+01 9.300000000000000000e+01 4.371576538085937500e+02
7.283400000000000318e+01 7.400000000000000000e+01 4.371523437500000000e+02
7.317000000000000171e+01 3.700000000000000000e+01 4.371479797363281250e+02
7.350719999999999743e+01 3.900000000000000000e+01 4.371438293457031250e+02
7.384319999999999595e+01 7.700000000000000000e+01 4.371390686035156250e+02
7.417980000000000018e+01 6.200000000000000000e+01 4.371543273925781250e+02
