2.565000000000000000e+02 1.040000000000000000e+02 7.791962280273437500e+02
2.568369999999999891e+02 1.520000000000000000e+02 7.792057495117187500e+02
2.571730000000000018e+02 1.560000000000000000e+02 7.792028808593750000e+02
2.575090000000000146e+02 3.430000000000000000e+02 7.791929931640625000e+02
2.578450000000000273e+02 3.640000000000000000e+02 7.791931762695312500e+02
2.581820000000000164e+02 2.640000000000000000e+02 7.791967163085937500e+02
2.585179999999999723e+02 3.450000000000000000e+02 7.791991577148437500e+02
2.588539999999999850e+02 4.650000000000000000e+02 7.791946411132812500e+02
2.591920000000000073e+02 3.080000000000000000e+02 7.792010498046875000e+02
2.595280000000000200e+02 2.290000000000000000e+02 7.791880493164062500e+02
