8.889360000000000355e+02 6.400000000000000000e+01 1.691022033691406250e+02
8.892720000000000482e+02 9.100000000000000000e+01 1.690868530273437500e+02
8.896079999999999472e+02 6.500000000000000000e+01 1.690916137695312500e+02
8.899439999999999600e+02 4.700000000000000000e+01 1.691094055175781250e+02
8.902799999999999727e+02 8.100000000000000000e+01 1.691114349365234375e+02
8.906159999999999854e+02 9.800000000000000000e+01 1.690990905761718750e+02
8.909519999999999982e+02 2.090000000000000000e+02 1.691061096191406250e+02
8.912880000000000109e+02 1.170000000000000000e+02 1.691083831787109375e+02
8.916240000000000236e+02 3.120000000000000000e+02 1.691169128417968750e+02
8.919660000000000082e+02 3.170000000000000000e+02 1.691076202392578125e+02
8.922960000000000491e+02 3.400000000000000000e+02 1.691108856201171875e+02
8.926380000000000337e+02 2.100000000000000000e+02 1.691115417480468750e+02
8.929679999999999609e+02 1.350000000000000000e+02 1.691102294921875000e+02
8.933099999999999454e+02 4.610000000000000000e+02 1.691042633056640625e+02
8.936459999999999582e+02 3.180000000000000000e+02 1.691138153076171875e+02
8.939819999999999709e+02 1.670000000000000000e+02 1.691075744628906250e+02
8.943179999999999836e+02 2.930000000000000000e+02 1.691079406738281250e+02
8.946539999999999964e+02 2.140000000000000000e+02 1.691004791259765625e+02
8.949900000000000091e+02 1.710000000000000000e+02 1.691136627197265625e+02
8.953260000000000218e+02 8.300000000000000000e+01 1.691163482666015625e+02
8.956620000000000346e+02 2.840000000000000000e+02 1.691028594970703125e+02
8.959980000000000473e+02 6.200000000000000000e+01 1.691190490722656250e+02
8.963339999999999463e+02 1.080000000000000000e+02 1.691010894775390625e+02
8.966699999999999591e+02 1.460000000000000000e+02 1.691163177490234375e+02
8.970119999999999436e+02 1.560000000000000000e+02 1.691033325195312500e+02
8.973479999999999563e+02 8.400000000000000000e+01 1.690939636230468750e+02
