3.246999999999999886e+01 1.200000000000000000e+02 6.562280273437500000e+02
3.280599999999999739e+01 2.760000000000000000e+02 6.562294921875000000e+02
3.314200000000000301e+01 2.750000000000000000e+02 6.562360229492187500e+02
3.347899999999999920e+01 3.270000000000000000e+02 6.562285766601562500e+02
3.381499999999999773e+01 4.280000000000000000e+02 6.562304687500000000e+02
3.415100000000000335e+01 3.110000000000000000e+02 6.562224121093750000e+02
3.448799999999999955e+01 3.500000000000000000e+02 6.562299804687500000e+02
3.482399999999999807e+01 3.010000000000000000e+02 6.562305908203125000e+02
3.515999999999999659e+01 2.450000000000000000e+02 6.562407226562500000e+02
3.549699999999999989e+01 2.740000000000000000e+02 6.562356567382812500e+02
3.583299999999999841e+01 1.630000000000000000e+02 6.562210083007812500e+02
3.616899999999999693e+01 1.790000000000000000e+02 6.562279052734375000e+02
3.650500000000000256e+01 1.030000000000000000e+02 6.562277221679687500e+02
3.684199999999999875e+01 8.700000000000000000e+01 6.562319335937500000e+02
3.717999999999999972e+01 8.700000000000000000e+01 6.562243652343750000e+02
3.751599999999999824e+01 1.050000000000000000e+02 6.562202148437500000e+02
