6.652440000000000282e+02 5.200000000000000000e+01 5.562974853515625000e+02
6.655800000000000409e+02 9.400000000000000000e+01 5.562810668945312500e+02
6.659160000000000537e+02 6.400000000000000000e+01 5.562813720703125000e+02
6.662519999999999527e+02 1.650000000000000000e+02 5.562945556640625000e+02
6.665879999999999654e+02 1.840000000000000000e+02 5.562949218750000000e+02
6.669239999999999782e+02 2.400000000000000000e+02 5.562919311523437500e+02
6.672599999999999909e+02 2.360000000000000000e+02 5.562940673828125000e+02
6.675960000000000036e+02 4.210000000000000000e+02 5.562955322265625000e+02
6.679379999999999882e+02 3.720000000000000000e+02 5.562929077148437500e+02
6.682680000000000291e+02 4.010000000000000000e+02 5.562958984375000000e+02
6.686100000000000136e+02 3.370000000000000000e+02 5.562897338867187500e+02
6.689460000000000264e+02 4.590000000000000000e+02 5.562905883789062500e+02
6.692820000000000391e+02 2.570000000000000000e+02 5.562977294921875000e+02
6.696180000000000518e+02 3.480000000000000000e+02 5.562993164062500000e+02
6.699539999999999509e+02 2.300000000000000000e+02 5.562941284179687500e+02
6.702899999999999636e+02 2.530000000000000000e+02 5.562918701171875000e+02
6.706259999999999764e+02 2.430000000000000000e+02 5.562944946289062500e+02
6.709619999999999891e+02 1.810000000000000000e+02 5.563036499023437500e+02
6.712980000000000018e+02 9.600000000000000000e+01 5.562923583984375000e+02
6.716340000000000146e+02 1.300000000000000000e+02 5.563048706054687500e+02
6.719700000000000273e+02 6.100000000000000000e+01 5.562864990234375000e+02
