8.916240000000000236e+02 1.640000000000000000e+02 3.171936645507812500e+02
8.919660000000000082e+02 2.300000000000000000e+02 3.171999206542968750e+02
8.922960000000000491e+02 2.170000000000000000e+02 3.171909790039062500e+02
8.926380000000000337e+02 1.760000000000000000e+02 3.172023925781250000e+02
8.929679999999999609e+02 1.940000000000000000e+02 3.171952209472656250e+02
8.933099999999999454e+02 1.650000000000000000e+02 3.172111206054687500e+02
8.936459999999999582e+02 4.050000000000000000e+02 3.172088317871093750e+02
8.939819999999999709e+02 2.600000000000000000e+02 3.172102355957031250e+02
8.943179999999999836e+02 2.320000000000000000e+02 3.171976318359375000e+02
8.946539999999999964e+02 1.380000000000000000e+02 3.172022705078125000e+02
8.949900000000000091e+02 1.560000000000000000e+02 3.171982727050781250e+02
8.953260000000000218e+02 1.510000000000000000e+02 3.171940917968750000e+02
