3.338860000000000241e+02 1.710000000000000000e+02 4.201392822265625000e+02
3.342230000000000132e+02 1.372000000000000000e+03 4.201455383300781250e+02
3.345590000000000259e+02 5.435000000000000000e+03 4.201479187011718750e+02
3.348949999999999818e+02 1.187500000000000000e+04 4.201471557617187500e+02
3.352320000000000277e+02 2.111600000000000000e+04 4.201460571289062500e+02
3.355679999999999836e+02 2.597900000000000000e+04 4.201466674804687500e+02
3.359039999999999964e+02 3.256600000000000000e+04 4.201480712890625000e+02
3.362400000000000091e+02 3.717500000000000000e+04 4.201476745605468750e+02
3.365769999999999982e+02 3.854800000000000000e+04 4.201467285156250000e+02
3.369130000000000109e+02 3.800400000000000000e+04 4.201471252441406250e+02
3.372490000000000236e+02 3.941500000000000000e+04 4.201492004394531250e+02
3.375860000000000127e+02 3.826000000000000000e+04 4.201469116210937500e+02
3.379220000000000255e+02 3.738500000000000000e+04 4.201462707519531250e+02
3.382579999999999814e+02 3.780800000000000000e+04 4.201479492187500000e+02
3.385950000000000273e+02 3.638200000000000000e+04 4.201491088867187500e+02
3.389309999999999832e+02 3.704800000000000000e+04 4.201467590332031250e+02
3.392669999999999959e+02 3.444800000000000000e+04 4.201468200683593750e+02
3.396039999999999850e+02 3.438300000000000000e+04 4.201472778320312500e+02
3.399409999999999741e+02 3.152700000000000000e+04 4.201468811035156250e+02
3.402780000000000200e+02 3.207300000000000000e+04 4.201461791992187500e+02
3.406139999999999759e+02 2.827100000000000000e+04 4.201477355957031250e+02
3.409510000000000218e+02 2.671900000000000000e+04 4.201468200683593750e+02
3.412869999999999777e+02 2.465100000000000000e+04 4.201461181640625000e+02
3.416240000000000236e+02 2.138000000000000000e+04 4.201463623046875000e+02
3.419599999999999795e+02 1.987300000000000000e+04 4.201471862792968750e+02
3.422959999999999923e+02 1.621700000000000000e+04 4.201478881835937500e+02
3.426329999999999814e+02 1.392100000000000000e+04 4.201470947265625000e+02
3.429689999999999941e+02 1.187900000000000000e+04 4.201481018066406250e+02
3.433050000000000068e+02 9.629000000000000000e+03 4.201482543945312500e+02
3.436419999999999959e+02 7.289000000000000000e+03 4.201472473144531250e+02
3.439780000000000086e+02 6.108000000000000000e+03 4.201465148925781250e+02
3.443140000000000214e+02 4.869000000000000000e+03 4.201483459472656250e+02
3.446499999999999773e+02 3.688000000000000000e+03 4.201495361328125000e+02
3.449870000000000232e+02 2.525000000000000000e+03 4.201461181640625000e+02
3.453229999999999791e+02 2.054000000000000000e+03 4.201496276855468750e+02
3.456589999999999918e+02 1.909000000000000000e+03 4.201522216796875000e+02
3.459959999999999809e+02 1.744000000000000000e+03 4.201478881835937500e+02
3.463319999999999936e+02 1.317000000000000000e+03 4.201481628417968750e+02
3.466680000000000064e+02 1.189000000000000000e+03 4.201443786621093750e+02
3.470049999999999955e+02 9.640000000000000000e+02 4.201448059082031250e+02
3.473410000000000082e+02 8.200000000000000000e+02 4.201515502929687500e+02
3.476770000000000209e+02 8.020000000000000000e+02 4.201468200683593750e+02
3.480140000000000100e+02 8.640000000000000000e+02 4.201476135253906250e+02
3.483500000000000227e+02 8.570000000000000000e+02 4.201505432128906250e+02
3.486859999999999786e+02 5.790000000000000000e+02 4.201489868164062500e+02
3.490219999999999914e+02 6.210000000000000000e+02 4.201493835449218750e+02
3.493589999999999804e+02 6.320000000000000000e+02 4.201421508789062500e+02
3.496949999999999932e+02 6.440000000000000000e+02 4.201535644531250000e+02
3.500330000000000155e+02 6.340000000000000000e+02 4.201475219726562500e+02
3.503690000000000282e+02 6.240000000000000000e+02 4.201441955566406250e+02
3.507049999999999841e+02 4.640000000000000000e+02 4.201525878906250000e+02
3.510419999999999732e+02 4.850000000000000000e+02 4.201533508300781250e+02
3.513779999999999859e+02 3.240000000000000000e+02 4.201611938476562500e+02
3.517139999999999986e+02 4.950000000000000000e+02 4.201502075195312500e+02
