8.381459999999999582e+02 1.070000000000000000e+02 3.472291870117187500e+02
8.384819999999999709e+02 3.690000000000000000e+02 3.472109985351562500e+02
8.388179999999999836e+02 6.560000000000000000e+02 3.472149047851562500e+02
8.391539999999999964e+02 1.185000000000000000e+03 3.472137756347656250e+02
8.394900000000000091e+02 1.354000000000000000e+03 3.472178039550781250e+02
8.398260000000000218e+02 1.929000000000000000e+03 3.472148437500000000e+02
8.401620000000000346e+02 2.796000000000000000e+03 3.472193908691406250e+02
8.404980000000000473e+02 3.742000000000000000e+03 3.472181396484375000e+02
8.408339999999999463e+02 4.014000000000000000e+03 3.472193603515625000e+02
8.411699999999999591e+02 4.183000000000000000e+03 3.472171325683593750e+02
8.415059999999999718e+02 4.016000000000000000e+03 3.472188415527343750e+02
8.418419999999999845e+02 3.879000000000000000e+03 3.472166442871093750e+02
8.421779999999999973e+02 3.901000000000000000e+03 3.472164001464843750e+02
8.425199999999999818e+02 2.471000000000000000e+03 3.472185668945312500e+02
8.428559999999999945e+02 1.880000000000000000e+03 3.472186889648437500e+02
8.431860000000000355e+02 1.369000000000000000e+03 3.472163085937500000e+02
8.435280000000000200e+02 1.156000000000000000e+03 3.472208557128906250e+02
8.438640000000000327e+02 9.580000000000000000e+02 3.472176208496093750e+02
8.442000000000000455e+02 6.530000000000000000e+02 3.472195434570312500e+02
8.445359999999999445e+02 4.890000000000000000e+02 3.472180175781250000e+02
8.448719999999999573e+02 4.720000000000000000e+02 3.472210998535156250e+02
8.452079999999999700e+02 2.920000000000000000e+02 3.472147827148437500e+02
8.455439999999999827e+02 1.960000000000000000e+02 3.472122802734375000e+02
8.458799999999999955e+02 1.960000000000000000e+02 3.472263793945312500e+02
8.462160000000000082e+02 1.860000000000000000e+02 3.472132873535156250e+02
8.465520000000000209e+02 1.380000000000000000e+02 3.472130737304687500e+02
8.468880000000000337e+02 1.520000000000000000e+02 3.472080993652343750e+02
8.472300000000000182e+02 1.480000000000000000e+02 3.472251892089843750e+02
8.475599999999999454e+02 1.110000000000000000e+02 3.472073364257812500e+02
8.479020000000000437e+02 1.060000000000000000e+02 3.472250366210937500e+02
8.482380000000000564e+02 1.110000000000000000e+02 3.472052612304687500e+02
8.485739999999999554e+02 8.000000000000000000e+01 3.472284851074218750e+02
