3.530600000000000023e+02 1.060000000000000000e+02 2.490772094726562500e+02
3.533960000000000150e+02 6.800000000000000000e+01 2.490585937500000000e+02
3.537320000000000277e+02 1.480000000000000000e+02 2.490668640136718750e+02
3.540679999999999836e+02 9.300000000000000000e+01 2.490821685791015625e+02
3.544049999999999727e+02 2.340000000000000000e+02 2.490823822021484375e+02
3.547409999999999854e+02 5.330000000000000000e+02 2.490742492675781250e+02
3.550769999999999982e+02 1.106000000000000000e+03 2.490760803222656250e+02
3.554139999999999873e+02 1.949000000000000000e+03 2.490742187500000000e+02
3.557500000000000000e+02 2.750000000000000000e+03 2.490751342773437500e+02
3.560860000000000127e+02 3.018000000000000000e+03 2.490745544433593750e+02
3.564230000000000018e+02 3.867000000000000000e+03 2.490740051269531250e+02
3.567590000000000146e+02 3.780000000000000000e+03 2.490745086669921875e+02
3.570960000000000036e+02 3.506000000000000000e+03 2.490732727050781250e+02
3.574320000000000164e+02 2.800000000000000000e+03 2.490750885009765625e+02
3.577679999999999723e+02 2.386000000000000000e+03 2.490743255615234375e+02
3.581039999999999850e+02 2.055000000000000000e+03 2.490749511718750000e+02
3.584409999999999741e+02 1.706000000000000000e+03 2.490774841308593750e+02
3.587769999999999868e+02 1.650000000000000000e+03 2.490731506347656250e+02
3.591129999999999995e+02 1.257000000000000000e+03 2.490751495361328125e+02
3.594499999999999886e+02 6.520000000000000000e+02 2.490765838623046875e+02
3.597860000000000014e+02 5.470000000000000000e+02 2.490779876708984375e+02
3.601240000000000236e+02 4.460000000000000000e+02 2.490734863281250000e+02
3.604599999999999795e+02 4.170000000000000000e+02 2.490771942138671875e+02
3.607959999999999923e+02 2.190000000000000000e+02 2.490849151611328125e+02
3.611329999999999814e+02 2.510000000000000000e+02 2.490774993896484375e+02
3.614689999999999941e+02 1.530000000000000000e+02 2.490782165527343750e+02
3.618050000000000068e+02 2.360000000000000000e+02 2.490857543945312500e+02
3.621419999999999959e+02 1.610000000000000000e+02 2.490625000000000000e+02
3.624780000000000086e+02 1.550000000000000000e+02 2.490873260498046875e+02
3.628140000000000214e+02 3.760000000000000000e+02 2.490765838623046875e+02
3.631510000000000105e+02 3.520000000000000000e+02 2.490719604492187500e+02
3.634870000000000232e+02 3.570000000000000000e+02 2.490723419189453125e+02
3.638229999999999791e+02 5.330000000000000000e+02 2.490773468017578125e+02
3.641589999999999918e+02 3.370000000000000000e+02 2.490677337646484375e+02
3.644959999999999809e+02 3.310000000000000000e+02 2.490730590820312500e+02
3.648319999999999936e+02 3.900000000000000000e+02 2.490786590576171875e+02
3.651680000000000064e+02 2.340000000000000000e+02 2.490793762207031250e+02
3.655049999999999955e+02 3.760000000000000000e+02 2.490768280029296875e+02
3.658410000000000082e+02 2.520000000000000000e+02 2.490827331542968750e+02
3.661770000000000209e+02 1.220000000000000000e+02 2.490782775878906250e+02
3.665140000000000100e+02 8.600000000000000000e+01 2.490881347656250000e+02
3.668500000000000227e+02 1.160000000000000000e+02 2.490723876953125000e+02
3.671859999999999786e+02 1.550000000000000000e+02 2.490784149169921875e+02
