2.346339999999999861e+02 8.520000000000000000e+02 3.461413879394531250e+02
2.349710000000000036e+02 1.180000000000000000e+03 3.461330871582031250e+02
2.353069999999999879e+02 2.093000000000000000e+03 3.461270751953125000e+02
2.356430000000000007e+02 2.330000000000000000e+03 3.461302490234375000e+02
2.359790000000000134e+02 2.630000000000000000e+03 3.461275329589843750e+02
2.363160000000000025e+02 2.982000000000000000e+03 3.461280517578125000e+02
2.366519999999999868e+02 2.356000000000000000e+03 3.461275329589843750e+02
2.369879999999999995e+02 2.708000000000000000e+03 3.461287536621093750e+02
2.373249999999999886e+02 2.070000000000000000e+03 3.461293029785156250e+02
2.376610000000000014e+02 1.705000000000000000e+03 3.461294860839843750e+02
2.379970000000000141e+02 1.467000000000000000e+03 3.461292419433593750e+02
2.383340000000000032e+02 1.004000000000000000e+03 3.461283569335937500e+02
2.386709999999999923e+02 8.350000000000000000e+02 3.461294860839843750e+02
2.390089999999999861e+02 6.880000000000000000e+02 3.461318054199218750e+02
2.393449999999999989e+02 5.380000000000000000e+02 3.461336059570312500e+02
2.396810000000000116e+02 4.210000000000000000e+02 3.461298828125000000e+02
2.400169999999999959e+02 2.520000000000000000e+02 3.461307678222656250e+02
