4.368439999999999941e+02 7.100000000000000000e+01 2.261804046630859375e+02
4.371809999999999832e+02 1.740000000000000000e+02 2.261725006103515625e+02
4.375169999999999959e+02 3.850000000000000000e+02 2.261745300292968750e+02
4.378530000000000086e+02 6.230000000000000000e+02 2.261784057617187500e+02
4.381899999999999977e+02 1.135000000000000000e+03 2.261800079345703125e+02
4.385260000000000105e+02 1.699000000000000000e+03 2.261773529052734375e+02
4.388620000000000232e+02 1.987000000000000000e+03 2.261783447265625000e+02
4.391990000000000123e+02 2.309000000000000000e+03 2.261795196533203125e+02
4.395350000000000250e+02 2.297000000000000000e+03 2.261789703369140625e+02
4.398709999999999809e+02 2.491000000000000000e+03 2.261784820556640625e+02
4.402069999999999936e+02 2.628000000000000000e+03 2.261781768798828125e+02
4.405439999999999827e+02 2.242000000000000000e+03 2.261775360107421875e+02
4.408820000000000050e+02 2.283000000000000000e+03 2.261792144775390625e+02
4.412180000000000177e+02 1.930000000000000000e+03 2.261772766113281250e+02
4.415539999999999736e+02 1.369000000000000000e+03 2.261784210205078125e+02
4.418899999999999864e+02 1.145000000000000000e+03 2.261792297363281250e+02
4.422269999999999754e+02 6.740000000000000000e+02 2.261792449951171875e+02
4.425640000000000214e+02 4.190000000000000000e+02 2.261734924316406250e+02
4.428999999999999773e+02 3.980000000000000000e+02 2.261755828857421875e+02
4.432359999999999900e+02 2.420000000000000000e+02 2.261762084960937500e+02
4.435729999999999791e+02 1.430000000000000000e+02 2.261776275634765625e+02
4.439089999999999918e+02 1.390000000000000000e+02 2.261800842285156250e+02
