8.909519999999999982e+02 3.560000000000000000e+02 5.614777221679687500e+02
8.912880000000000109e+02 8.260000000000000000e+02 5.614817504882812500e+02
8.916240000000000236e+02 1.010000000000000000e+03 5.614832153320312500e+02
8.919660000000000082e+02 1.606000000000000000e+03 5.614815063476562500e+02
8.922960000000000491e+02 2.502000000000000000e+03 5.614798583984375000e+02
8.926380000000000337e+02 2.627000000000000000e+03 5.614812011718750000e+02
8.929679999999999609e+02 2.398000000000000000e+03 5.614829101562500000e+02
8.933099999999999454e+02 2.505000000000000000e+03 5.614853515625000000e+02
8.936459999999999582e+02 2.189000000000000000e+03 5.614818115234375000e+02
8.939819999999999709e+02 1.878000000000000000e+03 5.614844970703125000e+02
8.943179999999999836e+02 1.350000000000000000e+03 5.614879760742187500e+02
8.946539999999999964e+02 1.161000000000000000e+03 5.614876098632812500e+02
8.949900000000000091e+02 7.230000000000000000e+02 5.614909057617187500e+02
8.953260000000000218e+02 7.260000000000000000e+02 5.614757690429687500e+02
8.956620000000000346e+02 4.130000000000000000e+02 5.614806518554687500e+02
8.959980000000000473e+02 2.530000000000000000e+02 5.614769897460937500e+02
8.963339999999999463e+02 9.200000000000000000e+01 5.614906616210937500e+02
