9.568980000000000246e+02 7.400000000000000000e+01 2.932841186523437500e+02
9.572340000000000373e+02 1.390000000000000000e+02 2.932750549316406250e+02
9.575700000000000500e+02 2.570000000000000000e+02 2.932860107421875000e+02
9.579059999999999491e+02 4.530000000000000000e+02 2.932833862304687500e+02
9.582419999999999618e+02 5.190000000000000000e+02 2.932836914062500000e+02
9.585779999999999745e+02 8.750000000000000000e+02 2.932819824218750000e+02
9.589139999999999873e+02 1.257000000000000000e+03 2.932799072265625000e+02
9.592500000000000000e+02 1.963000000000000000e+03 2.932811889648437500e+02
9.595860000000000127e+02 1.766000000000000000e+03 2.932821044921875000e+02
9.599220000000000255e+02 1.844000000000000000e+03 2.932834472656250000e+02
9.602580000000000382e+02 2.294000000000000000e+03 2.932826232910156250e+02
9.605940000000000509e+02 2.378000000000000000e+03 2.932832336425781250e+02
9.609299999999999500e+02 2.096000000000000000e+03 2.932833862304687500e+02
9.612659999999999627e+02 2.546000000000000000e+03 2.932811584472656250e+02
9.616019999999999754e+02 2.600000000000000000e+03 2.932823181152343750e+02
9.619379999999999882e+02 2.214000000000000000e+03 2.932821960449218750e+02
9.622799999999999727e+02 2.150000000000000000e+03 2.932817077636718750e+02
9.626159999999999854e+02 1.818000000000000000e+03 2.932832946777343750e+02
9.629519999999999982e+02 1.377000000000000000e+03 2.932818603515625000e+02
9.632820000000000391e+02 1.152000000000000000e+03 2.932816772460937500e+02
9.636240000000000236e+02 7.600000000000000000e+02 2.932832031250000000e+02
9.639600000000000364e+02 7.580000000000000000e+02 2.932799072265625000e+02
9.642960000000000491e+02 6.100000000000000000e+02 2.932802734375000000e+02
9.646319999999999482e+02 4.390000000000000000e+02 2.932832641601562500e+02
9.649679999999999609e+02 3.670000000000000000e+02 2.932827148437500000e+02
9.653039999999999736e+02 3.980000000000000000e+02 2.932817687988281250e+02
9.656399999999999864e+02 2.580000000000000000e+02 2.932784729003906250e+02
9.659759999999999991e+02 2.500000000000000000e+02 2.932829895019531250e+02
9.663120000000000118e+02 1.730000000000000000e+02 2.932800903320312500e+02
9.666480000000000246e+02 2.280000000000000000e+02 2.932809753417968750e+02
9.669840000000000373e+02 2.110000000000000000e+02 2.932784729003906250e+02
9.673200000000000500e+02 1.450000000000000000e+02 2.932829895019531250e+02
9.676559999999999491e+02 2.000000000000000000e+02 2.932795104980468750e+02
9.679980000000000473e+02 2.290000000000000000e+02 2.932795715332031250e+02
9.683339999999999463e+02 2.210000000000000000e+02 2.932781677246093750e+02
9.686699999999999591e+02 2.250000000000000000e+02 2.932758789062500000e+02
9.690059999999999718e+02 3.170000000000000000e+02 2.932821655273437500e+02
9.693419999999999845e+02 1.970000000000000000e+02 2.932897644042968750e+02
9.696779999999999973e+02 1.840000000000000000e+02 2.932816162109375000e+02
9.700140000000000100e+02 6.900000000000000000e+01 2.932780456542968750e+02
9.703500000000000227e+02 2.380000000000000000e+02 2.932849121093750000e+02
9.706860000000000355e+02 2.130000000000000000e+02 2.932688903808593750e+02
9.710220000000000482e+02 1.740000000000000000e+02 2.932743225097656250e+02
9.713579999999999472e+02 1.670000000000000000e+02 2.932744750976562500e+02
9.716939999999999600e+02 2.650000000000000000e+02 2.932760009765625000e+02
