8.902799999999999727e+02 1.300000000000000000e+02 2.812417602539062500e+02
8.906159999999999854e+02 2.350000000000000000e+02 2.812378540039062500e+02
8.909519999999999982e+02 5.520000000000000000e+02 2.812398681640625000e+02
8.912880000000000109e+02 7.690000000000000000e+02 2.812429809570312500e+02
8.916240000000000236e+02 1.009000000000000000e+03 2.812465209960937500e+02
8.919660000000000082e+02 1.542000000000000000e+03 2.812432861328125000e+02
8.922960000000000491e+02 1.558000000000000000e+03 2.812437744140625000e+02
8.926380000000000337e+02 2.156000000000000000e+03 2.812446289062500000e+02
8.929679999999999609e+02 2.414000000000000000e+03 2.812465820312500000e+02
8.933099999999999454e+02 2.049000000000000000e+03 2.812460937500000000e+02
8.936459999999999582e+02 2.006000000000000000e+03 2.812435607910156250e+02
8.939819999999999709e+02 1.710000000000000000e+03 2.812442932128906250e+02
8.943179999999999836e+02 1.485000000000000000e+03 2.812457885742187500e+02
8.946539999999999964e+02 1.075000000000000000e+03 2.812463684082031250e+02
8.949900000000000091e+02 9.990000000000000000e+02 2.812425537109375000e+02
8.953260000000000218e+02 7.150000000000000000e+02 2.812476806640625000e+02
8.956620000000000346e+02 6.180000000000000000e+02 2.812434082031250000e+02
8.959980000000000473e+02 3.920000000000000000e+02 2.812482299804687500e+02
8.963339999999999463e+02 1.920000000000000000e+02 2.812382202148437500e+02
8.966699999999999591e+02 1.790000000000000000e+02 2.812489929199218750e+02
8.970119999999999436e+02 5.900000000000000000e+01 2.812309875488281250e+02
