2.776200000000000045e+01 3.988000000000000000e+03 3.530860595703125000e+02
2.809799999999999898e+01 3.378000000000000000e+03 3.530845336914062500e+02
2.843400000000000105e+01 3.553000000000000000e+03 3.530861816406250000e+02
2.876999999999999957e+01 2.208000000000000000e+03 3.530876770019531250e+02
2.910699999999999932e+01 1.755000000000000000e+03 3.530863342285156250e+02
2.944300000000000139e+01 1.859000000000000000e+03 3.530863037109375000e+02
2.977899999999999991e+01 1.978000000000000000e+03 3.530837402343750000e+02
3.011599999999999966e+01 1.496000000000000000e+03 3.530848388671875000e+02
3.045200000000000173e+01 1.799000000000000000e+03 3.530892333984375000e+02
3.078800000000000026e+01 1.599000000000000000e+03 3.530889587402343750e+02
3.112500000000000000e+01 1.125000000000000000e+03 3.530847167968750000e+02
3.146099999999999852e+01 8.970000000000000000e+02 3.530867309570312500e+02
3.179700000000000060e+01 7.240000000000000000e+02 3.530814208984375000e+02
3.213400000000000034e+01 1.050000000000000000e+03 3.530878906250000000e+02
3.246999999999999886e+01 1.000000000000000000e+03 3.530810546875000000e+02
3.280599999999999739e+01 1.098000000000000000e+03 3.530874328613281250e+02
3.314200000000000301e+01 1.268000000000000000e+03 3.530867919921875000e+02
3.347899999999999920e+01 1.309000000000000000e+03 3.530867614746093750e+02
3.381499999999999773e+01 1.546000000000000000e+03 3.530862121582031250e+02
3.415100000000000335e+01 1.769000000000000000e+03 3.530852661132812500e+02
3.448799999999999955e+01 2.064000000000000000e+03 3.530852355957031250e+02
3.482399999999999807e+01 2.222000000000000000e+03 3.530873107910156250e+02
3.515999999999999659e+01 2.685000000000000000e+03 3.530844116210937500e+02
3.549699999999999989e+01 3.205000000000000000e+03 3.530866088867187500e+02
3.583299999999999841e+01 2.946000000000000000e+03 3.530859375000000000e+02
3.616899999999999693e+01 3.012000000000000000e+03 3.530844726562500000e+02
3.650500000000000256e+01 2.923000000000000000e+03 3.530849304199218750e+02
3.684199999999999875e+01 3.420000000000000000e+03 3.530855407714843750e+02
3.717999999999999972e+01 3.376000000000000000e+03 3.530866699218750000e+02
3.751599999999999824e+01 3.065000000000000000e+03 3.530840759277343750e+02
3.785199999999999676e+01 3.094000000000000000e+03 3.530868835449218750e+02
3.818800000000000239e+01 3.073000000000000000e+03 3.530869140625000000e+02
3.852499999999999858e+01 3.059000000000000000e+03 3.530839538574218750e+02
3.886099999999999710e+01 3.022000000000000000e+03 3.530856018066406250e+02
3.919700000000000273e+01 2.674000000000000000e+03 3.530859985351562500e+02
3.953399999999999892e+01 2.651000000000000000e+03 3.530847473144531250e+02
3.986999999999999744e+01 2.737000000000000000e+03 3.530852050781250000e+02
4.020600000000000307e+01 2.753000000000000000e+03 3.530871276855468750e+02
4.054299999999999926e+01 2.265000000000000000e+03 3.530877075195312500e+02
4.087899999999999778e+01 2.390000000000000000e+03 3.530828247070312500e+02
4.121500000000000341e+01 2.391000000000000000e+03 3.530852661132812500e+02
4.155199999999999960e+01 1.932000000000000000e+03 3.530840759277343750e+02
4.188799999999999812e+01 1.878000000000000000e+03 3.530858154296875000e+02
4.222399999999999665e+01 2.357000000000000000e+03 3.530871582031250000e+02
4.256099999999999994e+01 2.407000000000000000e+03 3.530868530273437500e+02
4.289699999999999847e+01 1.164000000000000000e+03 3.530888366699218750e+02
4.323299999999999699e+01 1.240000000000000000e+03 3.530850524902343750e+02
4.357000000000000028e+01 6.540000000000000000e+02 3.530886535644531250e+02
4.390599999999999881e+01 4.500000000000000000e+02 3.530939941406250000e+02
4.424199999999999733e+01 2.670000000000000000e+02 3.530853881835937500e+02
4.457900000000000063e+01 2.650000000000000000e+02 3.530844726562500000e+02
4.491499999999999915e+01 4.670000000000000000e+02 3.530878295898437500e+02
4.525099999999999767e+01 7.360000000000000000e+02 3.530856323242187500e+02
4.558700000000000330e+01 6.150000000000000000e+02 3.530861206054687500e+02
4.592399999999999949e+01 1.020000000000000000e+03 3.530870361328125000e+02
4.625999999999999801e+01 7.360000000000000000e+02 3.530891113281250000e+02
4.659599999999999653e+01 1.056000000000000000e+03 3.530869140625000000e+02
4.693299999999999983e+01 8.960000000000000000e+02 3.530825805664062500e+02
4.727100000000000080e+01 9.510000000000000000e+02 3.530826110839843750e+02
4.760699999999999932e+01 9.330000000000000000e+02 3.530845031738281250e+02
4.794299999999999784e+01 9.670000000000000000e+02 3.530845947265625000e+02
4.827900000000000347e+01 1.096000000000000000e+03 3.530824890136718750e+02
4.861599999999999966e+01 1.099000000000000000e+03 3.530867309570312500e+02
4.895199999999999818e+01 9.130000000000000000e+02 3.530836486816406250e+02
4.928799999999999670e+01 1.098000000000000000e+03 3.530872497558593750e+02
4.962500000000000000e+01 1.400000000000000000e+03 3.530821228027343750e+02
4.996099999999999852e+01 1.343000000000000000e+03 3.530889587402343750e+02
5.029699999999999704e+01 1.285000000000000000e+03 3.530869140625000000e+02
5.063400000000000034e+01 1.237000000000000000e+03 3.530842590332031250e+02
5.096999999999999886e+01 1.222000000000000000e+03 3.530860900878906250e+02
5.130599999999999739e+01 7.630000000000000000e+02 3.530840148925781250e+02
5.164300000000000068e+01 1.066000000000000000e+03 3.530928344726562500e+02
5.197899999999999920e+01 1.142000000000000000e+03 3.530877075195312500e+02
5.231499999999999773e+01 1.338000000000000000e+03 3.530867919921875000e+02
5.265100000000000335e+01 1.193000000000000000e+03 3.530851440429687500e+02
5.298799999999999955e+01 1.620000000000000000e+03 3.530837097167968750e+02
5.332399999999999807e+01 1.162000000000000000e+03 3.530857238769531250e+02
5.365999999999999659e+01 1.294000000000000000e+03 3.530842895507812500e+02
5.399699999999999989e+01 7.050000000000000000e+02 3.530844726562500000e+02
5.433299999999999841e+01 1.141000000000000000e+03 3.530867309570312500e+02
5.466899999999999693e+01 7.950000000000000000e+02 3.530847778320312500e+02
5.500600000000000023e+01 1.246000000000000000e+03 3.530841674804687500e+02
5.534199999999999875e+01 1.212000000000000000e+03 3.530812988281250000e+02
5.567799999999999727e+01 9.190000000000000000e+02 3.530877990722656250e+02
5.601400000000000290e+01 1.426000000000000000e+03 3.530870971679687500e+02
5.635099999999999909e+01 8.760000000000000000e+02 3.530849609375000000e+02
5.668699999999999761e+01 1.089000000000000000e+03 3.530846252441406250e+02
5.702400000000000091e+01 1.163000000000000000e+03 3.530867919921875000e+02
