3.011599999999999966e+01 9.900000000000000000e+01 5.159473266601562500e+02
3.045200000000000173e+01 2.790000000000000000e+02 5.159642333984375000e+02
3.078800000000000026e+01 1.044000000000000000e+03 5.159605102539062500e+02
3.112500000000000000e+01 1.846000000000000000e+03 5.159628906250000000e+02
3.146099999999999852e+01 2.319000000000000000e+03 5.159611816406250000e+02
3.179700000000000060e+01 2.192000000000000000e+03 5.159613647460937500e+02
3.213400000000000034e+01 1.763000000000000000e+03 5.159595336914062500e+02
3.246999999999999886e+01 1.295000000000000000e+03 5.159596557617187500e+02
3.280599999999999739e+01 1.074000000000000000e+03 5.159592285156250000e+02
3.314200000000000301e+01 6.250000000000000000e+02 5.159659423828125000e+02
3.347899999999999920e+01 3.910000000000000000e+02 5.159631958007812500e+02
3.381499999999999773e+01 4.680000000000000000e+02 5.159659423828125000e+02
3.415100000000000335e+01 4.700000000000000000e+02 5.159616088867187500e+02
3.448799999999999955e+01 3.620000000000000000e+02 5.159642944335937500e+02
3.482399999999999807e+01 3.050000000000000000e+02 5.159741210937500000e+02
3.515999999999999659e+01 2.310000000000000000e+02 5.159653930664062500e+02
