6.840839999999999463e+02 1.460000000000000000e+02 4.973291931152343750e+02
6.844199999999999591e+02 9.600000000000000000e+01 4.973251953125000000e+02
6.847559999999999718e+02 2.720000000000000000e+02 4.973388671875000000e+02
6.850919999999999845e+02 4.040000000000000000e+02 4.973287963867187500e+02
6.854279999999999973e+02 6.080000000000000000e+02 4.973364257812500000e+02
6.857640000000000100e+02 1.100000000000000000e+03 4.973403015136718750e+02
6.861000000000000227e+02 1.452000000000000000e+03 4.973448486328125000e+02
6.864360000000000355e+02 1.891000000000000000e+03 4.973403015136718750e+02
6.867720000000000482e+02 2.055000000000000000e+03 4.973421325683593750e+02
6.871079999999999472e+02 2.188000000000000000e+03 4.973378295898437500e+02
6.874500000000000455e+02 2.236000000000000000e+03 4.973425292968750000e+02
6.877859999999999445e+02 2.016000000000000000e+03 4.973432006835937500e+02
6.881219999999999573e+02 1.696000000000000000e+03 4.973397521972656250e+02
6.884579999999999700e+02 2.136000000000000000e+03 4.973422546386718750e+02
6.887939999999999827e+02 1.990000000000000000e+03 4.973381958007812500e+02
6.891299999999999955e+02 1.482000000000000000e+03 4.973430786132812500e+02
6.894660000000000082e+02 1.049000000000000000e+03 4.973374328613281250e+02
6.898020000000000209e+02 1.402000000000000000e+03 4.973406372070312500e+02
6.901380000000000337e+02 8.630000000000000000e+02 4.973413085937500000e+02
6.904740000000000464e+02 5.790000000000000000e+02 4.973413085937500000e+02
6.908099999999999454e+02 5.750000000000000000e+02 4.973371582031250000e+02
6.911459999999999582e+02 3.580000000000000000e+02 4.973487854003906250e+02
6.914819999999999709e+02 2.700000000000000000e+02 4.973460083007812500e+02
6.918179999999999836e+02 2.830000000000000000e+02 4.973362121582031250e+02
6.921539999999999964e+02 1.300000000000000000e+02 4.973373107910156250e+02
6.924900000000000091e+02 7.500000000000000000e+01 4.973517150878906250e+02
6.928260000000000218e+02 1.440000000000000000e+02 4.973355407714843750e+02
6.931680000000000064e+02 1.390000000000000000e+02 4.973330993652343750e+02
6.935040000000000191e+02 1.400000000000000000e+02 4.973496093750000000e+02
6.938400000000000318e+02 1.140000000000000000e+02 4.973465576171875000e+02
6.941760000000000446e+02 1.150000000000000000e+02 4.973519897460937500e+02
