3.063020000000000209e+02 1.110000000000000000e+02 5.062130432128906250e+02
3.066379999999999768e+02 2.330000000000000000e+02 5.062173156738281250e+02
3.069739999999999895e+02 1.720000000000000000e+02 5.062294311523437500e+02
3.073109999999999786e+02 2.050000000000000000e+02 5.062232360839843750e+02
3.076469999999999914e+02 1.700000000000000000e+02 5.062249145507812500e+02
3.079830000000000041e+02 1.720000000000000000e+02 5.062312927246093750e+02
3.083199999999999932e+02 4.760000000000000000e+02 5.062281494140625000e+02
3.086560000000000059e+02 2.590000000000000000e+02 5.062230224609375000e+02
3.089920000000000186e+02 5.310000000000000000e+02 5.062328491210937500e+02
3.093290000000000077e+02 5.390000000000000000e+02 5.062372741699218750e+02
3.096669999999999732e+02 8.630000000000000000e+02 5.062230224609375000e+02
3.100029999999999859e+02 1.211000000000000000e+03 5.062294006347656250e+02
3.103399999999999750e+02 1.326000000000000000e+03 5.062337951660156250e+02
3.106759999999999877e+02 1.865000000000000000e+03 5.062329711914062500e+02
3.110120000000000005e+02 1.941000000000000000e+03 5.062311706542968750e+02
3.113480000000000132e+02 1.949000000000000000e+03 5.062363281250000000e+02
3.116850000000000023e+02 1.821000000000000000e+03 5.062380676269531250e+02
3.120210000000000150e+02 2.234000000000000000e+03 5.062316284179687500e+02
3.123570000000000277e+02 1.598000000000000000e+03 5.062371520996093750e+02
3.126940000000000168e+02 1.826000000000000000e+03 5.062355651855468750e+02
3.130299999999999727e+02 1.456000000000000000e+03 5.062324218750000000e+02
3.133659999999999854e+02 1.165000000000000000e+03 5.062359008789062500e+02
3.137029999999999745e+02 8.130000000000000000e+02 5.062382812500000000e+02
3.140389999999999873e+02 7.890000000000000000e+02 5.062297363281250000e+02
3.143750000000000000e+02 5.660000000000000000e+02 5.062389526367187500e+02
3.147110000000000127e+02 5.530000000000000000e+02 5.062304382324218750e+02
3.150480000000000018e+02 3.780000000000000000e+02 5.062237243652343750e+02
3.153840000000000146e+02 2.150000000000000000e+02 5.062342224121093750e+02
3.157200000000000273e+02 1.640000000000000000e+02 5.062120056152343750e+02
3.160570000000000164e+02 2.020000000000000000e+02 5.062309265136718750e+02
3.163929999999999723e+02 1.570000000000000000e+02 5.062348327636718750e+02
3.167289999999999850e+02 1.710000000000000000e+02 5.062245178222656250e+02
3.170659999999999741e+02 1.350000000000000000e+02 5.062467651367187500e+02
3.174019999999999868e+02 1.830000000000000000e+02 5.062337951660156250e+02
3.177379999999999995e+02 9.600000000000000000e+01 5.062430725097656250e+02
3.180749999999999886e+02 2.160000000000000000e+02 5.062220764160156250e+02
3.184110000000000014e+02 1.520000000000000000e+02 5.062310791015625000e+02
