3.066379999999999768e+02 3.900000000000000000e+02 4.710848083496093750e+02
3.069739999999999895e+02 1.386000000000000000e+03 4.710904235839843750e+02
3.073109999999999786e+02 3.363000000000000000e+03 4.710891418457031250e+02
3.076469999999999914e+02 7.429000000000000000e+03 4.710856933593750000e+02
3.079830000000000041e+02 1.150500000000000000e+04 4.710887451171875000e+02
3.083199999999999932e+02 1.554100000000000000e+04 4.710883178710937500e+02
3.086560000000000059e+02 1.884200000000000000e+04 4.710893554687500000e+02
3.089920000000000186e+02 2.017500000000000000e+04 4.710868225097656250e+02
3.093290000000000077e+02 2.138900000000000000e+04 4.710885620117187500e+02
3.096669999999999732e+02 2.096000000000000000e+04 4.710877380371093750e+02
3.100029999999999859e+02 2.076900000000000000e+04 4.710875854492187500e+02
3.103399999999999750e+02 1.814600000000000000e+04 4.710865478515625000e+02
3.106759999999999877e+02 1.655100000000000000e+04 4.710876770019531250e+02
3.110120000000000005e+02 1.359400000000000000e+04 4.710858154296875000e+02
3.113480000000000132e+02 1.254000000000000000e+04 4.710872192382812500e+02
3.116850000000000023e+02 1.009200000000000000e+04 4.710893554687500000e+02
3.120210000000000150e+02 7.620000000000000000e+03 4.710876464843750000e+02
3.123570000000000277e+02 5.674000000000000000e+03 4.710876464843750000e+02
3.126940000000000168e+02 4.252000000000000000e+03 4.710905456542968750e+02
3.130299999999999727e+02 3.211000000000000000e+03 4.710886840820312500e+02
3.133659999999999854e+02 2.528000000000000000e+03 4.710887756347656250e+02
3.137029999999999745e+02 1.917000000000000000e+03 4.710913696289062500e+02
3.140389999999999873e+02 1.694000000000000000e+03 4.710941772460937500e+02
3.143750000000000000e+02 9.740000000000000000e+02 4.710872802734375000e+02
3.147110000000000127e+02 7.360000000000000000e+02 4.710919189453125000e+02
3.150480000000000018e+02 7.450000000000000000e+02 4.710894470214843750e+02
3.153840000000000146e+02 5.780000000000000000e+02 4.710928344726562500e+02
3.157200000000000273e+02 6.190000000000000000e+02 4.710911254882812500e+02
3.160570000000000164e+02 5.280000000000000000e+02 4.710945739746093750e+02
3.163929999999999723e+02 2.980000000000000000e+02 4.710895385742187500e+02
3.167289999999999850e+02 2.220000000000000000e+02 4.710941467285156250e+02
3.170659999999999741e+02 5.430000000000000000e+02 4.710850524902343750e+02
3.174019999999999868e+02 2.820000000000000000e+02 4.710908203125000000e+02
3.177379999999999995e+02 3.950000000000000000e+02 4.710785827636718750e+02
3.180749999999999886e+02 3.360000000000000000e+02 4.710818481445312500e+02
3.184110000000000014e+02 2.970000000000000000e+02 4.710853271484375000e+02
3.187470000000000141e+02 3.220000000000000000e+02 4.710956115722656250e+02
3.190840000000000032e+02 2.730000000000000000e+02 4.710975036621093750e+02
3.194200000000000159e+02 2.510000000000000000e+02 4.710974121093750000e+02
3.197579999999999814e+02 2.230000000000000000e+02 4.711034240722656250e+02
3.200939999999999941e+02 2.880000000000000000e+02 4.710965270996093750e+02
3.204300000000000068e+02 1.890000000000000000e+02 4.710988159179687500e+02
