2.854460000000000264e+02 1.240000000000000000e+02 5.132145996093750000e+02
2.857830000000000155e+02 4.440000000000000000e+02 5.132009887695312500e+02
2.861190000000000282e+02 4.270000000000000000e+02 5.132128295898437500e+02
2.864549999999999841e+02 9.790000000000000000e+02 5.132047119140625000e+02
2.867909999999999968e+02 1.247000000000000000e+03 5.132069702148437500e+02
2.871279999999999859e+02 1.932000000000000000e+03 5.132066650390625000e+02
2.874639999999999986e+02 2.048000000000000000e+03 5.132053833007812500e+02
2.878000000000000114e+02 1.774000000000000000e+03 5.132125244140625000e+02
2.881370000000000005e+02 1.732000000000000000e+03 5.132122192382812500e+02
2.884730000000000132e+02 1.826000000000000000e+03 5.132056884765625000e+02
2.888090000000000259e+02 1.827000000000000000e+03 5.132110595703125000e+02
2.891460000000000150e+02 1.131000000000000000e+03 5.132048339843750000e+02
2.894830000000000041e+02 7.110000000000000000e+02 5.132046508789062500e+02
2.898199999999999932e+02 5.850000000000000000e+02 5.132084960937500000e+02
2.901560000000000059e+02 5.720000000000000000e+02 5.132044677734375000e+02
2.904920000000000186e+02 4.990000000000000000e+02 5.132042236328125000e+02
2.908290000000000077e+02 2.780000000000000000e+02 5.132100219726562500e+02
2.911650000000000205e+02 2.580000000000000000e+02 5.132065429687500000e+02
