1.219459999999999980e+02 1.457000000000000000e+03 4.610065002441406250e+02
1.222819999999999965e+02 1.592000000000000000e+03 4.610065002441406250e+02
1.226189999999999998e+02 1.161000000000000000e+03 4.610113525390625000e+02
1.229549999999999983e+02 1.264000000000000000e+03 4.610073547363281250e+02
1.232909999999999968e+02 1.347000000000000000e+03 4.610109863281250000e+02
1.236269999999999953e+02 1.592000000000000000e+03 4.610052185058593750e+02
1.239639999999999986e+02 1.045000000000000000e+03 4.610073547363281250e+02
1.242999999999999972e+02 1.291000000000000000e+03 4.610071411132812500e+02
1.246359999999999957e+02 1.150000000000000000e+03 4.610060119628906250e+02
1.249729999999999990e+02 1.306000000000000000e+03 4.610081176757812500e+02
1.253089999999999975e+02 1.168000000000000000e+03 4.610067749023437500e+02
1.256449999999999960e+02 1.133000000000000000e+03 4.610054931640625000e+02
1.259819999999999993e+02 1.149000000000000000e+03 4.610068664550781250e+02
1.263179999999999978e+02 1.350000000000000000e+03 4.610091247558593750e+02
1.266539999999999964e+02 1.163000000000000000e+03 4.610045471191406250e+02
1.269899999999999949e+02 1.202000000000000000e+03 4.610106506347656250e+02
1.273269999999999982e+02 1.119000000000000000e+03 4.610092773437500000e+02
1.276629999999999967e+02 1.584000000000000000e+03 4.610074157714843750e+02
1.280010000000000048e+02 1.357000000000000000e+03 4.610095520019531250e+02
1.283369999999999891e+02 1.056000000000000000e+03 4.610110778808593750e+02
1.286730000000000018e+02 1.258000000000000000e+03 4.610086364746093750e+02
1.290099999999999909e+02 1.241000000000000000e+03 4.610074157714843750e+02
1.293460000000000036e+02 1.031000000000000000e+03 4.610046997070312500e+02
1.296819999999999879e+02 1.245000000000000000e+03 4.610089111328125000e+02
1.300190000000000055e+02 9.810000000000000000e+02 4.610082092285156250e+02
1.303549999999999898e+02 1.203000000000000000e+03 4.610103454589843750e+02
1.306910000000000025e+02 1.123000000000000000e+03 4.610117797851562500e+02
1.310279999999999916e+02 1.346000000000000000e+03 4.610105590820312500e+02
1.313640000000000043e+02 1.303000000000000000e+03 4.610103759765625000e+02
1.316999999999999886e+02 1.316000000000000000e+03 4.610059204101562500e+02
1.320360000000000014e+02 1.288000000000000000e+03 4.610078735351562500e+02
1.323729999999999905e+02 8.890000000000000000e+02 4.610072021484375000e+02
1.327090000000000032e+02 1.436000000000000000e+03 4.610073547363281250e+02
1.330449999999999875e+02 1.159000000000000000e+03 4.610060119628906250e+02
1.333820000000000050e+02 1.119000000000000000e+03 4.610097351074218750e+02
1.337179999999999893e+02 1.301000000000000000e+03 4.610057373046875000e+02
1.340540000000000020e+02 1.164000000000000000e+03 4.610079345703125000e+02
1.343909999999999911e+02 1.117000000000000000e+03 4.610106506347656250e+02
1.347270000000000039e+02 1.191000000000000000e+03 4.610107421875000000e+02
1.350629999999999882e+02 1.410000000000000000e+03 4.610044555664062500e+02
1.354000000000000057e+02 1.078000000000000000e+03 4.610068664550781250e+02
1.357359999999999900e+02 1.011000000000000000e+03 4.610093078613281250e+02
1.360730000000000075e+02 1.204000000000000000e+03 4.610088195800781250e+02
1.364089999999999918e+02 1.242000000000000000e+03 4.610064392089843750e+02
1.367450000000000045e+02 1.707000000000000000e+03 4.610073852539062500e+02
1.370819999999999936e+02 1.392000000000000000e+03 4.610044555664062500e+02
1.374180000000000064e+02 1.192000000000000000e+03 4.610068054199218750e+02
1.377539999999999907e+02 8.910000000000000000e+02 4.610093994140625000e+02
1.380920000000000130e+02 1.344000000000000000e+03 4.610065307617187500e+02
1.384279999999999973e+02 1.380000000000000000e+03 4.610079650878906250e+02
1.387649999999999864e+02 1.453000000000000000e+03 4.610056762695312500e+02
1.391009999999999991e+02 1.272000000000000000e+03 4.610076599121093750e+02
1.394370000000000118e+02 1.123000000000000000e+03 4.610040283203125000e+02
1.397740000000000009e+02 1.226000000000000000e+03 4.610139465332031250e+02
1.401100000000000136e+02 1.354000000000000000e+03 4.610072631835937500e+02
1.404459999999999980e+02 1.251000000000000000e+03 4.610078125000000000e+02
1.407829999999999870e+02 1.298000000000000000e+03 4.610114440917968750e+02
1.411189999999999998e+02 1.108000000000000000e+03 4.610080566406250000e+02
1.414550000000000125e+02 1.108000000000000000e+03 4.610081176757812500e+02
1.417909999999999968e+02 1.181000000000000000e+03 4.610107421875000000e+02
1.421279999999999859e+02 1.005000000000000000e+03 4.610094604492187500e+02
1.424639999999999986e+02 1.431000000000000000e+03 4.610070495605468750e+02
1.428000000000000114e+02 9.980000000000000000e+02 4.610128784179687500e+02
1.431370000000000005e+02 1.161000000000000000e+03 4.610079040527343750e+02
1.434730000000000132e+02 1.120000000000000000e+03 4.610080566406250000e+02
1.438089999999999975e+02 1.232000000000000000e+03 4.610108032226562500e+02
1.441450000000000102e+02 1.292000000000000000e+03 4.610082702636718750e+02
1.444819999999999993e+02 1.072000000000000000e+03 4.610088806152343750e+02
1.448180000000000121e+02 8.250000000000000000e+02 4.610089111328125000e+02
1.451539999999999964e+02 1.276000000000000000e+03 4.610129699707031250e+02
1.454910000000000139e+02 1.185000000000000000e+03 4.610069885253906250e+02
1.458269999999999982e+02 1.364000000000000000e+03 4.610086669921875000e+02
1.461630000000000109e+02 1.220000000000000000e+03 4.610099792480468750e+02
1.465000000000000000e+02 1.037000000000000000e+03 4.610046997070312500e+02
1.468360000000000127e+02 9.200000000000000000e+02 4.610056152343750000e+02
1.471719999999999970e+02 9.880000000000000000e+02 4.610054626464843750e+02
1.475080000000000098e+02 9.380000000000000000e+02 4.610067443847656250e+02
1.478449999999999989e+02 8.790000000000000000e+02 4.610116577148437500e+02
1.481829999999999927e+02 1.008000000000000000e+03 4.610116577148437500e+02
1.485190000000000055e+02 8.150000000000000000e+02 4.610100402832031250e+02
1.488549999999999898e+02 9.330000000000000000e+02 4.610066223144531250e+02
1.491910000000000025e+02 9.940000000000000000e+02 4.610090942382812500e+02
1.495279999999999916e+02 7.900000000000000000e+02 4.610091857910156250e+02
1.498640000000000043e+02 5.740000000000000000e+02 4.610093994140625000e+02
1.501999999999999886e+02 7.230000000000000000e+02 4.610097961425781250e+02
1.505370000000000061e+02 8.660000000000000000e+02 4.610081176757812500e+02
1.508729999999999905e+02 6.570000000000000000e+02 4.610093078613281250e+02
1.512100000000000080e+02 6.630000000000000000e+02 4.610046691894531250e+02
