2.430440000000000111e+02 1.690000000000000000e+02 4.382512817382812500e+02
2.433799999999999955e+02 2.600000000000000000e+02 4.382525939941406250e+02
2.437170000000000130e+02 4.400000000000000000e+02 4.382531127929687500e+02
2.440529999999999973e+02 4.640000000000000000e+02 4.382559204101562500e+02
2.443890000000000100e+02 6.650000000000000000e+02 4.382536926269531250e+02
2.447259999999999991e+02 1.121000000000000000e+03 4.382553405761718750e+02
2.450620000000000118e+02 1.657000000000000000e+03 4.382557067871093750e+02
2.453979999999999961e+02 2.103000000000000000e+03 4.382545776367187500e+02
2.457350000000000136e+02 2.241000000000000000e+03 4.382529602050781250e+02
2.460720000000000027e+02 1.577000000000000000e+03 4.382560424804687500e+02
2.464079999999999870e+02 1.277000000000000000e+03 4.382591552734375000e+02
2.467439999999999998e+02 1.078000000000000000e+03 4.382593688964843750e+02
2.470809999999999889e+02 7.740000000000000000e+02 4.382554016113281250e+02
2.474170000000000016e+02 3.970000000000000000e+02 4.382616577148437500e+02
2.477529999999999859e+02 2.200000000000000000e+02 4.382542114257812500e+02
2.480900000000000034e+02 1.900000000000000000e+02 4.382578430175781250e+02
2.484269999999999925e+02 1.640000000000000000e+02 4.382512512207031250e+02
2.487630000000000052e+02 1.940000000000000000e+02 4.382428894042968750e+02
2.491009999999999991e+02 2.500000000000000000e+02 4.382517089843750000e+02
2.494370000000000118e+02 5.530000000000000000e+02 4.382519226074218750e+02
2.497740000000000009e+02 1.702000000000000000e+03 4.382561035156250000e+02
2.501100000000000136e+02 4.319000000000000000e+03 4.382586975097656250e+02
2.504470000000000027e+02 7.945000000000000000e+03 4.382571716308593750e+02
2.507829999999999870e+02 1.243300000000000000e+04 4.382575378417968750e+02
2.511189999999999998e+02 1.598900000000000000e+04 4.382602539062500000e+02
2.514559999999999889e+02 1.689600000000000000e+04 4.382574462890625000e+02
2.517920000000000016e+02 1.733900000000000000e+04 4.382577514648437500e+02
2.521279999999999859e+02 1.485900000000000000e+04 4.382592163085937500e+02
2.524650000000000034e+02 1.375000000000000000e+04 4.382570800781250000e+02
2.528009999999999877e+02 1.040200000000000000e+04 4.382578735351562500e+02
2.531370000000000005e+02 7.303000000000000000e+03 4.382592773437500000e+02
2.534730000000000132e+02 5.939000000000000000e+03 4.382568664550781250e+02
2.538100000000000023e+02 3.599000000000000000e+03 4.382566223144531250e+02
2.541459999999999866e+02 2.228000000000000000e+03 4.382607727050781250e+02
2.544819999999999993e+02 1.430000000000000000e+03 4.382577209472656250e+02
2.548189999999999884e+02 1.280000000000000000e+03 4.382560119628906250e+02
2.551550000000000011e+02 7.970000000000000000e+02 4.382567749023437500e+02
2.554910000000000139e+02 6.810000000000000000e+02 4.382546081542968750e+02
2.558280000000000030e+02 5.160000000000000000e+02 4.382545471191406250e+02
2.561639999999999873e+02 6.300000000000000000e+02 4.382575073242187500e+02
2.565000000000000000e+02 5.070000000000000000e+02 4.382567749023437500e+02
2.568369999999999891e+02 7.080000000000000000e+02 4.382601013183593750e+02
2.571730000000000018e+02 8.090000000000000000e+02 4.382561645507812500e+02
2.575090000000000146e+02 5.200000000000000000e+02 4.382518615722656250e+02
2.578450000000000273e+02 1.295000000000000000e+03 4.382579956054687500e+02
2.581820000000000164e+02 1.299000000000000000e+03 4.382593994140625000e+02
2.585179999999999723e+02 1.544000000000000000e+03 4.382581787109375000e+02
2.588539999999999850e+02 2.655000000000000000e+03 4.382569885253906250e+02
2.591920000000000073e+02 2.543000000000000000e+03 4.382570495605468750e+02
2.595280000000000200e+02 2.360000000000000000e+03 4.382599182128906250e+02
2.598650000000000091e+02 2.567000000000000000e+03 4.382594299316406250e+02
2.602010000000000218e+02 2.896000000000000000e+03 4.382577209472656250e+02
2.605369999999999777e+02 2.266000000000000000e+03 4.382554931640625000e+02
2.608740000000000236e+02 2.294000000000000000e+03 4.382546691894531250e+02
2.612099999999999795e+02 1.512000000000000000e+03 4.382620544433593750e+02
2.615470000000000255e+02 1.316000000000000000e+03 4.382585144042968750e+02
2.618829999999999814e+02 8.710000000000000000e+02 4.382597961425781250e+02
2.622200000000000273e+02 9.980000000000000000e+02 4.382604370117187500e+02
2.625559999999999832e+02 8.300000000000000000e+02 4.382563171386718750e+02
2.628919999999999959e+02 9.110000000000000000e+02 4.382523803710937500e+02
2.632289999999999850e+02 1.167000000000000000e+03 4.382597656250000000e+02
2.635649999999999977e+02 1.272000000000000000e+03 4.382558593750000000e+02
2.639010000000000105e+02 1.233000000000000000e+03 4.382615966796875000e+02
2.642379999999999995e+02 9.040000000000000000e+02 4.382591552734375000e+02
2.645740000000000123e+02 1.078000000000000000e+03 4.382549438476562500e+02
2.649100000000000250e+02 1.017000000000000000e+03 4.382561645507812500e+02
2.652459999999999809e+02 9.640000000000000000e+02 4.382578430175781250e+02
2.655830000000000268e+02 4.740000000000000000e+02 4.382606506347656250e+02
2.659189999999999827e+02 5.510000000000000000e+02 4.382499389648437500e+02
2.662549999999999955e+02 3.050000000000000000e+02 4.382613525390625000e+02
