4.424199999999999733e+01 7.900000000000000000e+01 4.900246276855468750e+02
4.457900000000000063e+01 1.930000000000000000e+02 4.900104370117187500e+02
4.491499999999999915e+01 2.880000000000000000e+02 4.900172729492187500e+02
4.525099999999999767e+01 8.690000000000000000e+02 4.900140991210937500e+02
4.558700000000000330e+01 6.140000000000000000e+02 4.900192565917968750e+02
4.592399999999999949e+01 1.411000000000000000e+03 4.900135498046875000e+02
4.625999999999999801e+01 1.561000000000000000e+03 4.900149230957031250e+02
4.659599999999999653e+01 1.395000000000000000e+03 4.900151367187500000e+02
4.693299999999999983e+01 1.465000000000000000e+03 4.900161437988281250e+02
4.727100000000000080e+01 1.511000000000000000e+03 4.900193176269531250e+02
4.760699999999999932e+01 1.227000000000000000e+03 4.900175781250000000e+02
4.794299999999999784e+01 1.133000000000000000e+03 4.900164184570312500e+02
4.827900000000000347e+01 8.660000000000000000e+02 4.900143737792968750e+02
4.861599999999999966e+01 5.990000000000000000e+02 4.900158691406250000e+02
4.895199999999999818e+01 7.270000000000000000e+02 4.900157165527343750e+02
4.928799999999999670e+01 4.260000000000000000e+02 4.900208129882812500e+02
4.962500000000000000e+01 3.740000000000000000e+02 4.900101623535156250e+02
4.996099999999999852e+01 3.540000000000000000e+02 4.900190734863281250e+02
5.029699999999999704e+01 2.240000000000000000e+02 4.900105895996093750e+02
5.063400000000000034e+01 2.240000000000000000e+02 4.900158691406250000e+02
5.096999999999999886e+01 1.110000000000000000e+02 4.900301513671875000e+02
5.130599999999999739e+01 1.600000000000000000e+02 4.900298156738281250e+02
5.164300000000000068e+01 2.090000000000000000e+02 4.900074462890625000e+02
5.197899999999999920e+01 1.730000000000000000e+02 4.900092773437500000e+02
