8.384819999999999709e+02 2.800000000000000000e+02 3.241938781738281250e+02
8.388179999999999836e+02 3.820000000000000000e+02 3.241986694335937500e+02
8.391539999999999964e+02 4.760000000000000000e+02 3.241979370117187500e+02
8.394900000000000091e+02 5.040000000000000000e+02 3.242029418945312500e+02
8.398260000000000218e+02 1.040000000000000000e+03 3.241972656250000000e+02
8.401620000000000346e+02 9.760000000000000000e+02 3.241981811523437500e+02
8.404980000000000473e+02 1.385000000000000000e+03 3.241993103027343750e+02
8.408339999999999463e+02 1.293000000000000000e+03 3.241981201171875000e+02
8.411699999999999591e+02 1.442000000000000000e+03 3.241961364746093750e+02
8.415059999999999718e+02 9.100000000000000000e+02 3.241982727050781250e+02
8.418419999999999845e+02 1.295000000000000000e+03 3.241967163085937500e+02
8.421779999999999973e+02 1.166000000000000000e+03 3.241987915039062500e+02
8.425199999999999818e+02 8.880000000000000000e+02 3.241983032226562500e+02
8.428559999999999945e+02 6.850000000000000000e+02 3.241937255859375000e+02
8.431860000000000355e+02 5.390000000000000000e+02 3.241962585449218750e+02
8.435280000000000200e+02 5.630000000000000000e+02 3.241979370117187500e+02
8.438640000000000327e+02 3.550000000000000000e+02 3.241892700195312500e+02
8.442000000000000455e+02 3.890000000000000000e+02 3.241925354003906250e+02
8.445359999999999445e+02 2.990000000000000000e+02 3.241978759765625000e+02
8.448719999999999573e+02 1.610000000000000000e+02 3.241988525390625000e+02
8.452079999999999700e+02 1.700000000000000000e+02 3.241970825195312500e+02
8.455439999999999827e+02 1.310000000000000000e+02 3.241966247558593750e+02
8.458799999999999955e+02 9.500000000000000000e+01 3.241850891113281250e+02
8.462160000000000082e+02 7.200000000000000000e+01 3.241842651367187500e+02
8.465520000000000209e+02 6.800000000000000000e+01 3.242069702148437500e+02
8.468880000000000337e+02 6.000000000000000000e+01 3.241970520019531250e+02
