3.352320000000000277e+02 1.119000000000000000e+03 5.240835571289062500e+02
3.355679999999999836e+02 1.225000000000000000e+03 5.240803833007812500e+02
3.359039999999999964e+02 1.348000000000000000e+03 5.240891113281250000e+02
3.362400000000000091e+02 1.056000000000000000e+03 5.240845947265625000e+02
3.365769999999999982e+02 1.235000000000000000e+03 5.240874023437500000e+02
3.369130000000000109e+02 1.361000000000000000e+03 5.240838623046875000e+02
3.372490000000000236e+02 1.312000000000000000e+03 5.240850219726562500e+02
3.375860000000000127e+02 1.148000000000000000e+03 5.240820312500000000e+02
3.379220000000000255e+02 1.024000000000000000e+03 5.240800170898437500e+02
3.382579999999999814e+02 1.493000000000000000e+03 5.240833129882812500e+02
3.385950000000000273e+02 1.378000000000000000e+03 5.240876464843750000e+02
3.389309999999999832e+02 1.364000000000000000e+03 5.240828247070312500e+02
3.392669999999999959e+02 1.323000000000000000e+03 5.240797119140625000e+02
3.396039999999999850e+02 1.276000000000000000e+03 5.240811157226562500e+02
3.399409999999999741e+02 1.211000000000000000e+03 5.240823364257812500e+02
3.402780000000000200e+02 8.940000000000000000e+02 5.240808715820312500e+02
3.406139999999999759e+02 1.129000000000000000e+03 5.240825805664062500e+02
3.409510000000000218e+02 1.020000000000000000e+03 5.240847778320312500e+02
3.412869999999999777e+02 1.008000000000000000e+03 5.240859985351562500e+02
3.416240000000000236e+02 9.630000000000000000e+02 5.240814819335937500e+02
3.419599999999999795e+02 1.065000000000000000e+03 5.240816650390625000e+02
3.422959999999999923e+02 7.470000000000000000e+02 5.240844116210937500e+02
3.426329999999999814e+02 7.850000000000000000e+02 5.240839843750000000e+02
3.429689999999999941e+02 6.580000000000000000e+02 5.240802001953125000e+02
3.433050000000000068e+02 5.490000000000000000e+02 5.240793457031250000e+02
3.436419999999999959e+02 5.440000000000000000e+02 5.240870361328125000e+02
3.439780000000000086e+02 5.080000000000000000e+02 5.240811157226562500e+02
3.443140000000000214e+02 3.260000000000000000e+02 5.240709228515625000e+02
