3.045200000000000173e+01 7.300000000000000000e+01 8.021341552734375000e+02
3.078800000000000026e+01 2.010000000000000000e+02 8.021549682617187500e+02
3.112500000000000000e+01 4.270000000000000000e+02 8.021404418945312500e+02
3.146099999999999852e+01 6.070000000000000000e+02 8.021398315429687500e+02
3.179700000000000060e+01 9.800000000000000000e+02 8.021461791992187500e+02
3.213400000000000034e+01 1.089000000000000000e+03 8.021430053710937500e+02
3.246999999999999886e+01 1.340000000000000000e+03 8.021373901367187500e+02
3.280599999999999739e+01 9.500000000000000000e+02 8.021503906250000000e+02
3.314200000000000301e+01 9.990000000000000000e+02 8.021457519531250000e+02
3.347899999999999920e+01 9.830000000000000000e+02 8.021475219726562500e+02
3.381499999999999773e+01 9.090000000000000000e+02 8.021433715820312500e+02
3.415100000000000335e+01 8.920000000000000000e+02 8.021458740234375000e+02
3.448799999999999955e+01 9.100000000000000000e+02 8.021457519531250000e+02
3.482399999999999807e+01 6.290000000000000000e+02 8.021433715820312500e+02
3.515999999999999659e+01 6.630000000000000000e+02 8.021406250000000000e+02
3.549699999999999989e+01 6.300000000000000000e+02 8.021468505859375000e+02
3.583299999999999841e+01 5.170000000000000000e+02 8.021505126953125000e+02
3.616899999999999693e+01 3.070000000000000000e+02 8.021347656250000000e+02
3.650500000000000256e+01 3.650000000000000000e+02 8.021339721679687500e+02
3.684199999999999875e+01 4.550000000000000000e+02 8.021353149414062500e+02
3.717999999999999972e+01 2.300000000000000000e+02 8.021439819335937500e+02
3.751599999999999824e+01 1.760000000000000000e+02 8.021370849609375000e+02
3.785199999999999676e+01 1.200000000000000000e+02 8.021485595703125000e+02
