1.242600000000000051e+02 2.739000000000000000e+03 6.160784912109375000e+02
1.245960000000000036e+02 2.464000000000000000e+03 6.160759277343750000e+02
1.249320000000000022e+02 2.276000000000000000e+03 6.160765991210937500e+02
1.252690000000000055e+02 2.397000000000000000e+03 6.160852050781250000e+02
1.256050000000000040e+02 2.514000000000000000e+03 6.160761718750000000e+02
1.259410000000000025e+02 2.105000000000000000e+03 6.160736083984375000e+02
1.262770000000000010e+02 2.172000000000000000e+03 6.160780029296875000e+02
1.266140000000000043e+02 2.230000000000000000e+03 6.160761108398437500e+02
1.269500000000000028e+02 2.403000000000000000e+03 6.160815429687500000e+02
1.272860000000000014e+02 2.366000000000000000e+03 6.160782470703125000e+02
1.276230000000000047e+02 2.208000000000000000e+03 6.160769042968750000e+02
1.279590000000000032e+02 2.240000000000000000e+03 6.160803833007812500e+02
1.282949999999999875e+02 2.096000000000000000e+03 6.160800170898437500e+02
1.286320000000000050e+02 2.384000000000000000e+03 6.160772094726562500e+02
1.289679999999999893e+02 2.104000000000000000e+03 6.160775146484375000e+02
1.293040000000000020e+02 1.753000000000000000e+03 6.160778198242187500e+02
1.296430000000000007e+02 2.188000000000000000e+03 6.160769653320312500e+02
1.299790000000000134e+02 1.864000000000000000e+03 6.160762939453125000e+02
1.303160000000000025e+02 1.784000000000000000e+03 6.160778198242187500e+02
1.306519999999999868e+02 1.763000000000000000e+03 6.160742187500000000e+02
1.309879999999999995e+02 2.115000000000000000e+03 6.160816040039062500e+02
1.313240000000000123e+02 1.998000000000000000e+03 6.160770874023437500e+02
1.316610000000000014e+02 1.875000000000000000e+03 6.160765991210937500e+02
1.319970000000000141e+02 1.997000000000000000e+03 6.160781250000000000e+02
1.323329999999999984e+02 1.899000000000000000e+03 6.160787353515625000e+02
1.326699999999999875e+02 2.114000000000000000e+03 6.160773315429687500e+02
1.330060000000000002e+02 1.950000000000000000e+03 6.160813598632812500e+02
1.333420000000000130e+02 2.101000000000000000e+03 6.160774536132812500e+02
1.336790000000000020e+02 2.061000000000000000e+03 6.160745239257812500e+02
1.340149999999999864e+02 1.710000000000000000e+03 6.160787353515625000e+02
1.343509999999999991e+02 1.695000000000000000e+03 6.160838012695312500e+02
1.346870000000000118e+02 1.663000000000000000e+03 6.160745239257812500e+02
1.350240000000000009e+02 1.723000000000000000e+03 6.160798339843750000e+02
1.353600000000000136e+02 1.638000000000000000e+03 6.160759887695312500e+02
1.356959999999999980e+02 1.467000000000000000e+03 6.160808105468750000e+02
1.360329999999999870e+02 1.746000000000000000e+03 6.160764770507812500e+02
1.363689999999999998e+02 1.605000000000000000e+03 6.160723266601562500e+02
1.367059999999999889e+02 1.543000000000000000e+03 6.160733032226562500e+02
1.370420000000000016e+02 1.294000000000000000e+03 6.160729980468750000e+02
1.373779999999999859e+02 1.407000000000000000e+03 6.160839843750000000e+02
1.377150000000000034e+02 1.514000000000000000e+03 6.160738525390625000e+02
1.380509999999999877e+02 1.391000000000000000e+03 6.160788574218750000e+02
1.383870000000000005e+02 1.055000000000000000e+03 6.160735473632812500e+02
1.387239999999999895e+02 9.400000000000000000e+02 6.160780029296875000e+02
1.390600000000000023e+02 1.267000000000000000e+03 6.160730590820312500e+02
1.393959999999999866e+02 1.243000000000000000e+03 6.160800170898437500e+02
1.397340000000000089e+02 1.064000000000000000e+03 6.160731201171875000e+02
1.400709999999999980e+02 9.260000000000000000e+02 6.160721435546875000e+02
1.404070000000000107e+02 1.096000000000000000e+03 6.160714111328125000e+02
1.407429999999999950e+02 1.004000000000000000e+03 6.160808105468750000e+02
1.410800000000000125e+02 1.071000000000000000e+03 6.160780029296875000e+02
1.414159999999999968e+02 9.630000000000000000e+02 6.160729370117187500e+02
1.417520000000000095e+02 8.780000000000000000e+02 6.160784912109375000e+02
1.420879999999999939e+02 9.520000000000000000e+02 6.160786132812500000e+02
1.424250000000000114e+02 1.023000000000000000e+03 6.160814208984375000e+02
1.427609999999999957e+02 8.890000000000000000e+02 6.160802612304687500e+02
1.430970000000000084e+02 7.790000000000000000e+02 6.160722045898437500e+02
1.434339999999999975e+02 7.550000000000000000e+02 6.160764770507812500e+02
1.437700000000000102e+02 5.770000000000000000e+02 6.160761108398437500e+02
1.441059999999999945e+02 6.410000000000000000e+02 6.160720825195312500e+02
1.444430000000000121e+02 6.240000000000000000e+02 6.160747070312500000e+02
1.447789999999999964e+02 5.610000000000000000e+02 6.160741577148437500e+02
1.451160000000000139e+02 5.420000000000000000e+02 6.160760498046875000e+02
1.454519999999999982e+02 4.310000000000000000e+02 6.160753784179687500e+02
1.457889999999999873e+02 3.050000000000000000e+02 6.160753173828125000e+02
1.461250000000000000e+02 5.090000000000000000e+02 6.160731201171875000e+02
1.464610000000000127e+02 3.740000000000000000e+02 6.160745239257812500e+02
1.467980000000000018e+02 3.370000000000000000e+02 6.160791015625000000e+02
1.471339999999999861e+02 2.330000000000000000e+02 6.160728759765625000e+02
1.474699999999999989e+02 2.540000000000000000e+02 6.160707397460937500e+02
1.478069999999999879e+02 1.810000000000000000e+02 6.160775146484375000e+02
