6.389579999999999700e+02 8.400000000000000000e+01 3.382594604492187500e+02
6.392939999999999827e+02 9.700000000000000000e+01 3.382762756347656250e+02
6.396299999999999955e+02 7.500000000000000000e+01 3.382809143066406250e+02
6.399660000000000082e+02 1.130000000000000000e+02 3.382755126953125000e+02
6.403020000000000209e+02 1.890000000000000000e+02 3.382737731933593750e+02
6.406380000000000337e+02 2.330000000000000000e+02 3.382770385742187500e+02
6.409740000000000464e+02 2.470000000000000000e+02 3.382747497558593750e+02
6.413099999999999454e+02 3.930000000000000000e+02 3.382734985351562500e+02
6.416459999999999582e+02 5.080000000000000000e+02 3.382733764648437500e+02
6.419819999999999709e+02 5.240000000000000000e+02 3.382708740234375000e+02
6.423179999999999836e+02 5.940000000000000000e+02 3.382764282226562500e+02
6.426539999999999964e+02 8.590000000000000000e+02 3.382724914550781250e+02
6.429900000000000091e+02 7.490000000000000000e+02 3.382724914550781250e+02
6.433260000000000218e+02 9.470000000000000000e+02 3.382727661132812500e+02
6.436620000000000346e+02 1.059000000000000000e+03 3.382746887207031250e+02
6.440040000000000191e+02 1.204000000000000000e+03 3.382737121582031250e+02
6.443400000000000318e+02 9.810000000000000000e+02 3.382751464843750000e+02
6.446760000000000446e+02 9.900000000000000000e+02 3.382723388671875000e+02
6.450119999999999436e+02 1.115000000000000000e+03 3.382730407714843750e+02
6.453479999999999563e+02 8.530000000000000000e+02 3.382745666503906250e+02
6.456839999999999691e+02 7.700000000000000000e+02 3.382704772949218750e+02
6.460199999999999818e+02 6.010000000000000000e+02 3.382719421386718750e+02
6.463559999999999945e+02 4.190000000000000000e+02 3.382729797363281250e+02
6.466920000000000073e+02 3.800000000000000000e+02 3.382738342285156250e+02
6.470280000000000200e+02 2.190000000000000000e+02 3.382717895507812500e+02
6.473640000000000327e+02 2.420000000000000000e+02 3.382703552246093750e+02
6.477000000000000455e+02 2.040000000000000000e+02 3.382714538574218750e+02
6.480359999999999445e+02 2.230000000000000000e+02 3.382723693847656250e+02
6.483780000000000427e+02 9.800000000000000000e+01 3.382923889160156250e+02
6.487140000000000555e+02 1.830000000000000000e+02 3.382706298828125000e+02
