3.227440000000000282e+02 4.860000000000000000e+02 7.813191528320312500e+02
3.230799999999999841e+02 7.470000000000000000e+02 7.813129882812500000e+02
3.234159999999999968e+02 9.120000000000000000e+02 7.813162841796875000e+02
3.237520000000000095e+02 9.590000000000000000e+02 7.813209228515625000e+02
3.240889999999999986e+02 9.820000000000000000e+02 7.813269042968750000e+02
3.244250000000000114e+02 9.450000000000000000e+02 7.813230590820312500e+02
3.247610000000000241e+02 1.090000000000000000e+03 7.813140258789062500e+02
3.250980000000000132e+02 1.072000000000000000e+03 7.813289794921875000e+02
3.254340000000000259e+02 7.430000000000000000e+02 7.813308105468750000e+02
3.257699999999999818e+02 7.660000000000000000e+02 7.813252563476562500e+02
3.261070000000000277e+02 5.110000000000000000e+02 7.813188476562500000e+02
3.264429999999999836e+02 4.890000000000000000e+02 7.813190307617187500e+02
3.267789999999999964e+02 2.120000000000000000e+02 7.813137817382812500e+02
3.271150000000000091e+02 2.340000000000000000e+02 7.813274536132812500e+02
3.274519999999999982e+02 1.460000000000000000e+02 7.813281250000000000e+02
