8.465040000000000191e+02 3.800000000000000000e+01 2.572449951171875000e+02
8.468400000000000318e+02 1.150000000000000000e+02 2.572465820312500000e+02
8.471760000000000446e+02 5.200000000000000000e+01 2.572448120117187500e+02
8.475119999999999436e+02 6.200000000000000000e+01 2.572564697265625000e+02
8.478479999999999563e+02 8.200000000000000000e+01 2.572521057128906250e+02
8.481839999999999691e+02 1.140000000000000000e+02 2.572420654296875000e+02
8.485199999999999818e+02 1.070000000000000000e+02 2.572504272460937500e+02
8.488559999999999945e+02 2.480000000000000000e+02 2.572628479003906250e+02
8.491920000000000073e+02 2.680000000000000000e+02 2.572564697265625000e+02
8.495280000000000200e+02 4.710000000000000000e+02 2.572610473632812500e+02
8.498640000000000327e+02 4.960000000000000000e+02 2.572603149414062500e+02
8.502060000000000173e+02 7.570000000000000000e+02 2.572605590820312500e+02
8.505359999999999445e+02 7.810000000000000000e+02 2.572579956054687500e+02
8.508780000000000427e+02 7.250000000000000000e+02 2.572611083984375000e+02
8.512140000000000555e+02 8.180000000000000000e+02 2.572633972167968750e+02
8.515499999999999545e+02 7.950000000000000000e+02 2.572592468261718750e+02
8.518859999999999673e+02 1.024000000000000000e+03 2.572618103027343750e+02
8.522219999999999800e+02 5.770000000000000000e+02 2.572591552734375000e+02
8.525579999999999927e+02 6.320000000000000000e+02 2.572632141113281250e+02
8.528940000000000055e+02 5.680000000000000000e+02 2.572591247558593750e+02
8.532300000000000182e+02 6.080000000000000000e+02 2.572613220214843750e+02
8.535660000000000309e+02 3.830000000000000000e+02 2.572574462890625000e+02
8.539020000000000437e+02 1.740000000000000000e+02 2.572615051269531250e+02
8.542380000000000564e+02 2.670000000000000000e+02 2.572555236816406250e+02
8.545739999999999554e+02 9.600000000000000000e+01 2.572565612792968750e+02
8.549099999999999682e+02 1.540000000000000000e+02 2.572587890625000000e+02
8.552459999999999809e+02 1.660000000000000000e+02 2.572537231445312500e+02
8.555879999999999654e+02 1.090000000000000000e+02 2.572497558593750000e+02
8.559239999999999782e+02 6.800000000000000000e+01 2.572509460449218750e+02
