2.716039999999999850e+02 2.240000000000000000e+02 2.600496826171875000e+02
2.719399999999999977e+02 3.010000000000000000e+02 2.600501098632812500e+02
2.722760000000000105e+02 4.170000000000000000e+02 2.600454711914062500e+02
2.726129999999999995e+02 2.710000000000000000e+02 2.600526733398437500e+02
2.729490000000000123e+02 4.720000000000000000e+02 2.600467834472656250e+02
2.732850000000000250e+02 4.280000000000000000e+02 2.600453186035156250e+02
2.736220000000000141e+02 2.380000000000000000e+02 2.600477294921875000e+02
2.739580000000000268e+02 1.770000000000000000e+02 2.600446472167968750e+02
2.742939999999999827e+02 2.430000000000000000e+02 2.600511779785156250e+02
2.746309999999999718e+02 2.480000000000000000e+02 2.600510559082031250e+02
2.749669999999999845e+02 1.680000000000000000e+02 2.600480651855468750e+02
2.753029999999999973e+02 4.370000000000000000e+02 2.600549926757812500e+02
2.756390000000000100e+02 4.050000000000000000e+02 2.600487670898437500e+02
2.759759999999999991e+02 3.660000000000000000e+02 2.600516662597656250e+02
2.763120000000000118e+02 5.860000000000000000e+02 2.600598144531250000e+02
2.766480000000000246e+02 3.790000000000000000e+02 2.600514831542968750e+02
2.769850000000000136e+02 5.780000000000000000e+02 2.600534362792968750e+02
2.773210000000000264e+02 4.780000000000000000e+02 2.600541381835937500e+02
2.776569999999999823e+02 8.140000000000000000e+02 2.600577087402343750e+02
2.779940000000000282e+02 6.300000000000000000e+02 2.600508422851562500e+02
2.783299999999999841e+02 9.570000000000000000e+02 2.600565795898437500e+02
2.786659999999999968e+02 8.160000000000000000e+02 2.600562438964843750e+02
2.790020000000000095e+02 6.550000000000000000e+02 2.600541076660156250e+02
2.793389999999999986e+02 7.300000000000000000e+02 2.600536804199218750e+02
2.796750000000000114e+02 7.220000000000000000e+02 2.600497741699218750e+02
2.800110000000000241e+02 9.540000000000000000e+02 2.600541687011718750e+02
2.803480000000000132e+02 9.700000000000000000e+02 2.600516052246093750e+02
2.806840000000000259e+02 7.940000000000000000e+02 2.600554809570312500e+02
2.810219999999999914e+02 8.480000000000000000e+02 2.600549011230468750e+02
2.813580000000000041e+02 5.610000000000000000e+02 2.600524597167968750e+02
2.816940000000000168e+02 7.990000000000000000e+02 2.600580444335937500e+02
2.820310000000000059e+02 7.080000000000000000e+02 2.600571899414062500e+02
2.823670000000000186e+02 8.470000000000000000e+02 2.600542297363281250e+02
2.827029999999999745e+02 8.140000000000000000e+02 2.600555725097656250e+02
2.830400000000000205e+02 6.900000000000000000e+02 2.600510253906250000e+02
2.833759999999999764e+02 4.840000000000000000e+02 2.600553283691406250e+02
2.837119999999999891e+02 5.160000000000000000e+02 2.600630187988281250e+02
2.840480000000000018e+02 6.510000000000000000e+02 2.600527343750000000e+02
2.843849999999999909e+02 4.640000000000000000e+02 2.600561523437500000e+02
2.847210000000000036e+02 4.300000000000000000e+02 2.600536193847656250e+02
2.850570000000000164e+02 5.130000000000000000e+02 2.600552978515625000e+02
2.853940000000000055e+02 2.890000000000000000e+02 2.600516357421875000e+02
2.857300000000000182e+02 2.140000000000000000e+02 2.600675354003906250e+02
2.860659999999999741e+02 1.350000000000000000e+02 2.600513305664062500e+02
2.864030000000000200e+02 1.830000000000000000e+02 2.600564270019531250e+02
2.867389999999999759e+02 1.410000000000000000e+02 2.600645751953125000e+02
2.870760000000000218e+02 8.400000000000000000e+01 2.600550842285156250e+02
