8.280000000000000000e+02 1.060000000000000000e+02 2.952041320800781250e+02
8.283360000000000127e+02 1.200000000000000000e+02 2.952067871093750000e+02
8.286779999999999973e+02 1.090000000000000000e+02 2.952271728515625000e+02
8.290080000000000382e+02 1.590000000000000000e+02 2.952008972167968750e+02
8.293500000000000227e+02 3.910000000000000000e+02 2.952202453613281250e+02
8.296860000000000355e+02 5.020000000000000000e+02 2.952193908691406250e+02
8.300220000000000482e+02 6.020000000000000000e+02 2.952204589843750000e+02
8.303579999999999472e+02 8.230000000000000000e+02 2.952221374511718750e+02
8.306939999999999600e+02 7.570000000000000000e+02 2.952168579101562500e+02
8.310299999999999727e+02 7.230000000000000000e+02 2.952200317382812500e+02
8.313659999999999854e+02 9.610000000000000000e+02 2.952200012207031250e+02
8.317019999999999982e+02 8.130000000000000000e+02 2.952183227539062500e+02
8.320380000000000109e+02 6.260000000000000000e+02 2.952178039550781250e+02
8.323740000000000236e+02 9.350000000000000000e+02 2.952200012207031250e+02
8.327100000000000364e+02 7.470000000000000000e+02 2.952189025878906250e+02
8.330460000000000491e+02 6.660000000000000000e+02 2.952165222167968750e+02
8.333819999999999482e+02 6.610000000000000000e+02 2.952189636230468750e+02
8.337179999999999609e+02 3.740000000000000000e+02 2.952187805175781250e+02
8.340539999999999736e+02 5.220000000000000000e+02 2.952186584472656250e+02
8.343899999999999864e+02 4.430000000000000000e+02 2.952189331054687500e+02
8.347259999999999991e+02 4.260000000000000000e+02 2.952175598144531250e+02
8.350620000000000118e+02 2.530000000000000000e+02 2.952088012695312500e+02
8.354039999999999964e+02 3.500000000000000000e+02 2.952180175781250000e+02
8.357340000000000373e+02 3.890000000000000000e+02 2.952156372070312500e+02
8.360760000000000218e+02 3.490000000000000000e+02 2.952127380371093750e+02
8.364120000000000346e+02 2.620000000000000000e+02 2.952193908691406250e+02
8.367480000000000473e+02 2.860000000000000000e+02 2.952139282226562500e+02
8.370839999999999463e+02 2.380000000000000000e+02 2.952141418457031250e+02
