4.285499999999999687e+01 1.610000000000000000e+02 1.680453491210937500e+02
4.319200000000000017e+01 3.780000000000000000e+02 1.680447387695312500e+02
4.352799999999999869e+01 3.790000000000000000e+02 1.680366973876953125e+02
4.386399999999999721e+01 2.370000000000000000e+02 1.680479431152343750e+02
4.420100000000000051e+01 3.740000000000000000e+02 1.680426635742187500e+02
4.453699999999999903e+01 4.710000000000000000e+02 1.680480804443359375e+02
4.487299999999999756e+01 6.240000000000000000e+02 1.680438995361328125e+02
4.520900000000000318e+01 8.180000000000000000e+02 1.680418853759765625e+02
4.554599999999999937e+01 5.020000000000000000e+02 1.680455017089843750e+02
4.588199999999999790e+01 5.680000000000000000e+02 1.680381774902343750e+02
4.621800000000000352e+01 3.130000000000000000e+02 1.680419921875000000e+02
4.655499999999999972e+01 3.760000000000000000e+02 1.680421142578125000e+02
4.689099999999999824e+01 2.590000000000000000e+02 1.680361938476562500e+02
4.722699999999999676e+01 1.920000000000000000e+02 1.680384063720703125e+02
4.756300000000000239e+01 1.040000000000000000e+02 1.680513610839843750e+02
4.789999999999999858e+01 1.790000000000000000e+02 1.680445709228515625e+02
4.823599999999999710e+01 9.700000000000000000e+01 1.680500488281250000e+02
