2.258509999999999991e+02 1.750000000000000000e+02 3.981850891113281250e+02
2.261870000000000118e+02 3.450000000000000000e+02 3.981781311035156250e+02
2.265229999999999961e+02 3.250000000000000000e+02 3.981942443847656250e+02
2.268600000000000136e+02 2.840000000000000000e+02 3.981831359863281250e+02
2.271959999999999980e+02 3.980000000000000000e+02 3.981926269531250000e+02
2.275320000000000107e+02 4.650000000000000000e+02 3.981997070312500000e+02
2.278679999999999950e+02 4.490000000000000000e+02 3.981940002441406250e+02
2.282050000000000125e+02 5.500000000000000000e+02 3.981928710937500000e+02
2.285409999999999968e+02 3.980000000000000000e+02 3.981932983398437500e+02
2.288770000000000095e+02 5.320000000000000000e+02 3.981865539550781250e+02
2.292170000000000130e+02 4.280000000000000000e+02 3.981918945312500000e+02
2.295529999999999973e+02 5.430000000000000000e+02 3.981968688964843750e+02
2.298890000000000100e+02 5.570000000000000000e+02 3.981893005371093750e+02
2.302259999999999991e+02 4.830000000000000000e+02 3.981964721679687500e+02
2.305639999999999930e+02 5.130000000000000000e+02 3.981944885253906250e+02
2.309000000000000057e+02 7.710000000000000000e+02 3.981931152343750000e+02
2.312359999999999900e+02 8.080000000000000000e+02 3.981897888183593750e+02
2.315730000000000075e+02 6.590000000000000000e+02 3.981909179687500000e+02
2.319089999999999918e+02 6.270000000000000000e+02 3.981907043457031250e+02
2.322450000000000045e+02 5.910000000000000000e+02 3.981860046386718750e+02
2.325819999999999936e+02 7.420000000000000000e+02 3.981904602050781250e+02
2.329180000000000064e+02 5.930000000000000000e+02 3.981950073242187500e+02
2.332549999999999955e+02 7.310000000000000000e+02 3.981925354003906250e+02
2.335920000000000130e+02 8.110000000000000000e+02 3.981963806152343750e+02
2.339279999999999973e+02 4.840000000000000000e+02 3.981856384277343750e+02
2.342640000000000100e+02 4.700000000000000000e+02 3.981933898925781250e+02
2.346009999999999991e+02 5.370000000000000000e+02 3.981911315917968750e+02
2.349370000000000118e+02 4.840000000000000000e+02 3.981854553222656250e+02
2.352729999999999961e+02 4.880000000000000000e+02 3.981903686523437500e+02
2.356090000000000089e+02 5.680000000000000000e+02 3.981884460449218750e+02
2.359459999999999980e+02 5.470000000000000000e+02 3.981930847167968750e+02
2.362820000000000107e+02 4.420000000000000000e+02 3.981843872070312500e+02
2.366179999999999950e+02 4.000000000000000000e+02 3.981907043457031250e+02
2.369550000000000125e+02 5.400000000000000000e+02 3.981915893554687500e+02
2.372909999999999968e+02 4.550000000000000000e+02 3.981880798339843750e+02
2.376270000000000095e+02 4.040000000000000000e+02 3.981888732910156250e+02
2.379639999999999986e+02 4.880000000000000000e+02 3.981893920898437500e+02
2.383000000000000114e+02 3.420000000000000000e+02 3.981888732910156250e+02
2.386359999999999957e+02 3.570000000000000000e+02 3.981900939941406250e+02
2.389730000000000132e+02 3.240000000000000000e+02 3.981928710937500000e+02
2.393089999999999975e+02 3.360000000000000000e+02 3.981908264160156250e+02
2.396459999999999866e+02 3.010000000000000000e+02 3.981917419433593750e+02
2.399819999999999993e+02 1.460000000000000000e+02 3.981766357421875000e+02
2.403189999999999884e+02 1.010000000000000000e+02 3.981915588378906250e+02
2.406570000000000107e+02 2.660000000000000000e+02 3.981919860839843750e+02
2.409929999999999950e+02 1.250000000000000000e+02 3.981918334960937500e+02
2.413290000000000077e+02 1.290000000000000000e+02 3.981922302246093750e+02
2.416649999999999920e+02 1.160000000000000000e+02 3.982095031738281250e+02
2.420020000000000095e+02 1.040000000000000000e+02 3.982131652832031250e+02
