5.528390000000000555e+02 2.140000000000000000e+02 4.902808227539062500e+02
5.531749999999999545e+02 2.100000000000000000e+02 4.902922668457031250e+02
5.535130000000000337e+02 2.860000000000000000e+02 4.902856750488281250e+02
5.538490000000000464e+02 5.840000000000000000e+02 4.902817382812500000e+02
5.541860000000000355e+02 5.410000000000000000e+02 4.902877807617187500e+02
5.545220000000000482e+02 6.440000000000000000e+02 4.902857360839843750e+02
5.548590000000000373e+02 7.320000000000000000e+02 4.902846984863281250e+02
5.551950000000000500e+02 7.470000000000000000e+02 4.902796936035156250e+02
5.555320000000000391e+02 8.070000000000000000e+02 4.902859802246093750e+02
5.558680000000000518e+02 6.000000000000000000e+02 4.902856445312500000e+02
5.562039999999999509e+02 6.360000000000000000e+02 4.902854919433593750e+02
5.565410000000000537e+02 5.250000000000000000e+02 4.902889404296875000e+02
5.568769999999999527e+02 3.890000000000000000e+02 4.902824096679687500e+02
5.572160000000000082e+02 2.470000000000000000e+02 4.902787475585937500e+02
5.575520000000000209e+02 2.010000000000000000e+02 4.902767639160156250e+02
5.578890000000000100e+02 2.040000000000000000e+02 4.902876892089843750e+02
5.582250000000000227e+02 3.140000000000000000e+02 4.902826538085937500e+02
5.585610000000000355e+02 1.960000000000000000e+02 4.902809753417968750e+02
5.588980000000000246e+02 7.000000000000000000e+01 4.902933349609375000e+02
