9.511200000000000045e+02 5.730000000000000000e+02 7.875895996093750000e+02
9.514560000000000173e+02 4.430000000000000000e+02 7.875867919921875000e+02
9.517920000000000300e+02 6.060000000000000000e+02 7.875983886718750000e+02
9.521280000000000427e+02 5.980000000000000000e+02 7.875903930664062500e+02
9.524640000000000555e+02 5.570000000000000000e+02 7.875979614257812500e+02
9.527999999999999545e+02 5.260000000000000000e+02 7.875904541015625000e+02
9.531359999999999673e+02 4.770000000000000000e+02 7.875951538085937500e+02
9.534719999999999800e+02 5.300000000000000000e+02 7.875955810546875000e+02
9.538079999999999927e+02 5.760000000000000000e+02 7.875906982421875000e+02
9.541440000000000055e+02 3.910000000000000000e+02 7.875933837890625000e+02
9.544800000000000182e+02 5.350000000000000000e+02 7.875858764648437500e+02
9.548160000000000309e+02 4.670000000000000000e+02 7.875944213867187500e+02
9.551520000000000437e+02 6.410000000000000000e+02 7.875987548828125000e+02
9.554880000000000564e+02 4.780000000000000000e+02 7.875883178710937500e+02
9.558239999999999554e+02 5.220000000000000000e+02 7.875968627929687500e+02
9.561599999999999682e+02 5.720000000000000000e+02 7.875874023437500000e+02
9.565019999999999527e+02 5.830000000000000000e+02 7.875900878906250000e+02
9.568379999999999654e+02 5.090000000000000000e+02 7.875922241210937500e+02
9.571739999999999782e+02 6.480000000000000000e+02 7.875863037109375000e+02
9.575099999999999909e+02 5.600000000000000000e+02 7.875980224609375000e+02
9.578460000000000036e+02 4.720000000000000000e+02 7.875849609375000000e+02
9.581820000000000164e+02 5.820000000000000000e+02 7.875980224609375000e+02
9.585180000000000291e+02 5.790000000000000000e+02 7.875883789062500000e+02
9.588540000000000418e+02 5.370000000000000000e+02 7.875882568359375000e+02
9.591900000000000546e+02 6.440000000000000000e+02 7.875842285156250000e+02
9.595259999999999536e+02 5.320000000000000000e+02 7.875888671875000000e+02
9.598619999999999663e+02 5.270000000000000000e+02 7.875930175781250000e+02
9.601979999999999791e+02 6.210000000000000000e+02 7.875897216796875000e+02
9.605339999999999918e+02 5.580000000000000000e+02 7.875954589843750000e+02
9.608700000000000045e+02 5.060000000000000000e+02 7.875932006835937500e+02
9.612060000000000173e+02 6.690000000000000000e+02 7.875905761718750000e+02
9.615480000000000018e+02 5.330000000000000000e+02 7.875884399414062500e+02
9.618840000000000146e+02 5.830000000000000000e+02 7.875924682617187500e+02
9.622200000000000273e+02 7.000000000000000000e+02 7.875879516601562500e+02
9.625560000000000400e+02 5.840000000000000000e+02 7.875988769531250000e+02
9.628920000000000528e+02 5.480000000000000000e+02 7.875846557617187500e+02
9.632279999999999518e+02 6.760000000000000000e+02 7.875951538085937500e+02
9.635639999999999645e+02 5.530000000000000000e+02 7.875880126953125000e+02
9.638999999999999773e+02 6.410000000000000000e+02 7.875797729492187500e+02
9.642359999999999900e+02 7.230000000000000000e+02 7.875831909179687500e+02
9.645720000000000027e+02 7.050000000000000000e+02 7.875876464843750000e+02
9.649080000000000155e+02 5.290000000000000000e+02 7.875928955078125000e+02
9.652440000000000282e+02 6.980000000000000000e+02 7.875795288085937500e+02
9.655800000000000409e+02 6.620000000000000000e+02 7.875886230468750000e+02
9.659160000000000537e+02 7.950000000000000000e+02 7.875882568359375000e+02
9.662519999999999527e+02 6.210000000000000000e+02 7.875858154296875000e+02
9.665879999999999654e+02 5.390000000000000000e+02 7.875892944335937500e+02
9.669239999999999782e+02 6.000000000000000000e+02 7.875973510742187500e+02
9.672659999999999627e+02 6.250000000000000000e+02 7.875905761718750000e+02
9.676019999999999754e+02 5.300000000000000000e+02 7.875866088867187500e+02
9.679379999999999882e+02 6.160000000000000000e+02 7.875846557617187500e+02
9.682740000000000009e+02 7.540000000000000000e+02 7.875899047851562500e+02
9.686100000000000136e+02 6.780000000000000000e+02 7.875855712890625000e+02
9.689460000000000264e+02 7.690000000000000000e+02 7.876013183593750000e+02
9.692820000000000391e+02 6.700000000000000000e+02 7.875942993164062500e+02
9.696180000000000518e+02 6.950000000000000000e+02 7.875927734375000000e+02
9.699539999999999509e+02 5.450000000000000000e+02 7.875975952148437500e+02
9.702899999999999636e+02 6.210000000000000000e+02 7.875906372070312500e+02
9.706259999999999764e+02 6.290000000000000000e+02 7.875929565429687500e+02
9.709619999999999891e+02 8.140000000000000000e+02 7.875916748046875000e+02
9.712980000000000018e+02 5.720000000000000000e+02 7.875957031250000000e+02
9.716340000000000146e+02 5.360000000000000000e+02 7.875919189453125000e+02
9.719759999999999991e+02 6.800000000000000000e+02 7.875950317382812500e+02
9.723120000000000118e+02 6.600000000000000000e+02 7.875836791992187500e+02
9.726480000000000246e+02 6.030000000000000000e+02 7.875944213867187500e+02
9.729840000000000373e+02 7.430000000000000000e+02 7.875854492187500000e+02
9.733200000000000500e+02 6.400000000000000000e+02 7.875932617187500000e+02
9.736559999999999491e+02 7.200000000000000000e+02 7.875892944335937500e+02
9.739919999999999618e+02 6.160000000000000000e+02 7.875911254882812500e+02
9.743279999999999745e+02 6.820000000000000000e+02 7.875906372070312500e+02
9.746639999999999873e+02 7.680000000000000000e+02 7.875852050781250000e+02
9.750000000000000000e+02 6.500000000000000000e+02 7.875971069335937500e+02
9.753360000000000127e+02 6.360000000000000000e+02 7.875944824218750000e+02
9.756720000000000255e+02 7.700000000000000000e+02 7.875954589843750000e+02
9.760080000000000382e+02 7.200000000000000000e+02 7.875928955078125000e+02
9.763440000000000509e+02 6.400000000000000000e+02 7.875889892578125000e+02
