3.059119999999999777e+02 9.200000000000000000e+01 5.891580810546875000e+02
3.062490000000000236e+02 1.690000000000000000e+02 5.891500854492187500e+02
3.065849999999999795e+02 3.290000000000000000e+02 5.891475219726562500e+02
3.069209999999999923e+02 4.320000000000000000e+02 5.891432495117187500e+02
3.072579999999999814e+02 4.130000000000000000e+02 5.891494750976562500e+02
3.075939999999999941e+02 6.330000000000000000e+02 5.891447143554687500e+02
3.079300000000000068e+02 7.820000000000000000e+02 5.891439208984375000e+02
3.082669999999999959e+02 6.240000000000000000e+02 5.891454467773437500e+02
3.086030000000000086e+02 3.330000000000000000e+02 5.891428833007812500e+02
3.089390000000000214e+02 4.920000000000000000e+02 5.891520385742187500e+02
3.092760000000000105e+02 3.340000000000000000e+02 5.891523437500000000e+02
3.096129999999999995e+02 3.450000000000000000e+02 5.891510009765625000e+02
3.099490000000000123e+02 3.310000000000000000e+02 5.891463623046875000e+02
