4.285499999999999687e+01 1.690000000000000000e+02 3.131151123046875000e+02
4.319200000000000017e+01 4.190000000000000000e+02 3.131084899902343750e+02
4.352799999999999869e+01 7.360000000000000000e+02 3.131127319335937500e+02
4.386399999999999721e+01 5.880000000000000000e+02 3.131110229492187500e+02
4.420100000000000051e+01 8.880000000000000000e+02 3.131030273437500000e+02
4.453699999999999903e+01 4.020000000000000000e+02 3.131090087890625000e+02
4.487299999999999756e+01 4.930000000000000000e+02 3.131084899902343750e+02
4.520900000000000318e+01 2.200000000000000000e+02 3.131106567382812500e+02
4.554599999999999937e+01 1.830000000000000000e+02 3.131134033203125000e+02
4.588199999999999790e+01 2.170000000000000000e+02 3.131067504882812500e+02
4.621800000000000352e+01 1.500000000000000000e+02 3.131007080078125000e+02
