4.038229999999999791e+02 1.160000000000000000e+02 5.533084716796875000e+02
4.041600000000000250e+02 2.770000000000000000e+02 5.533106079101562500e+02
4.044959999999999809e+02 3.710000000000000000e+02 5.533215942382812500e+02
4.048319999999999936e+02 5.760000000000000000e+02 5.533154907226562500e+02
4.051680000000000064e+02 4.770000000000000000e+02 5.533204956054687500e+02
4.055049999999999955e+02 5.020000000000000000e+02 5.533118286132812500e+02
4.058410000000000082e+02 6.080000000000000000e+02 5.533101196289062500e+02
4.061770000000000209e+02 7.250000000000000000e+02 5.533153076171875000e+02
4.065140000000000100e+02 5.320000000000000000e+02 5.533117675781250000e+02
4.068500000000000227e+02 5.150000000000000000e+02 5.533188476562500000e+02
4.071859999999999786e+02 4.910000000000000000e+02 5.533130493164062500e+02
4.075230000000000246e+02 3.240000000000000000e+02 5.533130493164062500e+02
4.078589999999999804e+02 2.220000000000000000e+02 5.533106079101562500e+02
4.081949999999999932e+02 1.780000000000000000e+02 5.533203125000000000e+02
4.085319999999999823e+02 1.380000000000000000e+02 5.533176269531250000e+02
4.088679999999999950e+02 7.600000000000000000e+01 5.533046264648437500e+02
4.092040000000000077e+02 8.000000000000000000e+01 5.532957153320312500e+02
4.095400000000000205e+02 1.140000000000000000e+02 5.532975463867187500e+02
