3.338480000000000132e+02 9.000000000000000000e+01 1.450493164062500000e+02
3.341850000000000023e+02 6.700000000000000000e+01 1.450470275878906250e+02
3.345210000000000150e+02 3.200000000000000000e+01 1.450680999755859375e+02
3.348570000000000277e+02 1.200000000000000000e+02 1.450452728271484375e+02
3.351940000000000168e+02 1.250000000000000000e+02 1.450466308593750000e+02
3.355299999999999727e+02 2.770000000000000000e+02 1.450494232177734375e+02
3.358659999999999854e+02 2.500000000000000000e+02 1.450508422851562500e+02
3.362029999999999745e+02 4.460000000000000000e+02 1.450488891601562500e+02
3.365389999999999873e+02 4.900000000000000000e+02 1.450518951416015625e+02
3.368750000000000000e+02 7.170000000000000000e+02 1.450511932373046875e+02
3.372119999999999891e+02 5.180000000000000000e+02 1.450488281250000000e+02
3.375480000000000018e+02 3.350000000000000000e+02 1.450463256835937500e+02
3.378840000000000146e+02 4.210000000000000000e+02 1.450510711669921875e+02
3.382200000000000273e+02 3.240000000000000000e+02 1.450513916015625000e+02
3.385570000000000164e+02 5.020000000000000000e+02 1.450503234863281250e+02
3.388929999999999723e+02 2.140000000000000000e+02 1.450464172363281250e+02
3.392300000000000182e+02 3.170000000000000000e+02 1.450512237548828125e+02
3.395670000000000073e+02 2.800000000000000000e+02 1.450504455566406250e+02
3.399030000000000200e+02 3.860000000000000000e+02 1.450463104248046875e+02
3.402389999999999759e+02 2.680000000000000000e+02 1.450509948730468750e+02
3.405760000000000218e+02 2.480000000000000000e+02 1.450457153320312500e+02
3.409119999999999777e+02 3.120000000000000000e+02 1.450498046875000000e+02
3.412479999999999905e+02 1.820000000000000000e+02 1.450536346435546875e+02
3.415860000000000127e+02 2.730000000000000000e+02 1.450456695556640625e+02
3.419220000000000255e+02 2.380000000000000000e+02 1.450466613769531250e+02
3.422590000000000146e+02 7.300000000000000000e+01 1.450501861572265625e+02
3.425950000000000273e+02 8.700000000000000000e+01 1.450529479980468750e+02
3.429309999999999832e+02 1.410000000000000000e+02 1.450546264648437500e+02
3.432679999999999723e+02 1.060000000000000000e+02 1.450501098632812500e+02
3.436039999999999850e+02 1.140000000000000000e+02 1.450491485595703125e+02
3.439399999999999977e+02 8.100000000000000000e+01 1.450485992431640625e+02
