1.239230000000000018e+02 7.095000000000000000e+03 4.600004272460937500e+02
1.242600000000000051e+02 6.300000000000000000e+03 4.600007019042968750e+02
1.245960000000000036e+02 6.543000000000000000e+03 4.600011291503906250e+02
1.249320000000000022e+02 6.397000000000000000e+03 4.600018005371093750e+02
1.252690000000000055e+02 6.546000000000000000e+03 4.600025939941406250e+02
1.256050000000000040e+02 6.624000000000000000e+03 4.600021362304687500e+02
1.259410000000000025e+02 6.868000000000000000e+03 4.600041503906250000e+02
1.262770000000000010e+02 6.818000000000000000e+03 4.600045166015625000e+02
1.266140000000000043e+02 6.073000000000000000e+03 4.600014343261718750e+02
1.269500000000000028e+02 6.425000000000000000e+03 4.600045776367187500e+02
1.272860000000000014e+02 7.070000000000000000e+03 4.600030212402343750e+02
1.276230000000000047e+02 6.750000000000000000e+03 4.600028076171875000e+02
1.279590000000000032e+02 6.729000000000000000e+03 4.600029296875000000e+02
1.282949999999999875e+02 6.927000000000000000e+03 4.600034790039062500e+02
1.286320000000000050e+02 7.008000000000000000e+03 4.600017089843750000e+02
1.289679999999999893e+02 6.771000000000000000e+03 4.600019226074218750e+02
1.293040000000000020e+02 6.720000000000000000e+03 4.600027160644531250e+02
1.296430000000000007e+02 7.382000000000000000e+03 4.600030822753906250e+02
1.299790000000000134e+02 7.007000000000000000e+03 4.600023498535156250e+02
1.303160000000000025e+02 6.876000000000000000e+03 4.600015563964843750e+02
1.306519999999999868e+02 6.563000000000000000e+03 4.600016479492187500e+02
1.309879999999999995e+02 6.756000000000000000e+03 4.600028076171875000e+02
1.313240000000000123e+02 6.786000000000000000e+03 4.600020751953125000e+02
1.316610000000000014e+02 7.301000000000000000e+03 4.600030822753906250e+02
1.319970000000000141e+02 6.703000000000000000e+03 4.600019531250000000e+02
1.323329999999999984e+02 6.494000000000000000e+03 4.600020751953125000e+02
1.326699999999999875e+02 7.195000000000000000e+03 4.600028076171875000e+02
1.330060000000000002e+02 6.675000000000000000e+03 4.600025939941406250e+02
1.333420000000000130e+02 7.073000000000000000e+03 4.600019226074218750e+02
1.336790000000000020e+02 6.842000000000000000e+03 4.600016479492187500e+02
1.340149999999999864e+02 6.557000000000000000e+03 4.600035095214843750e+02
1.343509999999999991e+02 6.698000000000000000e+03 4.600015258789062500e+02
1.346870000000000118e+02 6.458000000000000000e+03 4.600030822753906250e+02
1.350240000000000009e+02 6.760000000000000000e+03 4.600018005371093750e+02
1.353600000000000136e+02 7.440000000000000000e+03 4.600005187988281250e+02
1.356959999999999980e+02 6.735000000000000000e+03 4.600056762695312500e+02
1.360329999999999870e+02 7.157000000000000000e+03 4.600012207031250000e+02
1.363689999999999998e+02 6.432000000000000000e+03 4.600014343261718750e+02
1.367059999999999889e+02 6.555000000000000000e+03 4.600040283203125000e+02
1.370420000000000016e+02 6.897000000000000000e+03 4.600008850097656250e+02
1.373779999999999859e+02 6.611000000000000000e+03 4.600046081542968750e+02
1.377150000000000034e+02 6.620000000000000000e+03 4.600030212402343750e+02
1.380509999999999877e+02 7.038000000000000000e+03 4.600010986328125000e+02
1.383870000000000005e+02 7.330000000000000000e+03 4.600008239746093750e+02
1.387239999999999895e+02 7.574000000000000000e+03 4.600014648437500000e+02
1.390600000000000023e+02 7.421000000000000000e+03 4.600018615722656250e+02
1.393959999999999866e+02 7.084000000000000000e+03 4.600037231445312500e+02
1.397340000000000089e+02 6.493000000000000000e+03 4.600025329589843750e+02
1.400709999999999980e+02 7.052000000000000000e+03 4.600013732910156250e+02
1.404070000000000107e+02 6.058000000000000000e+03 4.600020751953125000e+02
1.407429999999999950e+02 6.870000000000000000e+03 4.600024414062500000e+02
1.410800000000000125e+02 6.608000000000000000e+03 4.600023803710937500e+02
1.414159999999999968e+02 6.488000000000000000e+03 4.600040283203125000e+02
1.417520000000000095e+02 6.733000000000000000e+03 4.600025634765625000e+02
1.420879999999999939e+02 6.956000000000000000e+03 4.600030212402343750e+02
1.424250000000000114e+02 6.629000000000000000e+03 4.600036621093750000e+02
1.427609999999999957e+02 6.671000000000000000e+03 4.600034179687500000e+02
1.430970000000000084e+02 6.766000000000000000e+03 4.600003662109375000e+02
1.434339999999999975e+02 6.368000000000000000e+03 4.600028991699218750e+02
1.437700000000000102e+02 6.429000000000000000e+03 4.600026855468750000e+02
1.441059999999999945e+02 6.181000000000000000e+03 4.600024719238281250e+02
1.444430000000000121e+02 5.891000000000000000e+03 4.600011291503906250e+02
1.447789999999999964e+02 6.300000000000000000e+03 4.600032043457031250e+02
1.451160000000000139e+02 6.806000000000000000e+03 4.600024719238281250e+02
1.454519999999999982e+02 6.406000000000000000e+03 4.600033264160156250e+02
1.457889999999999873e+02 6.083000000000000000e+03 4.600013732910156250e+02
1.461250000000000000e+02 5.791000000000000000e+03 4.600026855468750000e+02
1.464610000000000127e+02 5.930000000000000000e+03 4.600008239746093750e+02
1.467980000000000018e+02 6.306000000000000000e+03 4.600032348632812500e+02
1.471339999999999861e+02 5.129000000000000000e+03 4.600024719238281250e+02
1.474699999999999989e+02 5.176000000000000000e+03 4.600033569335937500e+02
1.478069999999999879e+02 5.769000000000000000e+03 4.600056762695312500e+02
1.481430000000000007e+02 5.282000000000000000e+03 4.600051574707031250e+02
1.484790000000000134e+02 4.477000000000000000e+03 4.600046081542968750e+02
1.488160000000000025e+02 4.867000000000000000e+03 4.600019531250000000e+02
1.491519999999999868e+02 4.589000000000000000e+03 4.600014343261718750e+02
1.494879999999999995e+02 4.682000000000000000e+03 4.600029907226562500e+02
1.498259999999999934e+02 4.216000000000000000e+03 4.600035705566406250e+02
1.501620000000000061e+02 4.508000000000000000e+03 4.600024414062500000e+02
1.504989999999999952e+02 4.272000000000000000e+03 4.600044860839843750e+02
1.508350000000000080e+02 4.119000000000000000e+03 4.600037841796875000e+02
1.511709999999999923e+02 3.857000000000000000e+03 4.600005798339843750e+02
1.515070000000000050e+02 3.737000000000000000e+03 4.600016174316406250e+02
1.518439999999999941e+02 3.802000000000000000e+03 4.600017089843750000e+02
1.521800000000000068e+02 3.540000000000000000e+03 4.600026245117187500e+02
1.525159999999999911e+02 4.006000000000000000e+03 4.600013427734375000e+02
1.528530000000000086e+02 4.106000000000000000e+03 4.600021362304687500e+02
1.531889999999999930e+02 3.892000000000000000e+03 4.600009155273437500e+02
