3.338480000000000132e+02 2.200000000000000000e+02 4.211473388671875000e+02
3.341850000000000023e+02 8.160000000000000000e+02 4.211514282226562500e+02
3.345210000000000150e+02 1.234000000000000000e+03 4.211452026367187500e+02
3.348570000000000277e+02 2.754000000000000000e+03 4.211455078125000000e+02
3.351940000000000168e+02 4.868000000000000000e+03 4.211473388671875000e+02
3.355299999999999727e+02 6.409000000000000000e+03 4.211457824707031250e+02
3.358659999999999854e+02 6.551000000000000000e+03 4.211428527832031250e+02
3.362029999999999745e+02 6.790000000000000000e+03 4.211487731933593750e+02
3.365389999999999873e+02 7.528000000000000000e+03 4.211466369628906250e+02
3.368750000000000000e+02 7.568000000000000000e+03 4.211462707519531250e+02
3.372119999999999891e+02 7.025000000000000000e+03 4.211458740234375000e+02
3.375480000000000018e+02 7.096000000000000000e+03 4.211476440429687500e+02
3.378840000000000146e+02 6.421000000000000000e+03 4.211484680175781250e+02
3.382200000000000273e+02 6.913000000000000000e+03 4.211463623046875000e+02
3.385570000000000164e+02 7.068000000000000000e+03 4.211467590332031250e+02
3.388929999999999723e+02 6.420000000000000000e+03 4.211471862792968750e+02
3.392300000000000182e+02 6.618000000000000000e+03 4.211465148925781250e+02
3.395670000000000073e+02 6.608000000000000000e+03 4.211471862792968750e+02
3.399030000000000200e+02 5.694000000000000000e+03 4.211467285156250000e+02
3.402389999999999759e+02 5.635000000000000000e+03 4.211437072753906250e+02
3.405760000000000218e+02 4.760000000000000000e+03 4.211461486816406250e+02
3.409119999999999777e+02 5.164000000000000000e+03 4.211452331542968750e+02
3.412479999999999905e+02 4.249000000000000000e+03 4.211461486816406250e+02
3.415860000000000127e+02 4.003000000000000000e+03 4.211470642089843750e+02
3.419220000000000255e+02 3.809000000000000000e+03 4.211466064453125000e+02
3.422590000000000146e+02 3.040000000000000000e+03 4.211478881835937500e+02
3.425950000000000273e+02 2.491000000000000000e+03 4.211487426757812500e+02
3.429309999999999832e+02 1.920000000000000000e+03 4.211457214355468750e+02
3.432679999999999723e+02 1.611000000000000000e+03 4.211451721191406250e+02
3.436039999999999850e+02 1.556000000000000000e+03 4.211502075195312500e+02
3.439399999999999977e+02 1.031000000000000000e+03 4.211425781250000000e+02
3.442760000000000105e+02 9.930000000000000000e+02 4.211459655761718750e+02
3.446129999999999995e+02 5.710000000000000000e+02 4.211455688476562500e+02
3.449490000000000123e+02 5.640000000000000000e+02 4.211509094238281250e+02
3.452850000000000250e+02 5.650000000000000000e+02 4.211364440917968750e+02
3.456220000000000141e+02 4.160000000000000000e+02 4.211469421386718750e+02
3.459580000000000268e+02 4.130000000000000000e+02 4.211520996093750000e+02
3.462939999999999827e+02 3.390000000000000000e+02 4.211459655761718750e+02
3.466309999999999718e+02 3.370000000000000000e+02 4.211611633300781250e+02
3.469669999999999845e+02 3.310000000000000000e+02 4.211535644531250000e+02
3.473029999999999973e+02 3.030000000000000000e+02 4.211492309570312500e+02
3.476390000000000100e+02 2.460000000000000000e+02 4.211478881835937500e+02
