1.737110000000000127e+02 2.700000000000000000e+01 1.635573577880859375e+02
1.740469999999999970e+02 3.800000000000000000e+01 1.635560913085937500e+02
1.743830000000000098e+02 1.300000000000000000e+02 1.635490112304687500e+02
1.747199999999999989e+02 1.220000000000000000e+02 1.635497283935546875e+02
1.750560000000000116e+02 2.530000000000000000e+02 1.635525054931640625e+02
1.753919999999999959e+02 1.850000000000000000e+02 1.635502166748046875e+02
1.757290000000000134e+02 3.030000000000000000e+02 1.635559692382812500e+02
1.760649999999999977e+02 2.200000000000000000e+02 1.635566101074218750e+02
1.764010000000000105e+02 4.550000000000000000e+02 1.635522003173828125e+02
1.767379999999999995e+02 6.360000000000000000e+02 1.635551147460937500e+02
1.770749999999999886e+02 3.180000000000000000e+02 1.635525207519531250e+02
1.774110000000000014e+02 4.730000000000000000e+02 1.635527801513671875e+02
1.777470000000000141e+02 6.170000000000000000e+02 1.635541381835937500e+02
1.780840000000000032e+02 6.740000000000000000e+02 1.635538635253906250e+02
1.784199999999999875e+02 1.870000000000000000e+02 1.635598449707031250e+02
1.787570000000000050e+02 1.420000000000000000e+02 1.635536041259765625e+02
1.790939999999999941e+02 2.220000000000000000e+02 1.635507507324218750e+02
1.794300000000000068e+02 1.110000000000000000e+02 1.635649108886718750e+02
1.797659999999999911e+02 8.300000000000000000e+01 1.635495910644531250e+02
1.801040000000000134e+02 2.180000000000000000e+02 1.635503540039062500e+02
1.804399999999999977e+02 1.060000000000000000e+02 1.635496063232421875e+02
1.807769999999999868e+02 3.000000000000000000e+01 1.635490570068359375e+02
