1.646279999999999859e+02 9.000000000000000000e+01 4.721965332031250000e+02
1.649639999999999986e+02 1.720000000000000000e+02 4.722079772949218750e+02
1.653009999999999877e+02 5.500000000000000000e+02 4.722145385742187500e+02
1.656370000000000005e+02 9.950000000000000000e+02 4.722080688476562500e+02
1.659730000000000132e+02 1.926000000000000000e+03 4.722134704589843750e+02
1.663089999999999975e+02 3.346000000000000000e+03 4.722093811035156250e+02
1.666459999999999866e+02 4.273000000000000000e+03 4.722120056152343750e+02
1.669819999999999993e+02 6.130000000000000000e+03 4.722094726562500000e+02
1.673180000000000121e+02 7.148000000000000000e+03 4.722116394042968750e+02
1.676550000000000011e+02 7.551000000000000000e+03 4.722123413085937500e+02
1.679910000000000139e+02 7.252000000000000000e+03 4.722100219726562500e+02
1.683269999999999982e+02 6.997000000000000000e+03 4.722117309570312500e+02
1.686639999999999873e+02 6.019000000000000000e+03 4.722117919921875000e+02
1.690000000000000000e+02 4.710000000000000000e+03 4.722134704589843750e+02
1.693360000000000127e+02 3.642000000000000000e+03 4.722127075195312500e+02
1.696719999999999970e+02 2.530000000000000000e+03 4.722148132324218750e+02
1.700099999999999909e+02 1.961000000000000000e+03 4.722127685546875000e+02
1.703470000000000084e+02 1.357000000000000000e+03 4.722141113281250000e+02
1.706829999999999927e+02 1.217000000000000000e+03 4.722062988281250000e+02
1.710190000000000055e+02 9.090000000000000000e+02 4.722113647460937500e+02
1.713559999999999945e+02 4.480000000000000000e+02 4.722177734375000000e+02
1.716920000000000073e+02 7.280000000000000000e+02 4.722145080566406250e+02
1.720279999999999916e+02 4.070000000000000000e+02 4.722079772949218750e+02
1.723640000000000043e+02 6.280000000000000000e+02 4.722091979980468750e+02
1.727009999999999934e+02 4.090000000000000000e+02 4.722129821777343750e+02
1.730380000000000109e+02 5.480000000000000000e+02 4.722101745605468750e+02
1.733739999999999952e+02 5.250000000000000000e+02 4.722097473144531250e+02
1.737110000000000127e+02 4.370000000000000000e+02 4.722098083496093750e+02
1.740469999999999970e+02 4.030000000000000000e+02 4.722080688476562500e+02
1.743830000000000098e+02 3.610000000000000000e+02 4.722101745605468750e+02
1.747199999999999989e+02 2.550000000000000000e+02 4.722178955078125000e+02
1.750560000000000116e+02 2.160000000000000000e+02 4.722111511230468750e+02
1.753919999999999959e+02 2.740000000000000000e+02 4.722077636718750000e+02
1.757290000000000134e+02 4.780000000000000000e+02 4.721930847167968750e+02
