2.490660000000000025e+02 1.150000000000000000e+02 7.063018798828125000e+02
2.494019999999999868e+02 1.580000000000000000e+02 7.063161621093750000e+02
2.497379999999999995e+02 1.170000000000000000e+02 7.063074951171875000e+02
2.500749999999999886e+02 4.130000000000000000e+02 7.063003540039062500e+02
2.504110000000000014e+02 5.130000000000000000e+02 7.063098144531250000e+02
2.507489999999999952e+02 4.340000000000000000e+02 7.063060302734375000e+02
2.510850000000000080e+02 5.930000000000000000e+02 7.062991943359375000e+02
2.514209999999999923e+02 6.510000000000000000e+02 7.063059692382812500e+02
2.517580000000000098e+02 5.980000000000000000e+02 7.063073730468750000e+02
2.520939999999999941e+02 4.170000000000000000e+02 7.063037719726562500e+02
2.524300000000000068e+02 4.410000000000000000e+02 7.063112182617187500e+02
2.527669999999999959e+02 4.070000000000000000e+02 7.063110351562500000e+02
2.531030000000000086e+02 3.220000000000000000e+02 7.063120727539062500e+02
2.534389999999999930e+02 2.450000000000000000e+02 7.063140869140625000e+02
2.537750000000000057e+02 2.500000000000000000e+02 7.063135986328125000e+02
2.541119999999999948e+02 1.790000000000000000e+02 7.063073730468750000e+02
2.544480000000000075e+02 1.750000000000000000e+02 7.063159179687500000e+02
2.547839999999999918e+02 3.900000000000000000e+01 7.063107910156250000e+02
