2.278679999999999950e+02 2.640000000000000000e+02 4.031766662597656250e+02
2.282050000000000125e+02 2.210000000000000000e+02 4.031707458496093750e+02
2.285409999999999968e+02 3.750000000000000000e+02 4.031744689941406250e+02
2.288770000000000095e+02 3.560000000000000000e+02 4.031740722656250000e+02
2.292170000000000130e+02 3.480000000000000000e+02 4.031801757812500000e+02
2.295529999999999973e+02 2.470000000000000000e+02 4.031711120605468750e+02
2.298890000000000100e+02 4.230000000000000000e+02 4.031622619628906250e+02
2.302259999999999991e+02 2.840000000000000000e+02 4.031763305664062500e+02
2.305639999999999930e+02 2.730000000000000000e+02 4.031771545410156250e+02
2.309000000000000057e+02 3.680000000000000000e+02 4.031789550781250000e+02
2.312359999999999900e+02 4.080000000000000000e+02 4.031709289550781250e+02
2.315730000000000075e+02 3.980000000000000000e+02 4.031710510253906250e+02
2.319089999999999918e+02 4.260000000000000000e+02 4.031755981445312500e+02
2.322450000000000045e+02 6.360000000000000000e+02 4.031745910644531250e+02
2.325819999999999936e+02 6.160000000000000000e+02 4.031819763183593750e+02
2.329180000000000064e+02 4.720000000000000000e+02 4.031764526367187500e+02
2.332549999999999955e+02 3.710000000000000000e+02 4.031705017089843750e+02
2.335920000000000130e+02 4.300000000000000000e+02 4.031808471679687500e+02
2.339279999999999973e+02 5.110000000000000000e+02 4.031765747070312500e+02
2.342640000000000100e+02 3.410000000000000000e+02 4.031739807128906250e+02
2.346009999999999991e+02 3.780000000000000000e+02 4.031771240234375000e+02
2.349370000000000118e+02 5.390000000000000000e+02 4.031736450195312500e+02
2.352729999999999961e+02 3.960000000000000000e+02 4.031758117675781250e+02
2.356090000000000089e+02 2.970000000000000000e+02 4.031806030273437500e+02
2.359459999999999980e+02 5.490000000000000000e+02 4.031773376464843750e+02
2.362820000000000107e+02 4.700000000000000000e+02 4.031753234863281250e+02
2.366179999999999950e+02 5.750000000000000000e+02 4.031758422851562500e+02
2.369550000000000125e+02 4.900000000000000000e+02 4.031804199218750000e+02
2.372909999999999968e+02 4.410000000000000000e+02 4.031811523437500000e+02
2.376270000000000095e+02 4.550000000000000000e+02 4.031765136718750000e+02
2.379639999999999986e+02 5.210000000000000000e+02 4.031748657226562500e+02
2.383000000000000114e+02 4.240000000000000000e+02 4.031744689941406250e+02
2.386359999999999957e+02 3.430000000000000000e+02 4.031795959472656250e+02
2.389730000000000132e+02 3.420000000000000000e+02 4.031791076660156250e+02
2.393089999999999975e+02 3.190000000000000000e+02 4.031824951171875000e+02
2.396459999999999866e+02 1.830000000000000000e+02 4.031717529296875000e+02
2.399819999999999993e+02 3.120000000000000000e+02 4.031689758300781250e+02
2.403189999999999884e+02 3.020000000000000000e+02 4.031717529296875000e+02
