2.934669999999999845e+02 6.300000000000000000e+01 9.433841552734375000e+02
2.938029999999999973e+02 2.630000000000000000e+02 9.433723754882812500e+02
2.941399999999999864e+02 4.140000000000000000e+02 9.433705444335937500e+02
2.944759999999999991e+02 5.360000000000000000e+02 9.433848876953125000e+02
2.948120000000000118e+02 5.190000000000000000e+02 9.433762207031250000e+02
2.951490000000000009e+02 6.260000000000000000e+02 9.433901977539062500e+02
2.954850000000000136e+02 5.950000000000000000e+02 9.433776855468750000e+02
2.958210000000000264e+02 5.440000000000000000e+02 9.433803100585937500e+02
2.961580000000000155e+02 5.820000000000000000e+02 9.433800048828125000e+02
2.964940000000000282e+02 4.530000000000000000e+02 9.433800048828125000e+02
2.968299999999999841e+02 2.990000000000000000e+02 9.433778686523437500e+02
2.971659999999999968e+02 3.230000000000000000e+02 9.433732910156250000e+02
2.975029999999999859e+02 1.520000000000000000e+02 9.433829956054687500e+02
