2.319089999999999918e+02 1.220000000000000000e+02 4.331140747070312500e+02
2.322450000000000045e+02 5.470000000000000000e+02 4.331077880859375000e+02
2.325819999999999936e+02 1.569000000000000000e+03 4.331130371093750000e+02
2.329180000000000064e+02 2.629000000000000000e+03 4.331087036132812500e+02
2.332549999999999955e+02 4.649000000000000000e+03 4.331091308593750000e+02
2.335920000000000130e+02 6.342000000000000000e+03 4.331110839843750000e+02
2.339279999999999973e+02 6.688000000000000000e+03 4.331083984375000000e+02
2.342640000000000100e+02 6.741000000000000000e+03 4.331100463867187500e+02
2.346009999999999991e+02 6.031000000000000000e+03 4.331082458496093750e+02
2.349370000000000118e+02 5.501000000000000000e+03 4.331080627441406250e+02
2.352729999999999961e+02 4.260000000000000000e+03 4.331094360351562500e+02
2.356090000000000089e+02 3.228000000000000000e+03 4.331083984375000000e+02
2.359459999999999980e+02 2.720000000000000000e+03 4.331109313964843750e+02
2.362820000000000107e+02 1.769000000000000000e+03 4.331094055175781250e+02
2.366179999999999950e+02 1.341000000000000000e+03 4.331113891601562500e+02
2.369550000000000125e+02 1.280000000000000000e+03 4.331078186035156250e+02
2.372909999999999968e+02 9.440000000000000000e+02 4.331084289550781250e+02
2.376270000000000095e+02 6.210000000000000000e+02 4.331103820800781250e+02
2.379639999999999986e+02 4.140000000000000000e+02 4.331155090332031250e+02
2.383000000000000114e+02 2.870000000000000000e+02 4.331225280761718750e+02
2.386359999999999957e+02 2.180000000000000000e+02 4.331103820800781250e+02
2.389730000000000132e+02 3.150000000000000000e+02 4.331202087402343750e+02
