2.746309999999999718e+02 3.080000000000000000e+02 5.260333251953125000e+02
2.749669999999999845e+02 2.630000000000000000e+02 5.260425415039062500e+02
2.753029999999999973e+02 2.980000000000000000e+02 5.260479736328125000e+02
2.756390000000000100e+02 5.130000000000000000e+02 5.260438842773437500e+02
2.759759999999999991e+02 5.480000000000000000e+02 5.260389404296875000e+02
2.763120000000000118e+02 5.400000000000000000e+02 5.260477294921875000e+02
2.766480000000000246e+02 5.940000000000000000e+02 5.260401611328125000e+02
2.769850000000000136e+02 7.320000000000000000e+02 5.260343017578125000e+02
2.773210000000000264e+02 6.570000000000000000e+02 5.260401611328125000e+02
2.776569999999999823e+02 5.540000000000000000e+02 5.260412597656250000e+02
2.779940000000000282e+02 5.350000000000000000e+02 5.260396118164062500e+02
2.783299999999999841e+02 5.710000000000000000e+02 5.260382080078125000e+02
2.786659999999999968e+02 6.800000000000000000e+02 5.260418701171875000e+02
2.790020000000000095e+02 4.750000000000000000e+02 5.260447387695312500e+02
2.793389999999999986e+02 4.950000000000000000e+02 5.260433349609375000e+02
2.796750000000000114e+02 6.030000000000000000e+02 5.260354614257812500e+02
2.800110000000000241e+02 3.670000000000000000e+02 5.260534057617187500e+02
2.803480000000000132e+02 4.220000000000000000e+02 5.260494384765625000e+02
2.806840000000000259e+02 5.230000000000000000e+02 5.260388183593750000e+02
2.810219999999999914e+02 2.880000000000000000e+02 5.260460815429687500e+02
2.813580000000000041e+02 2.440000000000000000e+02 5.260537719726562500e+02
2.816940000000000168e+02 3.140000000000000000e+02 5.260557861328125000e+02
2.820310000000000059e+02 2.350000000000000000e+02 5.260474853515625000e+02
2.823670000000000186e+02 1.650000000000000000e+02 5.260413818359375000e+02
2.827029999999999745e+02 3.560000000000000000e+02 5.260425415039062500e+02
2.830400000000000205e+02 5.060000000000000000e+02 5.260397949218750000e+02
2.833759999999999764e+02 1.290000000000000000e+02 5.260516967773437500e+02
2.837119999999999891e+02 2.170000000000000000e+02 5.260416870117187500e+02
2.840480000000000018e+02 1.900000000000000000e+02 5.260552978515625000e+02
