6.947939999999999827e+02 1.320000000000000000e+02 1.840733947753906250e+02
6.951299999999999955e+02 1.690000000000000000e+02 1.840666046142578125e+02
6.954660000000000082e+02 2.200000000000000000e+02 1.840677032470703125e+02
6.958020000000000209e+02 2.490000000000000000e+02 1.840687866210937500e+02
6.961380000000000337e+02 2.650000000000000000e+02 1.840711212158203125e+02
6.964740000000000464e+02 3.880000000000000000e+02 1.840687866210937500e+02
6.968099999999999454e+02 3.060000000000000000e+02 1.840721435546875000e+02
6.971459999999999582e+02 3.630000000000000000e+02 1.840696105957031250e+02
6.974880000000000564e+02 5.850000000000000000e+02 1.840679473876953125e+02
6.978239999999999554e+02 3.430000000000000000e+02 1.840710754394531250e+02
6.981599999999999682e+02 3.610000000000000000e+02 1.840700836181640625e+02
6.984959999999999809e+02 3.400000000000000000e+02 1.840671539306640625e+02
6.988319999999999936e+02 2.850000000000000000e+02 1.840661468505859375e+02
6.991680000000000064e+02 1.960000000000000000e+02 1.840674133300781250e+02
6.995040000000000191e+02 1.620000000000000000e+02 1.840707397460937500e+02
6.998400000000000318e+02 2.260000000000000000e+02 1.840657806396484375e+02
7.001760000000000446e+02 1.600000000000000000e+02 1.840775909423828125e+02
7.005119999999999436e+02 1.850000000000000000e+02 1.840706024169921875e+02
7.008479999999999563e+02 3.100000000000000000e+01 1.840817260742187500e+02
