2.591569999999999823e+02 3.030000000000000000e+02 4.107005615234375000e+02
2.594929999999999950e+02 1.690000000000000000e+02 4.107018127441406250e+02
2.598290000000000077e+02 4.590000000000000000e+02 4.107032165527343750e+02
2.601659999999999968e+02 5.510000000000000000e+02 4.107032165527343750e+02
2.605020000000000095e+02 5.760000000000000000e+02 4.107070922851562500e+02
2.608399999999999750e+02 3.910000000000000000e+02 4.107055969238281250e+02
2.611759999999999877e+02 4.430000000000000000e+02 4.106956481933593750e+02
2.615120000000000005e+02 1.870000000000000000e+02 4.106988525390625000e+02
2.618489999999999895e+02 2.960000000000000000e+02 4.106980895996093750e+02
2.621850000000000023e+02 1.990000000000000000e+02 4.106969909667968750e+02
2.625210000000000150e+02 1.860000000000000000e+02 4.106934814453125000e+02
