2.739580000000000268e+02 6.720000000000000000e+02 2.520890045166015625e+02
2.742939999999999827e+02 7.220000000000000000e+02 2.520910491943359375e+02
2.746309999999999718e+02 6.750000000000000000e+02 2.520911560058593750e+02
2.749669999999999845e+02 3.900000000000000000e+02 2.520975952148437500e+02
2.753029999999999973e+02 4.160000000000000000e+02 2.520897979736328125e+02
2.756390000000000100e+02 3.410000000000000000e+02 2.520926666259765625e+02
2.759759999999999991e+02 3.890000000000000000e+02 2.520896301269531250e+02
2.763120000000000118e+02 2.530000000000000000e+02 2.521036224365234375e+02
2.766480000000000246e+02 3.860000000000000000e+02 2.520897064208984375e+02
2.769850000000000136e+02 3.870000000000000000e+02 2.520888824462890625e+02
2.773210000000000264e+02 3.770000000000000000e+02 2.520942382812500000e+02
2.776569999999999823e+02 2.740000000000000000e+02 2.520928192138671875e+02
2.779940000000000282e+02 2.500000000000000000e+02 2.520843353271484375e+02
2.783299999999999841e+02 2.970000000000000000e+02 2.520966644287109375e+02
2.786659999999999968e+02 2.540000000000000000e+02 2.520985565185546875e+02
2.790020000000000095e+02 3.820000000000000000e+02 2.520933532714843750e+02
2.793389999999999986e+02 1.800000000000000000e+02 2.520899505615234375e+02
2.796750000000000114e+02 3.510000000000000000e+02 2.520949554443359375e+02
2.800110000000000241e+02 4.010000000000000000e+02 2.520935821533203125e+02
2.803480000000000132e+02 5.240000000000000000e+02 2.520930023193359375e+02
2.806840000000000259e+02 4.270000000000000000e+02 2.520933074951171875e+02
2.810219999999999914e+02 2.780000000000000000e+02 2.520875549316406250e+02
2.813580000000000041e+02 4.100000000000000000e+02 2.520883941650390625e+02
2.816940000000000168e+02 3.570000000000000000e+02 2.520893554687500000e+02
2.820310000000000059e+02 3.180000000000000000e+02 2.520977020263671875e+02
2.823670000000000186e+02 5.350000000000000000e+02 2.520842590332031250e+02
2.827029999999999745e+02 3.870000000000000000e+02 2.520923004150390625e+02
2.830400000000000205e+02 3.290000000000000000e+02 2.520879058837890625e+02
2.833759999999999764e+02 3.360000000000000000e+02 2.520983886718750000e+02
2.837119999999999891e+02 4.340000000000000000e+02 2.520927124023437500e+02
2.840480000000000018e+02 3.770000000000000000e+02 2.520933074951171875e+02
2.843849999999999909e+02 3.410000000000000000e+02 2.520935668945312500e+02
2.847210000000000036e+02 3.500000000000000000e+02 2.520898590087890625e+02
2.850570000000000164e+02 4.400000000000000000e+02 2.520907592773437500e+02
2.853940000000000055e+02 4.890000000000000000e+02 2.520908355712890625e+02
2.857300000000000182e+02 3.280000000000000000e+02 2.520934143066406250e+02
2.860659999999999741e+02 3.790000000000000000e+02 2.520895233154296875e+02
2.864030000000000200e+02 4.260000000000000000e+02 2.520953979492187500e+02
2.867389999999999759e+02 3.090000000000000000e+02 2.520905761718750000e+02
2.870760000000000218e+02 3.310000000000000000e+02 2.520923309326171875e+02
2.874119999999999777e+02 3.320000000000000000e+02 2.520903472900390625e+02
2.877490000000000236e+02 3.330000000000000000e+02 2.520913085937500000e+02
2.880849999999999795e+02 2.720000000000000000e+02 2.520861358642578125e+02
2.884209999999999923e+02 3.290000000000000000e+02 2.520933227539062500e+02
2.887570000000000050e+02 5.500000000000000000e+02 2.520945281982421875e+02
2.890939999999999941e+02 3.260000000000000000e+02 2.521019287109375000e+02
2.894300000000000068e+02 4.100000000000000000e+02 2.521004638671875000e+02
2.897660000000000196e+02 2.930000000000000000e+02 2.520993804931640625e+02
2.901030000000000086e+02 3.400000000000000000e+02 2.520886383056640625e+02
2.904390000000000214e+02 3.860000000000000000e+02 2.520925445556640625e+02
2.907749999999999773e+02 2.970000000000000000e+02 2.520962524414062500e+02
2.911129999999999995e+02 1.600000000000000000e+02 2.521055145263671875e+02
2.914490000000000123e+02 5.310000000000000000e+02 2.520963439941406250e+02
2.917860000000000014e+02 2.330000000000000000e+02 2.521019592285156250e+02
2.921220000000000141e+02 2.930000000000000000e+02 2.520976715087890625e+02
2.924580000000000268e+02 3.910000000000000000e+02 2.520941925048828125e+02
2.927950000000000159e+02 3.040000000000000000e+02 2.520878753662109375e+02
2.931309999999999718e+02 2.460000000000000000e+02 2.521023864746093750e+02
2.934669999999999845e+02 3.620000000000000000e+02 2.521004333496093750e+02
2.938029999999999973e+02 3.430000000000000000e+02 2.520985260009765625e+02
2.941399999999999864e+02 2.630000000000000000e+02 2.520913543701171875e+02
2.944759999999999991e+02 8.900000000000000000e+01 2.521028289794921875e+02
2.948120000000000118e+02 1.550000000000000000e+02 2.521006317138671875e+02
2.951490000000000009e+02 1.500000000000000000e+02 2.520965576171875000e+02
2.954850000000000136e+02 2.610000000000000000e+02 2.520934600830078125e+02
2.958210000000000264e+02 2.270000000000000000e+02 2.520904235839843750e+02
2.961580000000000155e+02 1.890000000000000000e+02 2.520936889648437500e+02
2.964940000000000282e+02 2.310000000000000000e+02 2.520865936279296875e+02
2.968299999999999841e+02 1.650000000000000000e+02 2.520978088378906250e+02
2.971659999999999968e+02 2.110000000000000000e+02 2.520973205566406250e+02
2.975029999999999859e+02 1.060000000000000000e+02 2.520977172851562500e+02
2.978389999999999986e+02 3.380000000000000000e+02 2.520913848876953125e+02
2.981750000000000114e+02 3.340000000000000000e+02 2.520870513916015625e+02
2.985120000000000005e+02 3.980000000000000000e+02 2.520883941650390625e+02
2.988480000000000132e+02 2.080000000000000000e+02 2.520924682617187500e+02
2.991840000000000259e+02 2.740000000000000000e+02 2.520931091308593750e+02
2.995210000000000150e+02 1.700000000000000000e+02 2.520973510742187500e+02
2.998570000000000277e+02 2.270000000000000000e+02 2.520957336425781250e+02
3.001929999999999836e+02 3.190000000000000000e+02 2.520965423583984375e+02
3.005289999999999964e+02 2.550000000000000000e+02 2.520890960693359375e+02
3.008659999999999854e+02 2.440000000000000000e+02 2.520920715332031250e+02
3.012040000000000077e+02 2.100000000000000000e+02 2.520983123779296875e+02
3.015400000000000205e+02 2.930000000000000000e+02 2.520998077392578125e+02
3.018759999999999764e+02 1.640000000000000000e+02 2.520997772216796875e+02
3.022130000000000223e+02 3.270000000000000000e+02 2.521037902832031250e+02
3.025489999999999782e+02 4.590000000000000000e+02 2.520981445312500000e+02
3.028860000000000241e+02 6.700000000000000000e+02 2.521055450439453125e+02
3.032219999999999800e+02 1.119000000000000000e+03 2.521034851074218750e+02
