2.487290000000000134e+02 2.800000000000000000e+01 1.690476684570312500e+02
2.490660000000000025e+02 5.200000000000000000e+01 1.690579071044921875e+02
2.494019999999999868e+02 6.100000000000000000e+01 1.690541381835937500e+02
2.497379999999999995e+02 1.510000000000000000e+02 1.690567779541015625e+02
2.500749999999999886e+02 1.280000000000000000e+02 1.690560760498046875e+02
2.504110000000000014e+02 2.040000000000000000e+02 1.690611572265625000e+02
2.507489999999999952e+02 2.130000000000000000e+02 1.690513916015625000e+02
2.510850000000000080e+02 5.100000000000000000e+02 1.690528564453125000e+02
2.514209999999999923e+02 2.430000000000000000e+02 1.690522918701171875e+02
2.517580000000000098e+02 2.010000000000000000e+02 1.690569610595703125e+02
2.520939999999999941e+02 2.080000000000000000e+02 1.690608367919921875e+02
2.524300000000000068e+02 2.760000000000000000e+02 1.690570373535156250e+02
