3.230799999999999841e+02 3.260000000000000000e+02 3.582075805664062500e+02
3.234159999999999968e+02 3.460000000000000000e+02 3.582138671875000000e+02
3.237520000000000095e+02 4.380000000000000000e+02 3.582141723632812500e+02
3.240889999999999986e+02 2.930000000000000000e+02 3.582062072753906250e+02
3.244250000000000114e+02 4.170000000000000000e+02 3.582035217285156250e+02
3.247610000000000241e+02 4.000000000000000000e+02 3.582044067382812500e+02
3.250980000000000132e+02 5.090000000000000000e+02 3.582063293457031250e+02
3.254340000000000259e+02 4.670000000000000000e+02 3.582104187011718750e+02
3.257699999999999818e+02 4.950000000000000000e+02 3.582140197753906250e+02
3.261070000000000277e+02 2.180000000000000000e+02 3.582017211914062500e+02
3.264429999999999836e+02 2.070000000000000000e+02 3.582015075683593750e+02
3.267789999999999964e+02 3.600000000000000000e+02 3.582142944335937500e+02
3.271150000000000091e+02 1.610000000000000000e+02 3.581977844238281250e+02
3.274519999999999982e+02 1.620000000000000000e+02 3.581939392089843750e+02
