4.319200000000000017e+01 1.040000000000000000e+02 1.660641021728515625e+02
4.352799999999999869e+01 2.290000000000000000e+02 1.660534210205078125e+02
4.386399999999999721e+01 1.210000000000000000e+02 1.660626068115234375e+02
4.420100000000000051e+01 2.770000000000000000e+02 1.660676422119140625e+02
4.453699999999999903e+01 3.500000000000000000e+02 1.660681915283203125e+02
4.487299999999999756e+01 3.530000000000000000e+02 1.660692596435546875e+02
4.520900000000000318e+01 4.050000000000000000e+02 1.660663299560546875e+02
4.554599999999999937e+01 5.040000000000000000e+02 1.660704956054687500e+02
4.588199999999999790e+01 2.180000000000000000e+02 1.660667266845703125e+02
4.621800000000000352e+01 4.500000000000000000e+02 1.660694580078125000e+02
4.655499999999999972e+01 2.690000000000000000e+02 1.660619354248046875e+02
4.689099999999999824e+01 1.870000000000000000e+02 1.660677795410156250e+02
4.722699999999999676e+01 2.190000000000000000e+02 1.660643310546875000e+02
4.756300000000000239e+01 1.980000000000000000e+02 1.660609588623046875e+02
4.789999999999999858e+01 1.600000000000000000e+02 1.660508270263671875e+02
4.823599999999999710e+01 2.430000000000000000e+02 1.660550384521484375e+02
4.857200000000000273e+01 3.100000000000000000e+02 1.660520935058593750e+02
4.890999999999999659e+01 1.850000000000000000e+02 1.660617828369140625e+02
4.924699999999999989e+01 3.510000000000000000e+02 1.660507202148437500e+02
4.958299999999999841e+01 4.760000000000000000e+02 1.660513916015625000e+02
4.991899999999999693e+01 5.260000000000000000e+02 1.660508728027343750e+02
5.025600000000000023e+01 3.550000000000000000e+02 1.660506439208984375e+02
5.059199999999999875e+01 1.740000000000000000e+02 1.660593872070312500e+02
5.092799999999999727e+01 3.720000000000000000e+02 1.660570220947265625e+02
5.126500000000000057e+01 3.720000000000000000e+02 1.660503082275390625e+02
