4.253509999999999991e+02 7.700000000000000000e+01 5.970642089843750000e+02
4.256870000000000118e+02 1.380000000000000000e+02 5.970598144531250000e+02
4.260230000000000246e+02 2.000000000000000000e+02 5.970537719726562500e+02
4.263600000000000136e+02 4.870000000000000000e+02 5.970574951171875000e+02
4.266960000000000264e+02 2.720000000000000000e+02 5.970593872070312500e+02
4.270319999999999823e+02 3.620000000000000000e+02 5.970548095703125000e+02
4.273690000000000282e+02 3.800000000000000000e+02 5.970563354492187500e+02
4.277049999999999841e+02 3.010000000000000000e+02 5.970551147460937500e+02
4.280409999999999968e+02 3.550000000000000000e+02 5.970534667968750000e+02
4.283779999999999859e+02 2.690000000000000000e+02 5.970576782226562500e+02
4.287139999999999986e+02 2.160000000000000000e+02 5.970418701171875000e+02
4.290509999999999877e+02 1.360000000000000000e+02 5.970533447265625000e+02
4.293870000000000005e+02 1.040000000000000000e+02 5.970626220703125000e+02
