9.490979999999999563e+02 9.100000000000000000e+01 1.771531677246093750e+02
9.494339999999999691e+02 1.840000000000000000e+02 1.771599731445312500e+02
9.497699999999999818e+02 1.510000000000000000e+02 1.771593780517578125e+02
9.501119999999999663e+02 2.020000000000000000e+02 1.771619262695312500e+02
9.504479999999999791e+02 2.880000000000000000e+02 1.771629028320312500e+02
9.507839999999999918e+02 3.330000000000000000e+02 1.771580352783203125e+02
9.511200000000000045e+02 3.060000000000000000e+02 1.771595306396484375e+02
9.514560000000000173e+02 3.670000000000000000e+02 1.771613616943359375e+02
9.517920000000000300e+02 3.540000000000000000e+02 1.771589965820312500e+02
9.521280000000000427e+02 4.860000000000000000e+02 1.771610717773437500e+02
9.524640000000000555e+02 2.520000000000000000e+02 1.771589965820312500e+02
9.527999999999999545e+02 2.030000000000000000e+02 1.771625823974609375e+02
9.531359999999999673e+02 1.630000000000000000e+02 1.771606597900390625e+02
9.534719999999999800e+02 2.720000000000000000e+02 1.771606292724609375e+02
9.538079999999999927e+02 4.500000000000000000e+01 1.771760253906250000e+02
9.541440000000000055e+02 1.070000000000000000e+02 1.771440124511718750e+02
9.544800000000000182e+02 1.160000000000000000e+02 1.771531066894531250e+02
