3.439399999999999977e+02 2.840000000000000000e+02 2.761604614257812500e+02
3.442760000000000105e+02 2.340000000000000000e+02 2.761567382812500000e+02
3.446129999999999995e+02 4.790000000000000000e+02 2.761627807617187500e+02
3.449490000000000123e+02 2.490000000000000000e+02 2.761509704589843750e+02
3.452850000000000250e+02 3.110000000000000000e+02 2.761560363769531250e+02
3.456220000000000141e+02 2.720000000000000000e+02 2.761604614257812500e+02
3.459580000000000268e+02 4.830000000000000000e+02 2.761547241210937500e+02
3.462939999999999827e+02 3.930000000000000000e+02 2.761494445800781250e+02
3.466309999999999718e+02 3.150000000000000000e+02 2.761542663574218750e+02
3.469669999999999845e+02 1.700000000000000000e+02 2.761580810546875000e+02
3.473029999999999973e+02 2.040000000000000000e+02 2.761528015136718750e+02
