2.446920000000000073e+02 8.800000000000000000e+01 4.060586853027343750e+02
2.450279999999999916e+02 8.800000000000000000e+01 4.060730285644531250e+02
2.453650000000000091e+02 2.990000000000000000e+02 4.060697326660156250e+02
2.457019999999999982e+02 3.250000000000000000e+02 4.060559082031250000e+02
2.460380000000000109e+02 3.700000000000000000e+02 4.060509643554687500e+02
2.463739999999999952e+02 4.160000000000000000e+02 4.060674133300781250e+02
2.467119999999999891e+02 3.840000000000000000e+02 4.060740356445312500e+02
2.470480000000000018e+02 4.750000000000000000e+02 4.060704650878906250e+02
2.473839999999999861e+02 4.610000000000000000e+02 4.060648803710937500e+02
2.477199999999999989e+02 3.080000000000000000e+02 4.060700378417968750e+02
2.480569999999999879e+02 2.630000000000000000e+02 4.060667114257812500e+02
2.483930000000000007e+02 3.130000000000000000e+02 4.060872192382812500e+02
2.487290000000000134e+02 2.620000000000000000e+02 4.060864257812500000e+02
2.490660000000000025e+02 2.460000000000000000e+02 4.060781250000000000e+02
