2.127330000000000041e+02 1.020000000000000000e+02 2.691159362792968750e+02
2.130689999999999884e+02 1.710000000000000000e+02 2.691085815429687500e+02
2.134050000000000011e+02 1.980000000000000000e+02 2.691130371093750000e+02
2.137410000000000139e+02 1.270000000000000000e+02 2.691161193847656250e+02
2.140780000000000030e+02 3.250000000000000000e+02 2.691060180664062500e+02
2.144139999999999873e+02 2.490000000000000000e+02 2.691044921875000000e+02
2.147500000000000000e+02 4.700000000000000000e+02 2.691055908203125000e+02
2.150869999999999891e+02 3.250000000000000000e+02 2.691007080078125000e+02
2.154230000000000018e+02 3.560000000000000000e+02 2.690983886718750000e+02
2.157589999999999861e+02 3.020000000000000000e+02 2.690995788574218750e+02
2.160960000000000036e+02 3.110000000000000000e+02 2.690924987792968750e+02
2.164319999999999879e+02 2.260000000000000000e+02 2.691099548339843750e+02
2.167680000000000007e+02 2.980000000000000000e+02 2.691114807128906250e+02
2.171049999999999898e+02 2.270000000000000000e+02 2.691148986816406250e+02
2.174410000000000025e+02 1.680000000000000000e+02 2.691014404296875000e+02
2.177769999999999868e+02 3.470000000000000000e+02 2.691074218750000000e+02
