2.598290000000000077e+02 1.780000000000000000e+02 2.471291503906250000e+02
2.601659999999999968e+02 2.080000000000000000e+02 2.471324768066406250e+02
2.605020000000000095e+02 1.670000000000000000e+02 2.471264801025390625e+02
2.608399999999999750e+02 1.230000000000000000e+02 2.471330413818359375e+02
2.611759999999999877e+02 1.230000000000000000e+02 2.471288604736328125e+02
2.615120000000000005e+02 7.600000000000000000e+01 2.471032409667968750e+02
2.618489999999999895e+02 2.240000000000000000e+02 2.471259307861328125e+02
2.621850000000000023e+02 1.320000000000000000e+02 2.471192474365234375e+02
2.625210000000000150e+02 2.000000000000000000e+02 2.471241607666015625e+02
2.628580000000000041e+02 1.940000000000000000e+02 2.471177673339843750e+02
2.631940000000000168e+02 1.550000000000000000e+02 2.471292877197265625e+02
2.635299999999999727e+02 2.280000000000000000e+02 2.471199645996093750e+02
2.638670000000000186e+02 3.230000000000000000e+02 2.471189727783203125e+02
2.642029999999999745e+02 2.710000000000000000e+02 2.471181182861328125e+02
2.645389999999999873e+02 3.300000000000000000e+02 2.471214447021484375e+02
2.648750000000000000e+02 4.550000000000000000e+02 2.471216125488281250e+02
2.652119999999999891e+02 3.000000000000000000e+02 2.471145782470703125e+02
2.655480000000000018e+02 3.480000000000000000e+02 2.471251525878906250e+02
