2.603699999999999903e+01 7.700000000000000000e+01 3.651032104492187500e+02
2.637300000000000111e+01 3.080000000000000000e+02 3.650991821289062500e+02
2.671000000000000085e+01 3.880000000000000000e+02 3.650949707031250000e+02
2.704599999999999937e+01 8.850000000000000000e+02 3.650895690917968750e+02
2.738200000000000145e+01 1.295000000000000000e+03 3.650971069335937500e+02
2.771900000000000119e+01 2.020000000000000000e+03 3.650976867675781250e+02
2.805499999999999972e+01 3.235000000000000000e+03 3.650992736816406250e+02
2.839099999999999824e+01 5.049000000000000000e+03 3.650978393554687500e+02
2.872899999999999920e+01 7.365000000000000000e+03 3.650980529785156250e+02
2.906500000000000128e+01 1.162400000000000000e+04 3.651001892089843750e+02
2.940200000000000102e+01 1.611000000000000000e+04 3.650995788574218750e+02
2.973799999999999955e+01 2.223800000000000000e+04 3.650996398925781250e+02
3.007400000000000162e+01 2.820100000000000000e+04 3.651001281738281250e+02
3.041000000000000014e+01 3.308600000000000000e+04 3.651007385253906250e+02
3.074699999999999989e+01 3.697300000000000000e+04 3.651007385253906250e+02
3.108299999999999841e+01 3.565000000000000000e+04 3.651001281738281250e+02
3.141900000000000048e+01 3.350400000000000000e+04 3.650997009277343750e+02
3.175600000000000023e+01 3.188800000000000000e+04 3.651007995605468750e+02
3.209199999999999875e+01 2.916000000000000000e+04 3.651014099121093750e+02
3.242799999999999727e+01 3.073800000000000000e+04 3.651000976562500000e+02
3.276500000000000057e+01 3.115600000000000000e+04 3.651015014648437500e+02
3.310099999999999909e+01 3.303000000000000000e+04 3.651013793945312500e+02
3.343699999999999761e+01 3.545100000000000000e+04 3.651008911132812500e+02
3.377300000000000324e+01 3.670500000000000000e+04 3.651007080078125000e+02
3.410999999999999943e+01 3.748200000000000000e+04 3.651001586914062500e+02
3.444599999999999795e+01 4.006900000000000000e+04 3.651018981933593750e+02
3.478199999999999648e+01 4.084100000000000000e+04 3.651007995605468750e+02
3.511899999999999977e+01 4.252200000000000000e+04 3.651001586914062500e+02
3.545499999999999829e+01 4.162700000000000000e+04 3.651009216308593750e+02
3.579099999999999682e+01 4.211700000000000000e+04 3.651004638671875000e+02
3.612800000000000011e+01 4.262300000000000000e+04 3.651005859375000000e+02
3.646399999999999864e+01 4.180100000000000000e+04 3.651001586914062500e+02
3.679999999999999716e+01 3.997200000000000000e+04 3.651014404296875000e+02
3.713700000000000045e+01 3.867700000000000000e+04 3.651010131835937500e+02
3.747299999999999898e+01 3.701000000000000000e+04 3.651023864746093750e+02
3.780899999999999750e+01 3.471700000000000000e+04 3.651015014648437500e+02
3.814600000000000080e+01 3.388600000000000000e+04 3.651000976562500000e+02
3.848199999999999932e+01 3.407800000000000000e+04 3.651007690429687500e+02
3.882000000000000028e+01 3.042400000000000000e+04 3.650994567871093750e+02
3.915599999999999881e+01 2.867900000000000000e+04 3.650997009277343750e+02
3.949199999999999733e+01 2.642700000000000000e+04 3.651005554199218750e+02
3.982900000000000063e+01 2.560700000000000000e+04 3.651008605957031250e+02
4.016499999999999915e+01 2.387600000000000000e+04 3.650993957519531250e+02
4.050099999999999767e+01 2.171300000000000000e+04 3.651008605957031250e+02
4.083800000000000097e+01 2.088600000000000000e+04 3.651003723144531250e+02
4.117399999999999949e+01 2.020600000000000000e+04 3.650993957519531250e+02
4.150999999999999801e+01 1.875100000000000000e+04 3.651006164550781250e+02
4.184599999999999653e+01 1.726100000000000000e+04 3.651008605957031250e+02
4.218299999999999983e+01 1.677500000000000000e+04 3.651002807617187500e+02
4.251899999999999835e+01 1.511400000000000000e+04 3.651030883789062500e+02
4.285499999999999687e+01 1.344600000000000000e+04 3.650998229980468750e+02
4.319200000000000017e+01 9.292000000000000000e+03 3.651031494140625000e+02
4.352799999999999869e+01 6.213000000000000000e+03 3.651018981933593750e+02
4.386399999999999721e+01 4.375000000000000000e+03 3.651003723144531250e+02
4.420100000000000051e+01 3.822000000000000000e+03 3.651029357910156250e+02
4.453699999999999903e+01 4.670000000000000000e+03 3.650995178222656250e+02
4.487299999999999756e+01 4.775000000000000000e+03 3.651001892089843750e+02
4.520900000000000318e+01 5.934000000000000000e+03 3.651005554199218750e+02
4.554599999999999937e+01 6.314000000000000000e+03 3.651010131835937500e+02
4.588199999999999790e+01 7.622000000000000000e+03 3.651004333496093750e+02
4.621800000000000352e+01 7.709000000000000000e+03 3.650996704101562500e+02
4.655499999999999972e+01 8.636000000000000000e+03 3.650995788574218750e+02
4.689099999999999824e+01 8.111000000000000000e+03 3.651010437011718750e+02
4.722699999999999676e+01 7.830000000000000000e+03 3.651007690429687500e+02
4.756300000000000239e+01 7.043000000000000000e+03 3.651014099121093750e+02
4.789999999999999858e+01 8.086000000000000000e+03 3.651011962890625000e+02
4.823599999999999710e+01 7.762000000000000000e+03 3.651017761230468750e+02
4.857200000000000273e+01 7.869000000000000000e+03 3.651015014648437500e+02
4.890999999999999659e+01 8.948000000000000000e+03 3.650995788574218750e+02
4.924699999999999989e+01 8.637000000000000000e+03 3.651012573242187500e+02
4.958299999999999841e+01 8.409000000000000000e+03 3.651000061035156250e+02
4.991899999999999693e+01 8.897000000000000000e+03 3.651005249023437500e+02
5.025600000000000023e+01 8.531000000000000000e+03 3.650991821289062500e+02
5.059199999999999875e+01 9.090000000000000000e+03 3.651006774902343750e+02
