2.218139999999999930e+02 1.575800000000000000e+04 3.121664123535156250e+02
2.221510000000000105e+02 1.413200000000000000e+04 3.121676635742187500e+02
2.224869999999999948e+02 1.385600000000000000e+04 3.121661376953125000e+02
2.228230000000000075e+02 1.348100000000000000e+04 3.121661682128906250e+02
2.231599999999999966e+02 1.394800000000000000e+04 3.121665649414062500e+02
2.234960000000000093e+02 1.332500000000000000e+04 3.121668701171875000e+02
2.238319999999999936e+02 1.221100000000000000e+04 3.121662902832031250e+02
2.241690000000000111e+02 1.270100000000000000e+04 3.121664428710937500e+02
2.245049999999999955e+02 1.243800000000000000e+04 3.121654052734375000e+02
2.248420000000000130e+02 1.164300000000000000e+04 3.121681213378906250e+02
2.251779999999999973e+02 1.190100000000000000e+04 3.121659240722656250e+02
2.255140000000000100e+02 1.141200000000000000e+04 3.121665649414062500e+02
2.258509999999999991e+02 1.200400000000000000e+04 3.121657409667968750e+02
2.261870000000000118e+02 1.060700000000000000e+04 3.121662597656250000e+02
2.265229999999999961e+02 1.038300000000000000e+04 3.121662292480468750e+02
2.268600000000000136e+02 1.114400000000000000e+04 3.121664428710937500e+02
2.271959999999999980e+02 9.521000000000000000e+03 3.121678161621093750e+02
2.275320000000000107e+02 9.885000000000000000e+03 3.121680908203125000e+02
2.278679999999999950e+02 1.038200000000000000e+04 3.121660156250000000e+02
2.282050000000000125e+02 1.076800000000000000e+04 3.121665039062500000e+02
2.285409999999999968e+02 1.054600000000000000e+04 3.121668090820312500e+02
2.288770000000000095e+02 1.059100000000000000e+04 3.121674194335937500e+02
2.292170000000000130e+02 1.153900000000000000e+04 3.121667175292968750e+02
2.295529999999999973e+02 1.172800000000000000e+04 3.121667175292968750e+02
2.298890000000000100e+02 1.132000000000000000e+04 3.121682739257812500e+02
2.302259999999999991e+02 1.190800000000000000e+04 3.121686401367187500e+02
2.305639999999999930e+02 9.971000000000000000e+03 3.121684875488281250e+02
2.309000000000000057e+02 9.337000000000000000e+03 3.121666564941406250e+02
2.312359999999999900e+02 8.771000000000000000e+03 3.121681213378906250e+02
2.315730000000000075e+02 8.636000000000000000e+03 3.121676025390625000e+02
2.319089999999999918e+02 7.777000000000000000e+03 3.121682434082031250e+02
2.322450000000000045e+02 7.532000000000000000e+03 3.121697692871093750e+02
2.325819999999999936e+02 7.036000000000000000e+03 3.121697692871093750e+02
2.329180000000000064e+02 5.704000000000000000e+03 3.121687316894531250e+02
2.332549999999999955e+02 5.384000000000000000e+03 3.121696472167968750e+02
2.335920000000000130e+02 4.927000000000000000e+03 3.121693115234375000e+02
2.339279999999999973e+02 4.925000000000000000e+03 3.121692199707031250e+02
2.342640000000000100e+02 5.059000000000000000e+03 3.121701354980468750e+02
2.346009999999999991e+02 5.464000000000000000e+03 3.121683349609375000e+02
2.349370000000000118e+02 4.704000000000000000e+03 3.121674804687500000e+02
2.352729999999999961e+02 5.320000000000000000e+03 3.121676635742187500e+02
2.356090000000000089e+02 5.331000000000000000e+03 3.121671752929687500e+02
2.359459999999999980e+02 5.015000000000000000e+03 3.121685791015625000e+02
2.362820000000000107e+02 4.590000000000000000e+03 3.121691284179687500e+02
2.366179999999999950e+02 4.829000000000000000e+03 3.121674499511718750e+02
2.369550000000000125e+02 4.317000000000000000e+03 3.121673583984375000e+02
2.372909999999999968e+02 4.125000000000000000e+03 3.121702880859375000e+02
2.376270000000000095e+02 3.912000000000000000e+03 3.121701965332031250e+02
2.379639999999999986e+02 3.090000000000000000e+03 3.121718444824218750e+02
2.383000000000000114e+02 2.896000000000000000e+03 3.121700439453125000e+02
2.386359999999999957e+02 2.494000000000000000e+03 3.121701965332031250e+02
2.389730000000000132e+02 2.046000000000000000e+03 3.121716613769531250e+02
2.393089999999999975e+02 1.674000000000000000e+03 3.121691589355468750e+02
2.396459999999999866e+02 1.388000000000000000e+03 3.121717224121093750e+02
2.399819999999999993e+02 1.356000000000000000e+03 3.121734008789062500e+02
2.403189999999999884e+02 1.419000000000000000e+03 3.121691894531250000e+02
2.406570000000000107e+02 7.700000000000000000e+02 3.121683044433593750e+02
2.409929999999999950e+02 8.140000000000000000e+02 3.121693115234375000e+02
2.413290000000000077e+02 8.150000000000000000e+02 3.121693115234375000e+02
2.416649999999999920e+02 6.230000000000000000e+02 3.121729125976562500e+02
2.420020000000000095e+02 5.280000000000000000e+02 3.121717224121093750e+02
2.423379999999999939e+02 7.620000000000000000e+02 3.121693725585937500e+02
2.426740000000000066e+02 6.230000000000000000e+02 3.121681213378906250e+02
2.430109999999999957e+02 6.740000000000000000e+02 3.121674499511718750e+02
2.433470000000000084e+02 6.250000000000000000e+02 3.121678466796875000e+02
2.436829999999999927e+02 5.530000000000000000e+02 3.121694335937500000e+02
2.440200000000000102e+02 3.570000000000000000e+02 3.121754455566406250e+02
2.443559999999999945e+02 5.650000000000000000e+02 3.121722106933593750e+02
2.446920000000000073e+02 5.140000000000000000e+02 3.121694335937500000e+02
2.450279999999999916e+02 4.470000000000000000e+02 3.121678771972656250e+02
2.453650000000000091e+02 4.190000000000000000e+02 3.121679687500000000e+02
2.457019999999999982e+02 3.120000000000000000e+02 3.121640319824218750e+02
2.460380000000000109e+02 2.950000000000000000e+02 3.121672973632812500e+02
2.463739999999999952e+02 4.610000000000000000e+02 3.121725158691406250e+02
2.467119999999999891e+02 5.170000000000000000e+02 3.121705322265625000e+02
2.470480000000000018e+02 2.650000000000000000e+02 3.121715393066406250e+02
2.473839999999999861e+02 2.200000000000000000e+02 3.121684875488281250e+02
2.477199999999999989e+02 2.730000000000000000e+02 3.121613769531250000e+02
2.480569999999999879e+02 3.880000000000000000e+02 3.121658325195312500e+02
2.483930000000000007e+02 3.190000000000000000e+02 3.121589660644531250e+02
2.487290000000000134e+02 4.040000000000000000e+02 3.121632080078125000e+02
2.490660000000000025e+02 2.790000000000000000e+02 3.121660156250000000e+02
2.494019999999999868e+02 2.150000000000000000e+02 3.121687011718750000e+02
2.497379999999999995e+02 2.480000000000000000e+02 3.121637878417968750e+02
2.500749999999999886e+02 1.460000000000000000e+02 3.121664428710937500e+02
2.504110000000000014e+02 1.740000000000000000e+02 3.121571350097656250e+02
2.507489999999999952e+02 2.680000000000000000e+02 3.121686096191406250e+02
2.510850000000000080e+02 2.780000000000000000e+02 3.121625976562500000e+02
