4.520900000000000318e+01 1.410000000000000000e+02 5.221860351562500000e+02
4.554599999999999937e+01 1.940000000000000000e+02 5.221856079101562500e+02
4.588199999999999790e+01 3.500000000000000000e+02 5.221865844726562500e+02
4.621800000000000352e+01 3.970000000000000000e+02 5.221873168945312500e+02
4.655499999999999972e+01 5.510000000000000000e+02 5.221910400390625000e+02
4.689099999999999824e+01 7.330000000000000000e+02 5.221943359375000000e+02
4.722699999999999676e+01 1.227000000000000000e+03 5.221897583007812500e+02
4.756300000000000239e+01 1.513000000000000000e+03 5.221937255859375000e+02
4.789999999999999858e+01 2.010000000000000000e+03 5.221954345703125000e+02
4.823599999999999710e+01 2.150000000000000000e+03 5.221948852539062500e+02
4.857200000000000273e+01 2.389000000000000000e+03 5.221929931640625000e+02
4.890999999999999659e+01 2.828000000000000000e+03 5.221917724609375000e+02
4.924699999999999989e+01 3.141000000000000000e+03 5.221955566406250000e+02
4.958299999999999841e+01 3.829000000000000000e+03 5.221972045898437500e+02
4.991899999999999693e+01 3.756000000000000000e+03 5.221929321289062500e+02
5.025600000000000023e+01 3.777000000000000000e+03 5.221929931640625000e+02
5.059199999999999875e+01 4.156000000000000000e+03 5.221927490234375000e+02
5.092799999999999727e+01 3.996000000000000000e+03 5.221954956054687500e+02
5.126500000000000057e+01 4.218000000000000000e+03 5.221923828125000000e+02
5.160199999999999676e+01 4.091000000000000000e+03 5.221962280273437500e+02
5.193800000000000239e+01 4.048000000000000000e+03 5.221927490234375000e+02
5.227400000000000091e+01 4.384000000000000000e+03 5.221923217773437500e+02
5.260999999999999943e+01 4.076000000000000000e+03 5.221934814453125000e+02
5.294700000000000273e+01 4.074000000000000000e+03 5.221915283203125000e+02
5.328300000000000125e+01 3.856000000000000000e+03 5.221940917968750000e+02
5.361899999999999977e+01 3.779000000000000000e+03 5.221925048828125000e+02
5.395600000000000307e+01 3.849000000000000000e+03 5.221923217773437500e+02
5.429200000000000159e+01 3.775000000000000000e+03 5.221946411132812500e+02
5.462800000000000011e+01 3.516000000000000000e+03 5.221939697265625000e+02
5.496500000000000341e+01 3.252000000000000000e+03 5.221962280273437500e+02
5.530100000000000193e+01 2.849000000000000000e+03 5.221944580078125000e+02
5.563700000000000045e+01 3.085000000000000000e+03 5.221936035156250000e+02
5.597299999999999898e+01 3.044000000000000000e+03 5.221913452148437500e+02
5.631000000000000227e+01 2.968000000000000000e+03 5.221959228515625000e+02
5.664600000000000080e+01 2.682000000000000000e+03 5.221905517578125000e+02
5.698199999999999932e+01 2.618000000000000000e+03 5.221907348632812500e+02
5.731900000000000261e+01 2.512000000000000000e+03 5.221931762695312500e+02
5.765500000000000114e+01 2.011000000000000000e+03 5.221940307617187500e+02
5.799099999999999966e+01 1.788000000000000000e+03 5.221913452148437500e+02
5.832800000000000296e+01 2.100000000000000000e+03 5.221944580078125000e+02
5.866400000000000148e+01 2.124000000000000000e+03 5.221947631835937500e+02
5.900200000000000244e+01 2.148000000000000000e+03 5.221931762695312500e+02
5.933800000000000097e+01 1.733000000000000000e+03 5.221948852539062500e+02
5.967399999999999949e+01 1.870000000000000000e+03 5.221937255859375000e+02
6.001080000000000325e+01 1.688000000000000000e+03 5.221983032226562500e+02
6.034680000000000177e+01 1.635000000000000000e+03 5.221931762695312500e+02
6.068280000000000030e+01 1.559000000000000000e+03 5.221925659179687500e+02
6.102000000000000313e+01 1.648000000000000000e+03 5.221977539062500000e+02
6.135600000000000165e+01 1.319000000000000000e+03 5.221932983398437500e+02
6.169200000000000017e+01 1.398000000000000000e+03 5.221942138671875000e+02
6.202920000000000300e+01 1.127000000000000000e+03 5.221925659179687500e+02
6.236520000000000152e+01 1.061000000000000000e+03 5.221939086914062500e+02
6.270120000000000005e+01 1.344000000000000000e+03 5.221879272460937500e+02
6.303719999999999857e+01 1.059000000000000000e+03 5.221939697265625000e+02
6.337380000000000280e+01 9.940000000000000000e+02 5.221889648437500000e+02
6.370980000000000132e+01 1.160000000000000000e+03 5.221953735351562500e+02
6.404579999999999984e+01 9.870000000000000000e+02 5.221955566406250000e+02
6.438299999999999557e+01 9.990000000000000000e+02 5.221861572265625000e+02
6.472020000000000550e+01 9.630000000000000000e+02 5.221918334960937500e+02
6.505620000000000402e+01 9.310000000000000000e+02 5.221979980468750000e+02
6.539220000000000255e+01 6.720000000000000000e+02 5.221934814453125000e+02
6.572880000000000678e+01 9.860000000000000000e+02 5.221928710937500000e+02
6.606480000000000530e+01 5.090000000000000000e+02 5.221932983398437500e+02
6.640080000000000382e+01 4.950000000000000000e+02 5.221918945312500000e+02
6.673799999999999955e+01 5.580000000000000000e+02 5.221909790039062500e+02
