3.041000000000000014e+01 8.900000000000000000e+01 4.600118103027343750e+02
3.074699999999999989e+01 1.370000000000000000e+02 4.600118103027343750e+02
3.108299999999999841e+01 3.740000000000000000e+02 4.600289611816406250e+02
3.141900000000000048e+01 7.320000000000000000e+02 4.600320434570312500e+02
3.175600000000000023e+01 1.513000000000000000e+03 4.600262451171875000e+02
3.209199999999999875e+01 2.035000000000000000e+03 4.600307617187500000e+02
3.242799999999999727e+01 2.206000000000000000e+03 4.600274658203125000e+02
3.276500000000000057e+01 2.240000000000000000e+03 4.600354919433593750e+02
3.310099999999999909e+01 1.809000000000000000e+03 4.600317687988281250e+02
3.343699999999999761e+01 1.785000000000000000e+03 4.600329895019531250e+02
3.377300000000000324e+01 1.472000000000000000e+03 4.600267639160156250e+02
3.410999999999999943e+01 1.515000000000000000e+03 4.600277709960937500e+02
3.444599999999999795e+01 1.280000000000000000e+03 4.600279541015625000e+02
3.478199999999999648e+01 1.239000000000000000e+03 4.600267333984375000e+02
3.511899999999999977e+01 1.108000000000000000e+03 4.600280456542968750e+02
3.545499999999999829e+01 7.940000000000000000e+02 4.600330200195312500e+02
3.579099999999999682e+01 7.720000000000000000e+02 4.600284423828125000e+02
3.612800000000000011e+01 8.080000000000000000e+02 4.600251464843750000e+02
3.646399999999999864e+01 5.820000000000000000e+02 4.600318908691406250e+02
3.679999999999999716e+01 3.720000000000000000e+02 4.600313720703125000e+02
3.713700000000000045e+01 5.680000000000000000e+02 4.600308837890625000e+02
3.747299999999999898e+01 4.730000000000000000e+02 4.600294494628906250e+02
3.780899999999999750e+01 3.250000000000000000e+02 4.600342407226562500e+02
3.814600000000000080e+01 3.080000000000000000e+02 4.600189514160156250e+02
3.848199999999999932e+01 3.810000000000000000e+02 4.600373840332031250e+02
3.882000000000000028e+01 2.680000000000000000e+02 4.600268554687500000e+02
3.915599999999999881e+01 2.770000000000000000e+02 4.600221252441406250e+02
3.949199999999999733e+01 2.240000000000000000e+02 4.600301513671875000e+02
3.982900000000000063e+01 2.620000000000000000e+02 4.600303039550781250e+02
4.016499999999999915e+01 1.960000000000000000e+02 4.600206604003906250e+02
4.050099999999999767e+01 1.560000000000000000e+02 4.600334472656250000e+02
4.083800000000000097e+01 1.800000000000000000e+02 4.600378723144531250e+02
4.117399999999999949e+01 1.600000000000000000e+02 4.600374450683593750e+02
4.150999999999999801e+01 2.650000000000000000e+02 4.600296325683593750e+02
4.184599999999999653e+01 1.450000000000000000e+02 4.600216979980468750e+02
4.218299999999999983e+01 1.450000000000000000e+02 4.600308532714843750e+02
4.251899999999999835e+01 3.960000000000000000e+02 4.600256347656250000e+02
4.285499999999999687e+01 1.516000000000000000e+03 4.600260009765625000e+02
4.319200000000000017e+01 2.632000000000000000e+03 4.600290527343750000e+02
4.352799999999999869e+01 3.732000000000000000e+03 4.600295715332031250e+02
4.386399999999999721e+01 4.370000000000000000e+03 4.600291137695312500e+02
4.420100000000000051e+01 3.668000000000000000e+03 4.600299987792968750e+02
4.453699999999999903e+01 3.689000000000000000e+03 4.600292968750000000e+02
4.487299999999999756e+01 2.951000000000000000e+03 4.600294189453125000e+02
4.520900000000000318e+01 2.534000000000000000e+03 4.600287780761718750e+02
4.554599999999999937e+01 2.084000000000000000e+03 4.600303955078125000e+02
4.588199999999999790e+01 1.238000000000000000e+03 4.600280456542968750e+02
4.621800000000000352e+01 8.960000000000000000e+02 4.600302124023437500e+02
4.655499999999999972e+01 6.750000000000000000e+02 4.600323486328125000e+02
4.689099999999999824e+01 6.260000000000000000e+02 4.600259704589843750e+02
4.722699999999999676e+01 4.620000000000000000e+02 4.600201110839843750e+02
4.756300000000000239e+01 4.200000000000000000e+02 4.600354614257812500e+02
4.789999999999999858e+01 3.010000000000000000e+02 4.600289001464843750e+02
4.823599999999999710e+01 2.170000000000000000e+02 4.600184631347656250e+02
4.857200000000000273e+01 2.930000000000000000e+02 4.600198364257812500e+02
4.890999999999999659e+01 2.710000000000000000e+02 4.600263977050781250e+02
4.924699999999999989e+01 3.520000000000000000e+02 4.600213928222656250e+02
4.958299999999999841e+01 2.330000000000000000e+02 4.600331115722656250e+02
4.991899999999999693e+01 2.390000000000000000e+02 4.600205383300781250e+02
5.025600000000000023e+01 1.520000000000000000e+02 4.600333251953125000e+02
5.059199999999999875e+01 1.620000000000000000e+02 4.600364685058593750e+02
5.092799999999999727e+01 1.710000000000000000e+02 4.600333862304687500e+02
5.126500000000000057e+01 2.280000000000000000e+02 4.600182495117187500e+02
5.160199999999999676e+01 1.780000000000000000e+02 4.600253906250000000e+02
5.193800000000000239e+01 1.270000000000000000e+02 4.600254516601562500e+02
5.227400000000000091e+01 2.100000000000000000e+02 4.600316162109375000e+02
5.260999999999999943e+01 1.190000000000000000e+02 4.600361328125000000e+02
5.294700000000000273e+01 2.080000000000000000e+02 4.600199584960937500e+02
5.328300000000000125e+01 2.090000000000000000e+02 4.600216674804687500e+02
