1.239230000000000018e+02 7.742000000000000000e+03 1.320471343994140625e+02
1.242600000000000051e+02 6.649000000000000000e+03 1.320466156005859375e+02
1.245960000000000036e+02 6.327000000000000000e+03 1.320468444824218750e+02
1.249320000000000022e+02 7.217000000000000000e+03 1.320470275878906250e+02
1.252690000000000055e+02 7.554000000000000000e+03 1.320479736328125000e+02
1.256050000000000040e+02 7.209000000000000000e+03 1.320467834472656250e+02
1.259410000000000025e+02 6.922000000000000000e+03 1.320469055175781250e+02
1.262770000000000010e+02 6.415000000000000000e+03 1.320470581054687500e+02
1.266140000000000043e+02 6.382000000000000000e+03 1.320472259521484375e+02
1.269500000000000028e+02 6.700000000000000000e+03 1.320474395751953125e+02
1.272860000000000014e+02 6.453000000000000000e+03 1.320479583740234375e+02
1.276230000000000047e+02 7.060000000000000000e+03 1.320469970703125000e+02
1.279590000000000032e+02 5.978000000000000000e+03 1.320480651855468750e+02
1.282949999999999875e+02 6.681000000000000000e+03 1.320478973388671875e+02
1.286320000000000050e+02 6.673000000000000000e+03 1.320476684570312500e+02
1.289679999999999893e+02 6.146000000000000000e+03 1.320475921630859375e+02
1.293040000000000020e+02 6.350000000000000000e+03 1.320464782714843750e+02
1.296430000000000007e+02 5.784000000000000000e+03 1.320478210449218750e+02
1.299790000000000134e+02 6.780000000000000000e+03 1.320474243164062500e+02
1.303160000000000025e+02 6.119000000000000000e+03 1.320473327636718750e+02
1.306519999999999868e+02 5.406000000000000000e+03 1.320475158691406250e+02
1.309879999999999995e+02 5.816000000000000000e+03 1.320474853515625000e+02
1.313240000000000123e+02 5.437000000000000000e+03 1.320470733642578125e+02
1.316610000000000014e+02 5.922000000000000000e+03 1.320474700927734375e+02
1.319970000000000141e+02 5.533000000000000000e+03 1.320473632812500000e+02
1.323329999999999984e+02 4.916000000000000000e+03 1.320466461181640625e+02
1.326699999999999875e+02 4.921000000000000000e+03 1.320475921630859375e+02
1.330060000000000002e+02 5.832000000000000000e+03 1.320471038818359375e+02
1.333420000000000130e+02 4.931000000000000000e+03 1.320480804443359375e+02
1.336790000000000020e+02 5.485000000000000000e+03 1.320471038818359375e+02
1.340149999999999864e+02 5.129000000000000000e+03 1.320478973388671875e+02
1.343509999999999991e+02 4.865000000000000000e+03 1.320465087890625000e+02
1.346870000000000118e+02 5.278000000000000000e+03 1.320475311279296875e+02
1.350240000000000009e+02 4.961000000000000000e+03 1.320485229492187500e+02
1.353600000000000136e+02 5.251000000000000000e+03 1.320473632812500000e+02
1.356959999999999980e+02 4.749000000000000000e+03 1.320472717285156250e+02
1.360329999999999870e+02 4.407000000000000000e+03 1.320472259521484375e+02
1.363689999999999998e+02 4.369000000000000000e+03 1.320473937988281250e+02
1.367059999999999889e+02 4.526000000000000000e+03 1.320470581054687500e+02
1.370420000000000016e+02 4.398000000000000000e+03 1.320471191406250000e+02
1.373779999999999859e+02 4.396000000000000000e+03 1.320476074218750000e+02
1.377150000000000034e+02 4.835000000000000000e+03 1.320472869873046875e+02
1.380509999999999877e+02 4.415000000000000000e+03 1.320472106933593750e+02
1.383870000000000005e+02 4.224000000000000000e+03 1.320474243164062500e+02
1.387239999999999895e+02 4.102000000000000000e+03 1.320473785400390625e+02
1.390600000000000023e+02 3.894000000000000000e+03 1.320477752685546875e+02
1.393959999999999866e+02 3.568000000000000000e+03 1.320478668212890625e+02
1.397340000000000089e+02 3.891000000000000000e+03 1.320472717285156250e+02
1.400709999999999980e+02 4.055000000000000000e+03 1.320465240478515625e+02
1.404070000000000107e+02 3.921000000000000000e+03 1.320465240478515625e+02
1.407429999999999950e+02 3.373000000000000000e+03 1.320481719970703125e+02
1.410800000000000125e+02 3.706000000000000000e+03 1.320473022460937500e+02
1.414159999999999968e+02 3.559000000000000000e+03 1.320478668212890625e+02
1.417520000000000095e+02 3.405000000000000000e+03 1.320475006103515625e+02
1.420879999999999939e+02 3.202000000000000000e+03 1.320476074218750000e+02
1.424250000000000114e+02 2.749000000000000000e+03 1.320477600097656250e+02
1.427609999999999957e+02 2.752000000000000000e+03 1.320471496582031250e+02
1.430970000000000084e+02 3.009000000000000000e+03 1.320473937988281250e+02
1.434339999999999975e+02 2.128000000000000000e+03 1.320480194091796875e+02
1.437700000000000102e+02 3.121000000000000000e+03 1.320482635498046875e+02
1.441059999999999945e+02 2.608000000000000000e+03 1.320479583740234375e+02
1.444430000000000121e+02 2.030000000000000000e+03 1.320473632812500000e+02
1.447789999999999964e+02 2.645000000000000000e+03 1.320482025146484375e+02
1.451160000000000139e+02 1.713000000000000000e+03 1.320485382080078125e+02
1.454519999999999982e+02 2.201000000000000000e+03 1.320476531982421875e+02
1.457889999999999873e+02 1.850000000000000000e+03 1.320477142333984375e+02
1.461250000000000000e+02 1.371000000000000000e+03 1.320466461181640625e+02
1.464610000000000127e+02 1.808000000000000000e+03 1.320480499267578125e+02
1.467980000000000018e+02 1.515000000000000000e+03 1.320484008789062500e+02
1.471339999999999861e+02 1.216000000000000000e+03 1.320475006103515625e+02
1.474699999999999989e+02 1.386000000000000000e+03 1.320470733642578125e+02
1.478069999999999879e+02 1.288000000000000000e+03 1.320463714599609375e+02
1.481430000000000007e+02 1.220000000000000000e+03 1.320473785400390625e+02
1.484790000000000134e+02 1.100000000000000000e+03 1.320468139648437500e+02
1.488160000000000025e+02 1.071000000000000000e+03 1.320476989746093750e+02
1.491519999999999868e+02 9.840000000000000000e+02 1.320469360351562500e+02
1.494879999999999995e+02 7.320000000000000000e+02 1.320484619140625000e+02
1.498259999999999934e+02 7.630000000000000000e+02 1.320460052490234375e+02
1.501620000000000061e+02 8.790000000000000000e+02 1.320470428466796875e+02
1.504989999999999952e+02 1.024000000000000000e+03 1.320458831787109375e+02
1.508350000000000080e+02 6.590000000000000000e+02 1.320476379394531250e+02
1.511709999999999923e+02 6.310000000000000000e+02 1.320466308593750000e+02
1.515070000000000050e+02 5.350000000000000000e+02 1.320472564697265625e+02
1.518439999999999941e+02 5.460000000000000000e+02 1.320472564697265625e+02
1.521800000000000068e+02 6.220000000000000000e+02 1.320466003417968750e+02
1.525159999999999911e+02 3.610000000000000000e+02 1.320451812744140625e+02
1.528530000000000086e+02 6.380000000000000000e+02 1.320474548339843750e+02
1.531889999999999930e+02 5.130000000000000000e+02 1.320453338623046875e+02
