2.154230000000000018e+02 1.160000000000000000e+02 2.080596466064453125e+02
2.157589999999999861e+02 4.900000000000000000e+01 2.080600891113281250e+02
2.160960000000000036e+02 9.500000000000000000e+01 2.080718841552734375e+02
2.164319999999999879e+02 2.730000000000000000e+02 2.080630950927734375e+02
2.167680000000000007e+02 3.170000000000000000e+02 2.080651092529296875e+02
2.171049999999999898e+02 5.340000000000000000e+02 2.080608673095703125e+02
2.174410000000000025e+02 1.185000000000000000e+03 2.080627136230468750e+02
2.177769999999999868e+02 1.807000000000000000e+03 2.080645599365234375e+02
2.181129999999999995e+02 1.608000000000000000e+03 2.080623779296875000e+02
2.184499999999999886e+02 1.915000000000000000e+03 2.080596008300781250e+02
2.187860000000000014e+02 2.126000000000000000e+03 2.080615844726562500e+02
2.191220000000000141e+02 2.313000000000000000e+03 2.080620727539062500e+02
2.194590000000000032e+02 2.406000000000000000e+03 2.080634307861328125e+02
2.197949999999999875e+02 2.083000000000000000e+03 2.080633087158203125e+02
2.201310000000000002e+02 2.077000000000000000e+03 2.080628356933593750e+02
2.204689999999999941e+02 2.081000000000000000e+03 2.080643768310546875e+02
2.208050000000000068e+02 2.317000000000000000e+03 2.080623779296875000e+02
2.211419999999999959e+02 2.210000000000000000e+03 2.080610961914062500e+02
2.214780000000000086e+02 2.099000000000000000e+03 2.080621795654296875e+02
2.218139999999999930e+02 2.383000000000000000e+03 2.080639495849609375e+02
2.221510000000000105e+02 2.130000000000000000e+03 2.080639801025390625e+02
2.224869999999999948e+02 2.282000000000000000e+03 2.080628814697265625e+02
2.228230000000000075e+02 2.547000000000000000e+03 2.080624237060546875e+02
2.231599999999999966e+02 2.648000000000000000e+03 2.080648651123046875e+02
2.234960000000000093e+02 2.812000000000000000e+03 2.080658416748046875e+02
2.238319999999999936e+02 3.557000000000000000e+03 2.080634613037109375e+02
2.241690000000000111e+02 3.351000000000000000e+03 2.080641479492187500e+02
2.245049999999999955e+02 3.524000000000000000e+03 2.080634765625000000e+02
2.248420000000000130e+02 3.205000000000000000e+03 2.080655364990234375e+02
2.251779999999999973e+02 3.056000000000000000e+03 2.080656890869140625e+02
2.255140000000000100e+02 2.940000000000000000e+03 2.080648956298828125e+02
2.258509999999999991e+02 2.436000000000000000e+03 2.080663757324218750e+02
2.261870000000000118e+02 2.268000000000000000e+03 2.080648651123046875e+02
2.265229999999999961e+02 2.122000000000000000e+03 2.080648193359375000e+02
2.268600000000000136e+02 1.878000000000000000e+03 2.080646209716796875e+02
2.271959999999999980e+02 1.838000000000000000e+03 2.080640258789062500e+02
2.275320000000000107e+02 1.806000000000000000e+03 2.080643920898437500e+02
2.278679999999999950e+02 1.306000000000000000e+03 2.080648651123046875e+02
2.282050000000000125e+02 1.465000000000000000e+03 2.080636444091796875e+02
2.285409999999999968e+02 1.419000000000000000e+03 2.080648193359375000e+02
2.288770000000000095e+02 1.129000000000000000e+03 2.080610961914062500e+02
2.292170000000000130e+02 1.327000000000000000e+03 2.080627288818359375e+02
2.295529999999999973e+02 1.055000000000000000e+03 2.080628051757812500e+02
2.298890000000000100e+02 1.185000000000000000e+03 2.080621795654296875e+02
2.302259999999999991e+02 1.012000000000000000e+03 2.080638122558593750e+02
2.305639999999999930e+02 8.500000000000000000e+02 2.080634460449218750e+02
2.309000000000000057e+02 1.098000000000000000e+03 2.080623321533203125e+02
2.312359999999999900e+02 9.530000000000000000e+02 2.080645141601562500e+02
2.315730000000000075e+02 9.100000000000000000e+02 2.080621795654296875e+02
2.319089999999999918e+02 7.850000000000000000e+02 2.080652618408203125e+02
2.322450000000000045e+02 8.380000000000000000e+02 2.080644836425781250e+02
2.325819999999999936e+02 7.460000000000000000e+02 2.080668029785156250e+02
2.329180000000000064e+02 7.590000000000000000e+02 2.080666351318359375e+02
2.332549999999999955e+02 6.440000000000000000e+02 2.080663299560546875e+02
2.335920000000000130e+02 4.870000000000000000e+02 2.080639648437500000e+02
2.339279999999999973e+02 6.710000000000000000e+02 2.080669250488281250e+02
2.342640000000000100e+02 4.370000000000000000e+02 2.080615081787109375e+02
2.346009999999999991e+02 5.080000000000000000e+02 2.080669555664062500e+02
2.349370000000000118e+02 8.210000000000000000e+02 2.080635528564453125e+02
2.352729999999999961e+02 5.520000000000000000e+02 2.080635223388671875e+02
2.356090000000000089e+02 6.800000000000000000e+02 2.080676269531250000e+02
2.359459999999999980e+02 4.680000000000000000e+02 2.080685882568359375e+02
2.362820000000000107e+02 9.040000000000000000e+02 2.080643310546875000e+02
2.366179999999999950e+02 5.730000000000000000e+02 2.080664062500000000e+02
2.369550000000000125e+02 5.230000000000000000e+02 2.080661315917968750e+02
2.372909999999999968e+02 6.300000000000000000e+02 2.080651702880859375e+02
2.376270000000000095e+02 3.800000000000000000e+02 2.080635223388671875e+02
2.379639999999999986e+02 5.080000000000000000e+02 2.080680541992187500e+02
2.383000000000000114e+02 3.400000000000000000e+02 2.080640411376953125e+02
