8.713920000000000528e+02 1.320000000000000000e+02 2.472359771728515625e+02
8.717340000000000373e+02 1.070000000000000000e+02 2.472347412109375000e+02
8.720700000000000500e+02 2.670000000000000000e+02 2.472378997802734375e+02
8.724059999999999491e+02 2.170000000000000000e+02 2.472353363037109375e+02
8.727419999999999618e+02 9.000000000000000000e+01 2.472328948974609375e+02
8.730779999999999745e+02 2.770000000000000000e+02 2.472342529296875000e+02
8.734139999999999873e+02 4.350000000000000000e+02 2.472368011474609375e+02
8.737500000000000000e+02 6.080000000000000000e+02 2.472408142089843750e+02
8.740860000000000127e+02 8.030000000000000000e+02 2.472367706298828125e+02
8.744220000000000255e+02 9.550000000000000000e+02 2.472405548095703125e+02
8.747580000000000382e+02 1.734000000000000000e+03 2.472382812500000000e+02
8.750940000000000509e+02 1.653000000000000000e+03 2.472393188476562500e+02
8.754299999999999500e+02 2.029000000000000000e+03 2.472383117675781250e+02
8.757659999999999627e+02 2.200000000000000000e+03 2.472388610839843750e+02
8.761019999999999754e+02 2.258000000000000000e+03 2.472389678955078125e+02
8.764439999999999600e+02 2.734000000000000000e+03 2.472383422851562500e+02
8.767799999999999727e+02 2.718000000000000000e+03 2.472397918701171875e+02
8.771159999999999854e+02 2.471000000000000000e+03 2.472389678955078125e+02
8.774519999999999982e+02 2.270000000000000000e+03 2.472379608154296875e+02
8.777880000000000109e+02 1.904000000000000000e+03 2.472385253906250000e+02
8.781240000000000236e+02 1.265000000000000000e+03 2.472396850585937500e+02
8.784600000000000364e+02 1.240000000000000000e+03 2.472381134033203125e+02
8.787960000000000491e+02 1.116000000000000000e+03 2.472393798828125000e+02
8.791319999999999482e+02 7.930000000000000000e+02 2.472374572753906250e+02
8.794679999999999609e+02 5.380000000000000000e+02 2.472392730712890625e+02
8.798039999999999736e+02 5.950000000000000000e+02 2.472387237548828125e+02
8.801399999999999864e+02 2.950000000000000000e+02 2.472342071533203125e+02
8.804759999999999991e+02 2.330000000000000000e+02 2.472364196777343750e+02
8.808120000000000118e+02 1.130000000000000000e+02 2.472375640869140625e+02
8.811480000000000246e+02 2.230000000000000000e+02 2.472348175048828125e+02
8.814840000000000373e+02 1.580000000000000000e+02 2.472369689941406250e+02
8.818200000000000500e+02 2.080000000000000000e+02 2.472416687011718750e+02
8.821559999999999491e+02 9.200000000000000000e+01 2.472444610595703125e+02
8.824919999999999618e+02 5.100000000000000000e+01 2.472364959716796875e+02
8.828279999999999745e+02 1.200000000000000000e+02 2.472347717285156250e+02
8.831699999999999591e+02 1.090000000000000000e+02 2.472467803955078125e+02
8.835059999999999718e+02 1.120000000000000000e+02 2.472330474853515625e+02
8.838419999999999845e+02 1.740000000000000000e+02 2.472385101318359375e+02
8.841779999999999973e+02 1.390000000000000000e+02 2.472315521240234375e+02
8.845140000000000100e+02 1.010000000000000000e+02 2.472369232177734375e+02
8.848500000000000227e+02 1.790000000000000000e+02 2.472377777099609375e+02
8.851860000000000355e+02 1.770000000000000000e+02 2.472336578369140625e+02
8.855220000000000482e+02 3.110000000000000000e+02 2.472391204833984375e+02
8.858579999999999472e+02 2.040000000000000000e+02 2.472354736328125000e+02
8.861939999999999600e+02 2.070000000000000000e+02 2.472430114746093750e+02
8.865359999999999445e+02 2.130000000000000000e+02 2.472411804199218750e+02
8.868719999999999573e+02 2.460000000000000000e+02 2.472359161376953125e+02
8.872079999999999700e+02 2.160000000000000000e+02 2.472367706298828125e+02
8.875439999999999827e+02 2.070000000000000000e+02 2.472372436523437500e+02
8.878799999999999955e+02 1.190000000000000000e+02 2.472423400878906250e+02
8.882160000000000082e+02 1.410000000000000000e+02 2.472423858642578125e+02
8.885520000000000209e+02 1.400000000000000000e+02 2.472289123535156250e+02
