2.450279999999999916e+02 2.970000000000000000e+02 2.620534667968750000e+02
2.453650000000000091e+02 5.850000000000000000e+02 2.620425720214843750e+02
2.457019999999999982e+02 9.820000000000000000e+02 2.620482788085937500e+02
2.460380000000000109e+02 1.400000000000000000e+03 2.620445556640625000e+02
2.463739999999999952e+02 1.819000000000000000e+03 2.620470275878906250e+02
2.467119999999999891e+02 2.120000000000000000e+03 2.620482788085937500e+02
2.470480000000000018e+02 2.140000000000000000e+03 2.620483703613281250e+02
2.473839999999999861e+02 2.228000000000000000e+03 2.620449829101562500e+02
2.477199999999999989e+02 2.516000000000000000e+03 2.620469360351562500e+02
2.480569999999999879e+02 2.404000000000000000e+03 2.620454711914062500e+02
2.483930000000000007e+02 2.488000000000000000e+03 2.620449218750000000e+02
2.487290000000000134e+02 2.269000000000000000e+03 2.620467529296875000e+02
2.490660000000000025e+02 1.965000000000000000e+03 2.620458984375000000e+02
2.494019999999999868e+02 2.125000000000000000e+03 2.620455017089843750e+02
2.497379999999999995e+02 1.994000000000000000e+03 2.620483398437500000e+02
2.500749999999999886e+02 1.483000000000000000e+03 2.620478515625000000e+02
2.504110000000000014e+02 1.536000000000000000e+03 2.620456237792968750e+02
2.507489999999999952e+02 1.629000000000000000e+03 2.620440979003906250e+02
2.510850000000000080e+02 1.215000000000000000e+03 2.620484313964843750e+02
2.514209999999999923e+02 1.014000000000000000e+03 2.620458984375000000e+02
2.517580000000000098e+02 1.034000000000000000e+03 2.620482177734375000e+02
2.520939999999999941e+02 6.640000000000000000e+02 2.620431823730468750e+02
2.524300000000000068e+02 8.760000000000000000e+02 2.620462036132812500e+02
2.527669999999999959e+02 7.580000000000000000e+02 2.620453796386718750e+02
2.531030000000000086e+02 7.230000000000000000e+02 2.620430908203125000e+02
2.534389999999999930e+02 4.440000000000000000e+02 2.620440673828125000e+02
2.537750000000000057e+02 2.610000000000000000e+02 2.620386047363281250e+02
2.541119999999999948e+02 3.570000000000000000e+02 2.620416564941406250e+02
2.544480000000000075e+02 3.040000000000000000e+02 2.620500488281250000e+02
2.547839999999999918e+02 1.880000000000000000e+02 2.620454711914062500e+02
2.551210000000000093e+02 1.570000000000000000e+02 2.620432739257812500e+02
2.554569999999999936e+02 2.090000000000000000e+02 2.620481262207031250e+02
2.557940000000000111e+02 1.660000000000000000e+02 2.620397949218750000e+02
2.561299999999999955e+02 7.200000000000000000e+01 2.620563964843750000e+02
2.564660000000000082e+02 1.170000000000000000e+02 2.620578002929687500e+02
2.568029999999999973e+02 9.700000000000000000e+01 2.620423278808593750e+02
2.571390000000000100e+02 6.700000000000000000e+01 2.620476989746093750e+02
2.574750000000000227e+02 9.200000000000000000e+01 2.620347595214843750e+02
