1.844759999999999991e+02 7.500000000000000000e+01 2.241162719726562500e+02
1.848120000000000118e+02 1.380000000000000000e+02 2.241107177734375000e+02
1.851490000000000009e+02 1.760000000000000000e+02 2.240991516113281250e+02
1.854850000000000136e+02 1.820000000000000000e+02 2.241103515625000000e+02
1.858209999999999980e+02 1.280000000000000000e+02 2.240873870849609375e+02
1.861579999999999870e+02 1.710000000000000000e+02 2.241054077148437500e+02
1.864939999999999998e+02 1.410000000000000000e+02 2.240995025634765625e+02
1.868300000000000125e+02 2.160000000000000000e+02 2.240996246337890625e+02
1.871659999999999968e+02 2.390000000000000000e+02 2.240991973876953125e+02
1.875029999999999859e+02 2.820000000000000000e+02 2.241049346923828125e+02
1.878389999999999986e+02 3.990000000000000000e+02 2.241044311523437500e+02
1.881750000000000114e+02 1.399000000000000000e+03 2.241034393310546875e+02
1.885120000000000005e+02 5.209000000000000000e+03 2.241043090820312500e+02
1.888480000000000132e+02 1.005500000000000000e+04 2.241044006347656250e+02
1.891839999999999975e+02 1.469300000000000000e+04 2.241044158935546875e+02
1.895209999999999866e+02 1.810800000000000000e+04 2.241035308837890625e+02
1.898569999999999993e+02 1.866400000000000000e+04 2.241045532226562500e+02
1.901949999999999932e+02 1.788400000000000000e+04 2.241034545898437500e+02
1.905310000000000059e+02 1.659100000000000000e+04 2.241038360595703125e+02
1.908669999999999902e+02 1.728500000000000000e+04 2.241047363281250000e+02
1.912040000000000077e+02 1.909000000000000000e+04 2.241043701171875000e+02
1.915399999999999920e+02 2.030800000000000000e+04 2.241043090820312500e+02
1.918760000000000048e+02 2.291000000000000000e+04 2.241051483154296875e+02
1.922129999999999939e+02 2.206600000000000000e+04 2.241044311523437500e+02
1.925490000000000066e+02 2.027400000000000000e+04 2.241045989990234375e+02
1.928859999999999957e+02 1.847700000000000000e+04 2.241040496826171875e+02
1.932220000000000084e+02 1.632300000000000000e+04 2.241039886474609375e+02
1.935579999999999927e+02 1.480300000000000000e+04 2.241042785644531250e+02
1.938950000000000102e+02 1.270100000000000000e+04 2.241049957275390625e+02
1.942309999999999945e+02 1.196400000000000000e+04 2.241043548583984375e+02
1.945670000000000073e+02 1.194800000000000000e+04 2.241044921875000000e+02
1.949039999999999964e+02 1.081800000000000000e+04 2.241043853759765625e+02
1.952400000000000091e+02 1.160600000000000000e+04 2.241036834716796875e+02
1.955759999999999934e+02 1.005600000000000000e+04 2.241037902832031250e+02
1.959120000000000061e+02 1.124700000000000000e+04 2.241047821044921875e+02
1.962489999999999952e+02 1.003700000000000000e+04 2.241044158935546875e+02
1.965850000000000080e+02 8.799000000000000000e+03 2.241045074462890625e+02
1.969209999999999923e+02 7.860000000000000000e+03 2.241038055419921875e+02
1.972580000000000098e+02 7.719000000000000000e+03 2.241052398681640625e+02
1.975939999999999941e+02 6.760000000000000000e+03 2.241041107177734375e+02
1.979300000000000068e+02 6.657000000000000000e+03 2.241049041748046875e+02
1.982669999999999959e+02 7.355000000000000000e+03 2.241044464111328125e+02
1.986030000000000086e+02 7.876000000000000000e+03 2.241044006347656250e+02
1.989389999999999930e+02 9.263000000000000000e+03 2.241041564941406250e+02
1.992760000000000105e+02 9.695000000000000000e+03 2.241047210693359375e+02
1.996119999999999948e+02 9.050000000000000000e+03 2.241049346923828125e+02
1.999480000000000075e+02 8.630000000000000000e+03 2.241047058105468750e+02
2.002860000000000014e+02 8.133000000000000000e+03 2.241051330566406250e+02
2.006220000000000141e+02 7.209000000000000000e+03 2.241060028076171875e+02
2.009590000000000032e+02 5.692000000000000000e+03 2.241052551269531250e+02
2.012949999999999875e+02 4.948000000000000000e+03 2.241039733886718750e+02
2.016310000000000002e+02 3.791000000000000000e+03 2.241040496826171875e+02
2.019670000000000130e+02 3.722000000000000000e+03 2.241044616699218750e+02
2.023040000000000020e+02 3.903000000000000000e+03 2.241053314208984375e+02
2.026399999999999864e+02 2.897000000000000000e+03 2.241054077148437500e+02
2.029759999999999991e+02 2.926000000000000000e+03 2.241033935546875000e+02
2.033129999999999882e+02 2.849000000000000000e+03 2.241052246093750000e+02
2.036490000000000009e+02 2.468000000000000000e+03 2.241052856445312500e+02
2.039850000000000136e+02 2.332000000000000000e+03 2.241070709228515625e+02
2.043220000000000027e+02 2.004000000000000000e+03 2.241039428710937500e+02
2.046579999999999870e+02 1.934000000000000000e+03 2.241028900146484375e+02
2.049939999999999998e+02 1.974000000000000000e+03 2.241030273437500000e+02
2.053300000000000125e+02 1.780000000000000000e+03 2.241052093505859375e+02
2.056670000000000016e+02 1.792000000000000000e+03 2.241038208007812500e+02
2.060029999999999859e+02 1.663000000000000000e+03 2.241052703857421875e+02
2.063389999999999986e+02 2.001000000000000000e+03 2.241037597656250000e+02
