2.742939999999999827e+02 1.650000000000000000e+02 5.190687866210937500e+02
2.746309999999999718e+02 4.510000000000000000e+02 5.190646972656250000e+02
2.749669999999999845e+02 7.340000000000000000e+02 5.190653686523437500e+02
2.753029999999999973e+02 1.113000000000000000e+03 5.190624389648437500e+02
2.756390000000000100e+02 1.503000000000000000e+03 5.190657348632812500e+02
2.759759999999999991e+02 1.300000000000000000e+03 5.190643310546875000e+02
2.763120000000000118e+02 1.389000000000000000e+03 5.190711669921875000e+02
2.766480000000000246e+02 1.539000000000000000e+03 5.190656127929687500e+02
2.769850000000000136e+02 2.162000000000000000e+03 5.190682983398437500e+02
2.773210000000000264e+02 1.927000000000000000e+03 5.190639038085937500e+02
2.776569999999999823e+02 1.647000000000000000e+03 5.190713500976562500e+02
2.779940000000000282e+02 1.612000000000000000e+03 5.190654296875000000e+02
2.783299999999999841e+02 1.789000000000000000e+03 5.190647583007812500e+02
2.786659999999999968e+02 1.718000000000000000e+03 5.190637817382812500e+02
2.790020000000000095e+02 1.788000000000000000e+03 5.190673217773437500e+02
2.793389999999999986e+02 1.306000000000000000e+03 5.190668945312500000e+02
2.796750000000000114e+02 1.728000000000000000e+03 5.190679931640625000e+02
2.800110000000000241e+02 1.258000000000000000e+03 5.190662841796875000e+02
2.803480000000000132e+02 1.404000000000000000e+03 5.190698852539062500e+02
2.806840000000000259e+02 1.255000000000000000e+03 5.190704345703125000e+02
