2.463739999999999952e+02 1.290000000000000000e+02 6.202463989257812500e+02
2.467119999999999891e+02 1.960000000000000000e+02 6.202510986328125000e+02
2.470480000000000018e+02 3.260000000000000000e+02 6.202607421875000000e+02
2.473839999999999861e+02 2.040000000000000000e+02 6.202646484375000000e+02
2.477199999999999989e+02 1.890000000000000000e+02 6.202752075195312500e+02
2.480569999999999879e+02 1.590000000000000000e+02 6.202594604492187500e+02
2.483930000000000007e+02 3.100000000000000000e+02 6.202614746093750000e+02
2.487290000000000134e+02 8.140000000000000000e+02 6.202602539062500000e+02
2.490660000000000025e+02 2.454000000000000000e+03 6.202611083984375000e+02
2.494019999999999868e+02 5.086000000000000000e+03 6.202606811523437500e+02
2.497379999999999995e+02 9.347000000000000000e+03 6.202614746093750000e+02
2.500749999999999886e+02 1.501000000000000000e+04 6.202617187500000000e+02
2.504110000000000014e+02 1.805800000000000000e+04 6.202614135742187500e+02
2.507489999999999952e+02 2.025200000000000000e+04 6.202617187500000000e+02
2.510850000000000080e+02 2.005800000000000000e+04 6.202608032226562500e+02
2.514209999999999923e+02 1.838800000000000000e+04 6.202626953125000000e+02
2.517580000000000098e+02 1.819100000000000000e+04 6.202628173828125000e+02
2.520939999999999941e+02 1.734200000000000000e+04 6.202626953125000000e+02
2.524300000000000068e+02 1.809200000000000000e+04 6.202622680664062500e+02
2.527669999999999959e+02 1.877000000000000000e+04 6.202614135742187500e+02
2.531030000000000086e+02 1.938400000000000000e+04 6.202640991210937500e+02
2.534389999999999930e+02 1.828600000000000000e+04 6.202626953125000000e+02
2.537750000000000057e+02 1.671000000000000000e+04 6.202615966796875000e+02
2.541119999999999948e+02 1.600900000000000000e+04 6.202645874023437500e+02
2.544480000000000075e+02 1.223500000000000000e+04 6.202626342773437500e+02
2.547839999999999918e+02 9.893000000000000000e+03 6.202631225585937500e+02
2.551210000000000093e+02 7.285000000000000000e+03 6.202623901367187500e+02
2.554569999999999936e+02 5.064000000000000000e+03 6.202636108398437500e+02
2.557940000000000111e+02 3.381000000000000000e+03 6.202631225585937500e+02
2.561299999999999955e+02 2.256000000000000000e+03 6.202606811523437500e+02
2.564660000000000082e+02 1.662000000000000000e+03 6.202635498046875000e+02
2.568029999999999973e+02 1.148000000000000000e+03 6.202623291015625000e+02
2.571390000000000100e+02 9.700000000000000000e+02 6.202658691406250000e+02
2.574750000000000227e+02 7.930000000000000000e+02 6.202603759765625000e+02
2.578120000000000118e+02 4.550000000000000000e+02 6.202581787109375000e+02
2.581480000000000246e+02 2.140000000000000000e+02 6.202679443359375000e+02
2.584839999999999804e+02 4.740000000000000000e+02 6.202637329101562500e+02
2.588210000000000264e+02 4.920000000000000000e+02 6.202645263671875000e+02
2.591569999999999823e+02 3.270000000000000000e+02 6.202633056640625000e+02
2.594929999999999950e+02 3.330000000000000000e+02 6.202597656250000000e+02
2.598290000000000077e+02 3.300000000000000000e+02 6.202629394531250000e+02
2.601659999999999968e+02 2.800000000000000000e+02 6.202609252929687500e+02
2.605020000000000095e+02 2.980000000000000000e+02 6.202575683593750000e+02
2.608399999999999750e+02 2.090000000000000000e+02 6.202567138671875000e+02
2.611759999999999877e+02 1.440000000000000000e+02 6.202666015625000000e+02
2.615120000000000005e+02 3.030000000000000000e+02 6.202687988281250000e+02
2.618489999999999895e+02 3.230000000000000000e+02 6.202655639648437500e+02
2.621850000000000023e+02 3.830000000000000000e+02 6.202664794921875000e+02
2.625210000000000150e+02 2.430000000000000000e+02 6.202589111328125000e+02
2.628580000000000041e+02 1.720000000000000000e+02 6.202664184570312500e+02
2.631940000000000168e+02 2.750000000000000000e+02 6.202608642578125000e+02
2.635299999999999727e+02 1.790000000000000000e+02 6.202622070312500000e+02
2.638670000000000186e+02 1.800000000000000000e+02 6.202658691406250000e+02
2.642029999999999745e+02 3.180000000000000000e+02 6.202528686523437500e+02
