3.812819999999999823e+02 6.300000000000000000e+01 1.310563659667968750e+02
3.816190000000000282e+02 5.800000000000000000e+01 1.310760955810546875e+02
3.819569999999999936e+02 7.400000000000000000e+01 1.310715484619140625e+02
3.822930000000000064e+02 2.070000000000000000e+02 1.310681457519531250e+02
3.826299999999999955e+02 1.600000000000000000e+02 1.310687866210937500e+02
3.829660000000000082e+02 6.620000000000000000e+02 1.310687408447265625e+02
3.833020000000000209e+02 9.370000000000000000e+02 1.310690002441406250e+02
3.836390000000000100e+02 9.040000000000000000e+02 1.310680694580078125e+02
3.839750000000000227e+02 1.208000000000000000e+03 1.310699920654296875e+02
3.843109999999999786e+02 1.191000000000000000e+03 1.310659484863281250e+02
3.846480000000000246e+02 1.506000000000000000e+03 1.310681915283203125e+02
3.849839999999999804e+02 1.339000000000000000e+03 1.310677032470703125e+02
3.853199999999999932e+02 1.364000000000000000e+03 1.310689849853515625e+02
3.856569999999999823e+02 9.210000000000000000e+02 1.310657501220703125e+02
3.859929999999999950e+02 1.093000000000000000e+03 1.310674591064453125e+02
3.863290000000000077e+02 6.820000000000000000e+02 1.310696105957031250e+02
3.866650000000000205e+02 5.570000000000000000e+02 1.310668945312500000e+02
3.870020000000000095e+02 5.840000000000000000e+02 1.310693817138671875e+02
3.873380000000000223e+02 3.070000000000000000e+02 1.310661468505859375e+02
3.876739999999999782e+02 1.230000000000000000e+02 1.310714569091796875e+02
3.880110000000000241e+02 1.780000000000000000e+02 1.310713043212890625e+02
3.883469999999999800e+02 8.200000000000000000e+01 1.310685729980468750e+02
3.886829999999999927e+02 9.500000000000000000e+01 1.310647888183593750e+02
3.890199999999999818e+02 3.600000000000000000e+01 1.310728302001953125e+02
3.893559999999999945e+02 3.400000000000000000e+01 1.310510559082031250e+02
3.896920000000000073e+02 7.500000000000000000e+01 1.310624847412109375e+02
3.900289999999999964e+02 5.000000000000000000e+01 1.310851898193359375e+02
3.903650000000000091e+02 3.300000000000000000e+01 1.310596160888671875e+02
3.907019999999999982e+02 3.000000000000000000e+01 1.310711669921875000e+02
