3.809460000000000264e+02 9.500000000000000000e+01 2.291199035644531250e+02
3.812819999999999823e+02 1.160000000000000000e+02 2.291304931640625000e+02
3.816190000000000282e+02 3.810000000000000000e+02 2.291198425292968750e+02
3.819569999999999936e+02 9.250000000000000000e+02 2.291305694580078125e+02
3.822930000000000064e+02 2.338000000000000000e+03 2.291296844482421875e+02
3.826299999999999955e+02 4.093000000000000000e+03 2.291296081542968750e+02
3.829660000000000082e+02 7.036000000000000000e+03 2.291300201416015625e+02
3.833020000000000209e+02 9.649000000000000000e+03 2.291305541992187500e+02
3.836390000000000100e+02 1.168600000000000000e+04 2.291297149658203125e+02
3.839750000000000227e+02 1.460800000000000000e+04 2.291299743652343750e+02
3.843109999999999786e+02 1.465900000000000000e+04 2.291298980712890625e+02
3.846480000000000246e+02 1.416800000000000000e+04 2.291298675537109375e+02
3.849839999999999804e+02 1.357100000000000000e+04 2.291300201416015625e+02
3.853199999999999932e+02 1.203300000000000000e+04 2.291304931640625000e+02
3.856569999999999823e+02 1.030000000000000000e+04 2.291293640136718750e+02
3.859929999999999950e+02 8.522000000000000000e+03 2.291303100585937500e+02
3.863290000000000077e+02 6.809000000000000000e+03 2.291296997070312500e+02
3.866650000000000205e+02 5.576000000000000000e+03 2.291300964355468750e+02
3.870020000000000095e+02 3.664000000000000000e+03 2.291301574707031250e+02
3.873380000000000223e+02 2.826000000000000000e+03 2.291297454833984375e+02
3.876739999999999782e+02 1.843000000000000000e+03 2.291293792724609375e+02
3.880110000000000241e+02 1.290000000000000000e+03 2.291287078857421875e+02
3.883469999999999800e+02 9.300000000000000000e+02 2.291308135986328125e+02
3.886829999999999927e+02 7.780000000000000000e+02 2.291304168701171875e+02
3.890199999999999818e+02 5.250000000000000000e+02 2.291252288818359375e+02
3.893559999999999945e+02 3.480000000000000000e+02 2.291246643066406250e+02
3.896920000000000073e+02 3.470000000000000000e+02 2.291302490234375000e+02
3.900289999999999964e+02 3.410000000000000000e+02 2.291220855712890625e+02
3.903650000000000091e+02 2.040000000000000000e+02 2.291205139160156250e+02
3.907019999999999982e+02 1.580000000000000000e+02 2.291201019287109375e+02
3.910380000000000109e+02 1.850000000000000000e+02 2.291151275634765625e+02
3.913740000000000236e+02 1.960000000000000000e+02 2.291229705810546875e+02
3.917110000000000127e+02 1.630000000000000000e+02 2.291277618408203125e+02
3.920489999999999782e+02 1.680000000000000000e+02 2.291291961669921875e+02
3.923849999999999909e+02 1.650000000000000000e+02 2.291234893798828125e+02
3.927210000000000036e+02 2.240000000000000000e+02 2.291213836669921875e+02
3.930570000000000164e+02 1.830000000000000000e+02 2.291233673095703125e+02
3.933940000000000055e+02 2.020000000000000000e+02 2.291367797851562500e+02
3.937309999999999945e+02 1.200000000000000000e+02 2.291479797363281250e+02
3.940679999999999836e+02 2.030000000000000000e+02 2.291257781982421875e+02
3.944039999999999964e+02 1.640000000000000000e+02 2.291289062500000000e+02
3.947400000000000091e+02 8.700000000000000000e+01 2.291204528808593750e+02
