1.198870000000000005e+02 8.500000000000000000e+01 6.540302734375000000e+02
1.202229999999999990e+02 1.700000000000000000e+02 6.540289916992187500e+02
1.205600000000000023e+02 3.500000000000000000e+02 6.540185546875000000e+02
1.208960000000000008e+02 6.880000000000000000e+02 6.540299682617187500e+02
1.212319999999999993e+02 9.080000000000000000e+02 6.540260009765625000e+02
1.215679999999999978e+02 8.480000000000000000e+02 6.540289916992187500e+02
1.219050000000000011e+02 9.730000000000000000e+02 6.540257568359375000e+02
1.222420000000000044e+02 9.950000000000000000e+02 6.540259399414062500e+02
1.225780000000000030e+02 1.036000000000000000e+03 6.540192260742187500e+02
1.229140000000000015e+02 1.065000000000000000e+03 6.540234985351562500e+02
1.232510000000000048e+02 1.304000000000000000e+03 6.540269775390625000e+02
1.235870000000000033e+02 1.109000000000000000e+03 6.540212402343750000e+02
1.239230000000000018e+02 1.149000000000000000e+03 6.540233154296875000e+02
1.242600000000000051e+02 1.089000000000000000e+03 6.540209960937500000e+02
1.245960000000000036e+02 1.311000000000000000e+03 6.540239257812500000e+02
1.249320000000000022e+02 1.256000000000000000e+03 6.540267944335937500e+02
1.252690000000000055e+02 1.169000000000000000e+03 6.540316162109375000e+02
1.256050000000000040e+02 1.242000000000000000e+03 6.540182495117187500e+02
1.259410000000000025e+02 1.082000000000000000e+03 6.540191040039062500e+02
1.262770000000000010e+02 1.071000000000000000e+03 6.540285034179687500e+02
1.266140000000000043e+02 1.029000000000000000e+03 6.540245971679687500e+02
1.269500000000000028e+02 1.159000000000000000e+03 6.540256347656250000e+02
1.272860000000000014e+02 1.106000000000000000e+03 6.540297241210937500e+02
1.276230000000000047e+02 1.364000000000000000e+03 6.540269165039062500e+02
1.279590000000000032e+02 1.099000000000000000e+03 6.540212402343750000e+02
1.282949999999999875e+02 1.110000000000000000e+03 6.540259399414062500e+02
1.286320000000000050e+02 1.194000000000000000e+03 6.540243530273437500e+02
1.289679999999999893e+02 1.025000000000000000e+03 6.540289306640625000e+02
1.293040000000000020e+02 1.093000000000000000e+03 6.540305786132812500e+02
1.296430000000000007e+02 9.970000000000000000e+02 6.540278320312500000e+02
1.299790000000000134e+02 1.105000000000000000e+03 6.540225219726562500e+02
1.303160000000000025e+02 9.210000000000000000e+02 6.540266113281250000e+02
1.306519999999999868e+02 1.403000000000000000e+03 6.540251464843750000e+02
1.309879999999999995e+02 9.570000000000000000e+02 6.540286254882812500e+02
1.313240000000000123e+02 8.880000000000000000e+02 6.540246582031250000e+02
1.316610000000000014e+02 1.118000000000000000e+03 6.540278320312500000e+02
1.319970000000000141e+02 1.038000000000000000e+03 6.540171508789062500e+02
1.323329999999999984e+02 1.237000000000000000e+03 6.540227661132812500e+02
1.326699999999999875e+02 1.073000000000000000e+03 6.540228271484375000e+02
1.330060000000000002e+02 1.089000000000000000e+03 6.540321044921875000e+02
1.333420000000000130e+02 1.093000000000000000e+03 6.540210571289062500e+02
1.336790000000000020e+02 9.040000000000000000e+02 6.540283813476562500e+02
1.340149999999999864e+02 1.056000000000000000e+03 6.540204467773437500e+02
1.343509999999999991e+02 9.590000000000000000e+02 6.540242919921875000e+02
1.346870000000000118e+02 1.164000000000000000e+03 6.540235595703125000e+02
1.350240000000000009e+02 9.950000000000000000e+02 6.540266723632812500e+02
1.353600000000000136e+02 1.210000000000000000e+03 6.540238037109375000e+02
1.356959999999999980e+02 1.065000000000000000e+03 6.540270996093750000e+02
1.360329999999999870e+02 9.350000000000000000e+02 6.540308837890625000e+02
1.363689999999999998e+02 9.680000000000000000e+02 6.540298461914062500e+02
1.367059999999999889e+02 9.320000000000000000e+02 6.540223999023437500e+02
1.370420000000000016e+02 9.370000000000000000e+02 6.540278320312500000e+02
1.373779999999999859e+02 8.570000000000000000e+02 6.540250854492187500e+02
1.377150000000000034e+02 1.019000000000000000e+03 6.540285034179687500e+02
1.380509999999999877e+02 1.062000000000000000e+03 6.540253906250000000e+02
1.383870000000000005e+02 9.650000000000000000e+02 6.540242309570312500e+02
1.387239999999999895e+02 9.370000000000000000e+02 6.540252075195312500e+02
1.390600000000000023e+02 9.860000000000000000e+02 6.540209960937500000e+02
1.393959999999999866e+02 6.920000000000000000e+02 6.540227661132812500e+02
1.397340000000000089e+02 8.630000000000000000e+02 6.540258178710937500e+02
1.400709999999999980e+02 8.660000000000000000e+02 6.540235595703125000e+02
1.404070000000000107e+02 8.650000000000000000e+02 6.540172729492187500e+02
1.407429999999999950e+02 7.070000000000000000e+02 6.540256958007812500e+02
1.410800000000000125e+02 9.740000000000000000e+02 6.540185546875000000e+02
1.414159999999999968e+02 9.650000000000000000e+02 6.540247802734375000e+02
1.417520000000000095e+02 7.630000000000000000e+02 6.540215454101562500e+02
1.420879999999999939e+02 7.300000000000000000e+02 6.540289306640625000e+02
1.424250000000000114e+02 6.900000000000000000e+02 6.540314331054687500e+02
1.427609999999999957e+02 7.500000000000000000e+02 6.540252685546875000e+02
1.430970000000000084e+02 7.300000000000000000e+02 6.540193481445312500e+02
1.434339999999999975e+02 7.760000000000000000e+02 6.540169067382812500e+02
1.437700000000000102e+02 7.330000000000000000e+02 6.540183105468750000e+02
1.441059999999999945e+02 5.770000000000000000e+02 6.540271606445312500e+02
1.444430000000000121e+02 5.120000000000000000e+02 6.540151977539062500e+02
1.447789999999999964e+02 5.380000000000000000e+02 6.540261840820312500e+02
1.451160000000000139e+02 6.360000000000000000e+02 6.540268554687500000e+02
