3.822930000000000064e+02 3.570000000000000000e+02 3.291133728027343750e+02
3.826299999999999955e+02 3.650000000000000000e+02 3.291033020019531250e+02
3.829660000000000082e+02 5.520000000000000000e+02 3.291097106933593750e+02
3.833020000000000209e+02 9.050000000000000000e+02 3.291036071777343750e+02
3.836390000000000100e+02 1.296000000000000000e+03 3.291046752929687500e+02
3.839750000000000227e+02 1.021000000000000000e+03 3.291059570312500000e+02
3.843109999999999786e+02 1.212000000000000000e+03 3.291056213378906250e+02
3.846480000000000246e+02 1.401000000000000000e+03 3.291061096191406250e+02
3.849839999999999804e+02 1.339000000000000000e+03 3.291059570312500000e+02
3.853199999999999932e+02 1.107000000000000000e+03 3.291080627441406250e+02
3.856569999999999823e+02 9.630000000000000000e+02 3.291061401367187500e+02
3.859929999999999950e+02 1.224000000000000000e+03 3.291049499511718750e+02
3.863290000000000077e+02 8.180000000000000000e+02 3.291068725585937500e+02
3.866650000000000205e+02 4.580000000000000000e+02 3.291130981445312500e+02
3.870020000000000095e+02 5.760000000000000000e+02 3.291111450195312500e+02
3.873380000000000223e+02 2.680000000000000000e+02 3.291223449707031250e+02
