3.109600000000000009e+01 4.150000000000000000e+02 2.590180664062500000e+02
3.143199999999999861e+01 4.850000000000000000e+02 2.590309448242187500e+02
3.176800000000000068e+01 6.940000000000000000e+02 2.590247497558593750e+02
3.210499999999999687e+01 6.330000000000000000e+02 2.590167236328125000e+02
3.244100000000000250e+01 5.670000000000000000e+02 2.590211486816406250e+02
3.277700000000000102e+01 6.860000000000000000e+02 2.590274658203125000e+02
3.311500000000000199e+01 6.750000000000000000e+02 2.590274353027343750e+02
3.345199999999999818e+01 8.850000000000000000e+02 2.590209350585937500e+02
3.378799999999999670e+01 9.820000000000000000e+02 2.590245666503906250e+02
3.412400000000000233e+01 1.101000000000000000e+03 2.590205688476562500e+02
3.446000000000000085e+01 1.455000000000000000e+03 2.590270080566406250e+02
3.479699999999999704e+01 1.457000000000000000e+03 2.590257568359375000e+02
3.513300000000000267e+01 1.803000000000000000e+03 2.590251770019531250e+02
3.546900000000000119e+01 1.792000000000000000e+03 2.590224914550781250e+02
3.580599999999999739e+01 1.782000000000000000e+03 2.590238342285156250e+02
3.614200000000000301e+01 1.436000000000000000e+03 2.590237426757812500e+02
3.647800000000000153e+01 1.222000000000000000e+03 2.590197448730468750e+02
3.681499999999999773e+01 1.437000000000000000e+03 2.590223693847656250e+02
3.715100000000000335e+01 1.583000000000000000e+03 2.590257568359375000e+02
3.748700000000000188e+01 1.172000000000000000e+03 2.590191650390625000e+02
3.782399999999999807e+01 8.390000000000000000e+02 2.590146484375000000e+02
3.815999999999999659e+01 9.780000000000000000e+02 2.590152893066406250e+02
3.849699999999999989e+01 1.038000000000000000e+03 2.590205383300781250e+02
3.883299999999999841e+01 9.210000000000000000e+02 2.590163879394531250e+02
3.917000000000000171e+01 8.410000000000000000e+02 2.590115051269531250e+02
3.950600000000000023e+01 8.910000000000000000e+02 2.590145263671875000e+02
3.984199999999999875e+01 7.160000000000000000e+02 2.590106201171875000e+02
4.017900000000000205e+01 6.610000000000000000e+02 2.590158691406250000e+02
4.051500000000000057e+01 6.730000000000000000e+02 2.590127868652343750e+02
4.085099999999999909e+01 7.550000000000000000e+02 2.590136413574218750e+02
4.118800000000000239e+01 9.260000000000000000e+02 2.590123596191406250e+02
4.152400000000000091e+01 7.370000000000000000e+02 2.590100402832031250e+02
4.185999999999999943e+01 8.410000000000000000e+02 2.590184936523437500e+02
4.219599999999999795e+01 7.130000000000000000e+02 2.590198974609375000e+02
4.253300000000000125e+01 5.630000000000000000e+02 2.590255432128906250e+02
4.286899999999999977e+01 7.780000000000000000e+02 2.590357055664062500e+02
