2.806899999999999906e+01 5.720000000000000000e+02 3.830735778808593750e+02
2.840500000000000114e+01 6.660000000000000000e+02 3.830781250000000000e+02
2.874200000000000088e+01 1.046000000000000000e+03 3.830780029296875000e+02
2.907799999999999940e+01 1.289000000000000000e+03 3.830749206542968750e+02
2.941400000000000148e+01 1.705000000000000000e+03 3.830755004882812500e+02
2.975100000000000122e+01 2.130000000000000000e+03 3.830747375488281250e+02
3.008699999999999974e+01 2.758000000000000000e+03 3.830749816894531250e+02
3.042299999999999827e+01 2.785000000000000000e+03 3.830754089355468750e+02
3.076000000000000156e+01 3.212000000000000000e+03 3.830759582519531250e+02
3.109600000000000009e+01 3.055000000000000000e+03 3.830778808593750000e+02
3.143199999999999861e+01 3.244000000000000000e+03 3.830756835937500000e+02
3.176800000000000068e+01 3.487000000000000000e+03 3.830771179199218750e+02
3.210499999999999687e+01 3.409000000000000000e+03 3.830736694335937500e+02
3.244100000000000250e+01 3.366000000000000000e+03 3.830733032226562500e+02
3.277700000000000102e+01 3.019000000000000000e+03 3.830758666992187500e+02
3.311500000000000199e+01 3.091000000000000000e+03 3.830747985839843750e+02
3.345199999999999818e+01 3.437000000000000000e+03 3.830759887695312500e+02
3.378799999999999670e+01 3.008000000000000000e+03 3.830743103027343750e+02
3.412400000000000233e+01 2.891000000000000000e+03 3.830776977539062500e+02
3.446000000000000085e+01 2.854000000000000000e+03 3.830752868652343750e+02
3.479699999999999704e+01 2.417000000000000000e+03 3.830722351074218750e+02
3.513300000000000267e+01 2.253000000000000000e+03 3.830743408203125000e+02
3.546900000000000119e+01 2.121000000000000000e+03 3.830746154785156250e+02
3.580599999999999739e+01 2.504000000000000000e+03 3.830727844238281250e+02
3.614200000000000301e+01 1.829000000000000000e+03 3.830723571777343750e+02
3.647800000000000153e+01 1.705000000000000000e+03 3.830748901367187500e+02
3.681499999999999773e+01 1.667000000000000000e+03 3.830735168457031250e+02
3.715100000000000335e+01 1.717000000000000000e+03 3.830650939941406250e+02
3.748700000000000188e+01 1.338000000000000000e+03 3.830771179199218750e+02
3.782399999999999807e+01 1.486000000000000000e+03 3.830672607421875000e+02
3.815999999999999659e+01 1.233000000000000000e+03 3.830711975097656250e+02
3.849699999999999989e+01 9.490000000000000000e+02 3.830674438476562500e+02
3.883299999999999841e+01 1.271000000000000000e+03 3.830708923339843750e+02
3.917000000000000171e+01 8.650000000000000000e+02 3.830689697265625000e+02
3.950600000000000023e+01 9.360000000000000000e+02 3.830736083984375000e+02
3.984199999999999875e+01 7.530000000000000000e+02 3.830580139160156250e+02
4.017900000000000205e+01 8.240000000000000000e+02 3.830619201660156250e+02
4.051500000000000057e+01 7.880000000000000000e+02 3.830633850097656250e+02
4.085099999999999909e+01 1.046000000000000000e+03 3.830602722167968750e+02
