2.282170000000000130e+02 1.620000000000000000e+02 1.490966949462890625e+02
2.285529999999999973e+02 2.520000000000000000e+02 1.490977020263671875e+02
2.288899999999999864e+02 2.890000000000000000e+02 1.491012420654296875e+02
2.292259999999999991e+02 6.150000000000000000e+02 1.490961456298828125e+02
2.295620000000000118e+02 5.750000000000000000e+02 1.490982055664062500e+02
2.298990000000000009e+02 6.110000000000000000e+02 1.490980377197265625e+02
2.302350000000000136e+02 6.840000000000000000e+02 1.490956726074218750e+02
2.305709999999999980e+02 9.640000000000000000e+02 1.490974273681640625e+02
2.309079999999999870e+02 9.030000000000000000e+02 1.490968322753906250e+02
2.312439999999999998e+02 5.130000000000000000e+02 1.490980072021484375e+02
2.315800000000000125e+02 6.560000000000000000e+02 1.490951232910156250e+02
2.319159999999999968e+02 4.990000000000000000e+02 1.490942382812500000e+02
2.322529999999999859e+02 5.470000000000000000e+02 1.490980834960937500e+02
2.325889999999999986e+02 3.180000000000000000e+02 1.490994720458984375e+02
2.329250000000000114e+02 2.070000000000000000e+02 1.491022186279296875e+02
2.332620000000000005e+02 1.370000000000000000e+02 1.490988464355468750e+02
2.335980000000000132e+02 1.840000000000000000e+02 1.491002349853515625e+02
