3.816089999999999804e+02 1.290000000000000000e+02 1.980514678955078125e+02
3.819449999999999932e+02 1.920000000000000000e+02 1.980487213134765625e+02
3.822810000000000059e+02 4.140000000000000000e+02 1.980522918701171875e+02
3.826179999999999950e+02 7.260000000000000000e+02 1.980506286621093750e+02
3.829540000000000077e+02 7.890000000000000000e+02 1.980529327392578125e+02
3.832900000000000205e+02 9.230000000000000000e+02 1.980513916015625000e+02
3.836270000000000095e+02 9.090000000000000000e+02 1.980521850585937500e+02
3.839630000000000223e+02 8.640000000000000000e+02 1.980529022216796875e+02
3.843000000000000114e+02 9.010000000000000000e+02 1.980488433837890625e+02
3.846360000000000241e+02 8.030000000000000000e+02 1.980532989501953125e+02
3.849719999999999800e+02 8.080000000000000000e+02 1.980515594482421875e+02
3.853090000000000259e+02 4.360000000000000000e+02 1.980553131103515625e+02
3.856449999999999818e+02 3.790000000000000000e+02 1.980538177490234375e+02
3.859809999999999945e+02 4.080000000000000000e+02 1.980504760742187500e+02
3.863190000000000168e+02 3.800000000000000000e+02 1.980514526367187500e+02
3.866549999999999727e+02 2.020000000000000000e+02 1.980526885986328125e+02
