2.302499999999999858e+01 3.260000000000000000e+02 4.448896179199218750e+02
2.336100000000000065e+01 1.488000000000000000e+03 4.448917236328125000e+02
2.369699999999999918e+01 3.042000000000000000e+03 4.448869628906250000e+02
2.403399999999999892e+01 5.326000000000000000e+03 4.448905029296875000e+02
2.437000000000000099e+01 7.000000000000000000e+03 4.448875427246093750e+02
2.470599999999999952e+01 8.292000000000000000e+03 4.448890380859375000e+02
2.504200000000000159e+01 7.596000000000000000e+03 4.448886108398437500e+02
2.537900000000000134e+01 5.811000000000000000e+03 4.448894653320312500e+02
2.571499999999999986e+01 4.147000000000000000e+03 4.448913269042968750e+02
2.605099999999999838e+01 3.082000000000000000e+03 4.448901367187500000e+02
2.638800000000000168e+01 2.331000000000000000e+03 4.448935546875000000e+02
2.672400000000000020e+01 1.774000000000000000e+03 4.448934936523437500e+02
2.705999999999999872e+01 1.329000000000000000e+03 4.448903808593750000e+02
2.739699999999999847e+01 9.280000000000000000e+02 4.449012451171875000e+02
2.773300000000000054e+01 8.820000000000000000e+02 4.448992919921875000e+02
