6.695639999999999645e+02 1.320000000000000000e+02 3.352506103515625000e+02
6.698999999999999773e+02 3.900000000000000000e+01 3.352568664550781250e+02
6.702359999999999900e+02 6.500000000000000000e+01 3.352629394531250000e+02
6.705720000000000027e+02 2.310000000000000000e+02 3.352565917968750000e+02
6.709080000000000155e+02 1.690000000000000000e+02 3.352536926269531250e+02
6.712440000000000282e+02 2.340000000000000000e+02 3.352468872070312500e+02
6.715800000000000409e+02 1.840000000000000000e+02 3.352484130859375000e+02
6.719160000000000537e+02 4.030000000000000000e+02 3.352567138671875000e+02
6.722519999999999527e+02 3.940000000000000000e+02 3.352492980957031250e+02
6.725879999999999654e+02 5.770000000000000000e+02 3.352532653808593750e+02
6.729239999999999782e+02 6.450000000000000000e+02 3.352534484863281250e+02
6.732599999999999909e+02 6.830000000000000000e+02 3.352559509277343750e+02
6.735960000000000036e+02 8.900000000000000000e+02 3.352511291503906250e+02
6.739379999999999882e+02 6.970000000000000000e+02 3.352536010742187500e+02
6.742740000000000009e+02 7.330000000000000000e+02 3.352532653808593750e+02
6.746040000000000418e+02 7.630000000000000000e+02 3.352525634765625000e+02
6.749460000000000264e+02 7.600000000000000000e+02 3.352548522949218750e+02
6.752820000000000391e+02 7.440000000000000000e+02 3.352556152343750000e+02
6.756180000000000518e+02 7.220000000000000000e+02 3.352566833496093750e+02
6.759539999999999509e+02 6.780000000000000000e+02 3.352532348632812500e+02
6.762899999999999636e+02 6.130000000000000000e+02 3.352513122558593750e+02
6.766259999999999764e+02 4.460000000000000000e+02 3.352509155273437500e+02
6.769619999999999891e+02 4.190000000000000000e+02 3.352525024414062500e+02
6.772980000000000018e+02 4.490000000000000000e+02 3.352528991699218750e+02
6.776340000000000146e+02 3.890000000000000000e+02 3.352496643066406250e+02
6.779700000000000273e+02 3.810000000000000000e+02 3.352560424804687500e+02
6.783060000000000400e+02 3.710000000000000000e+02 3.352532348632812500e+02
6.786420000000000528e+02 2.080000000000000000e+02 3.352550659179687500e+02
6.789840000000000373e+02 1.890000000000000000e+02 3.352488403320312500e+02
6.793139999999999645e+02 1.260000000000000000e+02 3.352571105957031250e+02
6.796559999999999491e+02 1.820000000000000000e+02 3.352523498535156250e+02
6.799919999999999618e+02 1.380000000000000000e+02 3.352554931640625000e+02
6.803279999999999745e+02 1.120000000000000000e+02 3.352692565917968750e+02
6.806639999999999873e+02 9.500000000000000000e+01 3.352403564453125000e+02
6.810000000000000000e+02 1.120000000000000000e+02 3.352466125488281250e+02
6.813360000000000127e+02 1.240000000000000000e+02 3.352450561523437500e+02
6.816720000000000255e+02 5.200000000000000000e+01 3.352397460937500000e+02
6.820080000000000382e+02 1.380000000000000000e+02 3.352587585449218750e+02
6.823440000000000509e+02 1.470000000000000000e+02 3.352384643554687500e+02
6.826799999999999500e+02 1.380000000000000000e+02 3.352547912597656250e+02
6.830159999999999627e+02 1.910000000000000000e+02 3.352543945312500000e+02
6.833519999999999754e+02 1.640000000000000000e+02 3.352547912597656250e+02
6.836879999999999882e+02 2.420000000000000000e+02 3.352428588867187500e+02
6.840240000000000009e+02 2.270000000000000000e+02 3.352535095214843750e+02
6.843659999999999854e+02 3.370000000000000000e+02 3.352491455078125000e+02
6.847019999999999982e+02 4.250000000000000000e+02 3.352528381347656250e+02
6.850320000000000391e+02 5.770000000000000000e+02 3.352512207031250000e+02
6.853740000000000236e+02 5.550000000000000000e+02 3.352558593750000000e+02
6.857100000000000364e+02 7.410000000000000000e+02 3.352559204101562500e+02
6.860460000000000491e+02 7.190000000000000000e+02 3.352519226074218750e+02
6.863819999999999482e+02 6.950000000000000000e+02 3.352535705566406250e+02
6.867179999999999609e+02 5.410000000000000000e+02 3.352492065429687500e+02
6.870539999999999736e+02 6.600000000000000000e+02 3.352538452148437500e+02
6.873899999999999864e+02 7.690000000000000000e+02 3.352541809082031250e+02
6.877259999999999991e+02 5.560000000000000000e+02 3.352525939941406250e+02
6.880620000000000118e+02 4.190000000000000000e+02 3.352532958984375000e+02
