2.860749999999999886e+02 7.640000000000000000e+02 3.930809020996093750e+02
2.864110000000000014e+02 2.816000000000000000e+03 3.930794067382812500e+02
2.867479999999999905e+02 4.114000000000000000e+03 3.930788879394531250e+02
2.870840000000000032e+02 6.637000000000000000e+03 3.930755920410156250e+02
2.874209999999999923e+02 6.629000000000000000e+03 3.930782165527343750e+02
2.877570000000000050e+02 8.145000000000000000e+03 3.930778198242187500e+02
2.880930000000000177e+02 8.031000000000000000e+03 3.930773620605468750e+02
2.884300000000000068e+02 8.732000000000000000e+03 3.930779113769531250e+02
2.887660000000000196e+02 8.919000000000000000e+03 3.930771179199218750e+02
2.891019999999999754e+02 8.619000000000000000e+03 3.930784301757812500e+02
2.894390000000000214e+02 9.373000000000000000e+03 3.930776367187500000e+02
2.897760000000000105e+02 1.000000000000000000e+04 3.930794067382812500e+02
2.901120000000000232e+02 1.006600000000000000e+04 3.930785217285156250e+02
2.904479999999999791e+02 1.192400000000000000e+04 3.930779113769531250e+02
2.907850000000000250e+02 1.257100000000000000e+04 3.930788269042968750e+02
2.911209999999999809e+02 1.336000000000000000e+04 3.930785217285156250e+02
2.914569999999999936e+02 1.494900000000000000e+04 3.930786437988281250e+02
2.917939999999999827e+02 1.414300000000000000e+04 3.930780639648437500e+02
2.921309999999999718e+02 1.328300000000000000e+04 3.930805053710937500e+02
2.924669999999999845e+02 1.135300000000000000e+04 3.930786437988281250e+02
2.928039999999999736e+02 8.643000000000000000e+03 3.930792846679687500e+02
2.931399999999999864e+02 6.272000000000000000e+03 3.930802307128906250e+02
2.934759999999999991e+02 4.969000000000000000e+03 3.930791015625000000e+02
2.938129999999999882e+02 3.429000000000000000e+03 3.930827941894531250e+02
2.941490000000000009e+02 2.092000000000000000e+03 3.930866088867187500e+02
2.944850000000000136e+02 1.847000000000000000e+03 3.930880126953125000e+02
2.948210000000000264e+02 1.256000000000000000e+03 3.930928039550781250e+02
