1.330190000000000055e+02 8.200000000000000000e+01 3.960458374023437500e+02
1.333559999999999945e+02 6.400000000000000000e+01 3.960565795898437500e+02
1.336920000000000073e+02 5.300000000000000000e+01 3.960333557128906250e+02
1.340300000000000011e+02 3.100000000000000000e+01 3.960419921875000000e+02
1.343660000000000139e+02 8.400000000000000000e+01 3.960514831542968750e+02
1.347019999999999982e+02 1.600000000000000000e+02 3.960365295410156250e+02
1.350389999999999873e+02 2.170000000000000000e+02 3.960427551269531250e+02
1.353750000000000000e+02 2.230000000000000000e+02 3.960458984375000000e+02
1.357110000000000127e+02 4.680000000000000000e+02 3.960372314453125000e+02
1.360480000000000018e+02 3.210000000000000000e+02 3.960411071777343750e+02
1.363839999999999861e+02 3.190000000000000000e+02 3.960421142578125000e+02
1.367199999999999989e+02 5.500000000000000000e+02 3.960410461425781250e+02
1.370560000000000116e+02 5.890000000000000000e+02 3.960483398437500000e+02
1.373930000000000007e+02 6.120000000000000000e+02 3.960490112304687500e+02
1.377290000000000134e+02 7.270000000000000000e+02 3.960419006347656250e+02
1.380649999999999977e+02 7.310000000000000000e+02 3.960422058105468750e+02
1.384019999999999868e+02 6.470000000000000000e+02 3.960430908203125000e+02
1.387379999999999995e+02 7.660000000000000000e+02 3.960463867187500000e+02
1.390740000000000123e+02 6.410000000000000000e+02 3.960452270507812500e+02
1.394110000000000014e+02 7.580000000000000000e+02 3.960451049804687500e+02
1.397470000000000141e+02 6.790000000000000000e+02 3.960464172363281250e+02
1.400829999999999984e+02 6.170000000000000000e+02 3.960466003417968750e+02
1.404199999999999875e+02 5.850000000000000000e+02 3.960436706542968750e+02
1.407560000000000002e+02 6.640000000000000000e+02 3.960488281250000000e+02
1.410920000000000130e+02 5.600000000000000000e+02 3.960418090820312500e+02
1.414279999999999973e+02 6.250000000000000000e+02 3.960423583984375000e+02
1.417649999999999864e+02 5.080000000000000000e+02 3.960482482910156250e+02
1.421009999999999991e+02 3.840000000000000000e+02 3.960362548828125000e+02
1.424370000000000118e+02 4.420000000000000000e+02 3.960450134277343750e+02
1.427740000000000009e+02 5.400000000000000000e+02 3.960416870117187500e+02
1.431100000000000136e+02 4.660000000000000000e+02 3.960426330566406250e+02
1.434459999999999980e+02 6.560000000000000000e+02 3.960442810058593750e+02
1.437829999999999870e+02 6.470000000000000000e+02 3.960386352539062500e+02
1.441210000000000093e+02 4.300000000000000000e+02 3.960400695800781250e+02
1.444569999999999936e+02 3.790000000000000000e+02 3.960432434082031250e+02
1.447930000000000064e+02 3.910000000000000000e+02 3.960369262695312500e+02
1.451289999999999907e+02 3.390000000000000000e+02 3.960397338867187500e+02
