2.864110000000000014e+02 6.100000000000000000e+01 1.630410919189453125e+02
2.867479999999999905e+02 1.240000000000000000e+02 1.630525512695312500e+02
2.870840000000000032e+02 2.270000000000000000e+02 1.630411529541015625e+02
2.874209999999999923e+02 3.070000000000000000e+02 1.630390625000000000e+02
2.877570000000000050e+02 3.590000000000000000e+02 1.630357818603515625e+02
2.880930000000000177e+02 3.090000000000000000e+02 1.630348968505859375e+02
2.884300000000000068e+02 3.810000000000000000e+02 1.630392761230468750e+02
2.887660000000000196e+02 1.130000000000000000e+02 1.630375518798828125e+02
2.891019999999999754e+02 3.040000000000000000e+02 1.630397644042968750e+02
2.894390000000000214e+02 3.820000000000000000e+02 1.630391845703125000e+02
2.897760000000000105e+02 2.670000000000000000e+02 1.630398559570312500e+02
2.901120000000000232e+02 7.130000000000000000e+02 1.630354003906250000e+02
2.904479999999999791e+02 2.570000000000000000e+02 1.630399475097656250e+02
2.907850000000000250e+02 2.830000000000000000e+02 1.630357208251953125e+02
2.911209999999999809e+02 2.790000000000000000e+02 1.630409545898437500e+02
2.914569999999999936e+02 4.150000000000000000e+02 1.630388183593750000e+02
2.917939999999999827e+02 4.460000000000000000e+02 1.630398254394531250e+02
2.921309999999999718e+02 3.440000000000000000e+02 1.630432739257812500e+02
2.924669999999999845e+02 4.000000000000000000e+02 1.630372314453125000e+02
2.928039999999999736e+02 2.500000000000000000e+02 1.630408935546875000e+02
2.931399999999999864e+02 3.030000000000000000e+02 1.630437164306640625e+02
2.934759999999999991e+02 3.610000000000000000e+02 1.630354461669921875e+02
2.938129999999999882e+02 2.450000000000000000e+02 1.630447387695312500e+02
2.941490000000000009e+02 1.890000000000000000e+02 1.630409393310546875e+02
2.944850000000000136e+02 2.050000000000000000e+02 1.630371398925781250e+02
2.948210000000000264e+02 1.710000000000000000e+02 1.630468139648437500e+02
2.951580000000000155e+02 1.080000000000000000e+02 1.630384216308593750e+02
