3.008699999999999974e+01 5.310000000000000000e+02 4.759901428222656250e+02
3.042299999999999827e+01 9.100000000000000000e+02 4.759928894042968750e+02
3.076000000000000156e+01 1.368000000000000000e+03 4.759991149902343750e+02
3.109600000000000009e+01 1.764000000000000000e+03 4.759970397949218750e+02
3.143199999999999861e+01 2.936000000000000000e+03 4.759970397949218750e+02
3.176800000000000068e+01 2.980000000000000000e+03 4.760003967285156250e+02
3.210499999999999687e+01 2.975000000000000000e+03 4.760015563964843750e+02
3.244100000000000250e+01 2.918000000000000000e+03 4.760033264160156250e+02
3.277700000000000102e+01 2.912000000000000000e+03 4.760028381347656250e+02
3.311500000000000199e+01 2.656000000000000000e+03 4.759978942871093750e+02
3.345199999999999818e+01 2.327000000000000000e+03 4.760007324218750000e+02
3.378799999999999670e+01 2.234000000000000000e+03 4.760001831054687500e+02
3.412400000000000233e+01 1.752000000000000000e+03 4.760060729980468750e+02
3.446000000000000085e+01 1.665000000000000000e+03 4.760103759765625000e+02
3.479699999999999704e+01 1.403000000000000000e+03 4.760049743652343750e+02
3.513300000000000267e+01 1.327000000000000000e+03 4.760094299316406250e+02
3.546900000000000119e+01 1.064000000000000000e+03 4.760071105957031250e+02
3.580599999999999739e+01 1.085000000000000000e+03 4.760036926269531250e+02
3.614200000000000301e+01 9.310000000000000000e+02 4.760093688964843750e+02
3.647800000000000153e+01 7.990000000000000000e+02 4.760085754394531250e+02
3.681499999999999773e+01 9.090000000000000000e+02 4.760000610351562500e+02
3.715100000000000335e+01 8.540000000000000000e+02 4.760007019042968750e+02
3.748700000000000188e+01 7.090000000000000000e+02 4.760120849609375000e+02
3.782399999999999807e+01 9.540000000000000000e+02 4.759977111816406250e+02
3.815999999999999659e+01 7.170000000000000000e+02 4.760014648437500000e+02
3.849699999999999989e+01 5.660000000000000000e+02 4.759981689453125000e+02
3.883299999999999841e+01 6.260000000000000000e+02 4.760037841796875000e+02
3.917000000000000171e+01 5.420000000000000000e+02 4.760021972656250000e+02
3.950600000000000023e+01 6.030000000000000000e+02 4.760024719238281250e+02
3.984199999999999875e+01 5.660000000000000000e+02 4.759970092773437500e+02
4.017900000000000205e+01 5.400000000000000000e+02 4.759981994628906250e+02
4.051500000000000057e+01 5.300000000000000000e+02 4.759995117187500000e+02
4.085099999999999909e+01 2.590000000000000000e+02 4.760073852539062500e+02
4.118800000000000239e+01 3.990000000000000000e+02 4.760080566406250000e+02
4.152400000000000091e+01 4.030000000000000000e+02 4.760178527832031250e+02
4.185999999999999943e+01 7.890000000000000000e+02 4.759976501464843750e+02
4.219599999999999795e+01 2.450000000000000000e+03 4.760032958984375000e+02
4.253300000000000125e+01 4.226000000000000000e+03 4.760019226074218750e+02
4.286899999999999977e+01 5.634000000000000000e+03 4.760029907226562500e+02
4.320700000000000074e+01 6.251000000000000000e+03 4.760027160644531250e+02
4.354299999999999926e+01 5.634000000000000000e+03 4.760029907226562500e+02
4.388000000000000256e+01 5.365000000000000000e+03 4.760025024414062500e+02
4.421600000000000108e+01 4.803000000000000000e+03 4.760007324218750000e+02
4.455199999999999960e+01 4.623000000000000000e+03 4.759996643066406250e+02
4.488799999999999812e+01 3.652000000000000000e+03 4.760030822753906250e+02
4.522500000000000142e+01 2.890000000000000000e+03 4.760007629394531250e+02
4.556099999999999994e+01 2.520000000000000000e+03 4.760023803710937500e+02
4.589699999999999847e+01 2.023000000000000000e+03 4.760037536621093750e+02
4.623400000000000176e+01 2.029000000000000000e+03 4.760017395019531250e+02
4.657000000000000028e+01 1.623000000000000000e+03 4.760026550292968750e+02
4.690599999999999881e+01 1.298000000000000000e+03 4.760039367675781250e+02
4.724300000000000210e+01 1.120000000000000000e+03 4.760070800781250000e+02
4.757900000000000063e+01 9.500000000000000000e+02 4.759983215332031250e+02
4.791499999999999915e+01 9.960000000000000000e+02 4.759977722167968750e+02
4.825099999999999767e+01 9.300000000000000000e+02 4.759995727539062500e+02
4.858800000000000097e+01 8.020000000000000000e+02 4.759982299804687500e+02
4.892399999999999949e+01 7.470000000000000000e+02 4.760015869140625000e+02
4.925999999999999801e+01 6.890000000000000000e+02 4.759964599609375000e+02
4.959700000000000131e+01 7.740000000000000000e+02 4.759969482421875000e+02
4.993299999999999983e+01 7.700000000000000000e+02 4.759951477050781250e+02
5.026899999999999835e+01 7.080000000000000000e+02 4.759977416992187500e+02
5.060600000000000165e+01 6.790000000000000000e+02 4.759937438964843750e+02
5.094200000000000017e+01 7.260000000000000000e+02 4.760043945312500000e+02
5.127799999999999869e+01 7.700000000000000000e+02 4.760015869140625000e+02
5.161399999999999721e+01 6.380000000000000000e+02 4.760017395019531250e+02
5.195100000000000051e+01 5.860000000000000000e+02 4.759962158203125000e+02
5.228699999999999903e+01 5.380000000000000000e+02 4.760064697265625000e+02
5.262299999999999756e+01 6.960000000000000000e+02 4.760051574707031250e+02
5.296000000000000085e+01 4.740000000000000000e+02 4.759934997558593750e+02
5.329800000000000182e+01 6.320000000000000000e+02 4.759965209960937500e+02
5.363400000000000034e+01 4.810000000000000000e+02 4.759982604980468750e+02
5.396999999999999886e+01 3.490000000000000000e+02 4.759981994628906250e+02
5.430700000000000216e+01 5.210000000000000000e+02 4.759962158203125000e+02
5.464300000000000068e+01 4.990000000000000000e+02 4.759924011230468750e+02
5.497899999999999920e+01 5.030000000000000000e+02 4.759937438964843750e+02
5.531600000000000250e+01 3.690000000000000000e+02 4.760126647949218750e+02
5.565200000000000102e+01 5.370000000000000000e+02 4.759994506835937500e+02
5.598799999999999955e+01 5.590000000000000000e+02 4.760002136230468750e+02
5.632500000000000284e+01 3.880000000000000000e+02 4.759979858398437500e+02
5.666100000000000136e+01 6.610000000000000000e+02 4.759980163574218750e+02
5.699699999999999989e+01 4.140000000000000000e+02 4.760028076171875000e+02
5.733400000000000318e+01 6.200000000000000000e+02 4.760032653808593750e+02
5.767000000000000171e+01 4.830000000000000000e+02 4.760102539062500000e+02
