4.455199999999999960e+01 1.174000000000000000e+03 2.730116882324218750e+02
4.488799999999999812e+01 1.221000000000000000e+03 2.730153198242187500e+02
4.522500000000000142e+01 2.135000000000000000e+03 2.730132446289062500e+02
4.556099999999999994e+01 2.766000000000000000e+03 2.730118713378906250e+02
4.589699999999999847e+01 3.341000000000000000e+03 2.730057373046875000e+02
4.623400000000000176e+01 4.340000000000000000e+03 2.730084228515625000e+02
4.657000000000000028e+01 4.000000000000000000e+03 2.730028381347656250e+02
4.690599999999999881e+01 4.473000000000000000e+03 2.730007629394531250e+02
4.724300000000000210e+01 5.614000000000000000e+03 2.730014343261718750e+02
4.757900000000000063e+01 4.986000000000000000e+03 2.729977416992187500e+02
4.791499999999999915e+01 5.741000000000000000e+03 2.729957885742187500e+02
4.825099999999999767e+01 5.703000000000000000e+03 2.729944763183593750e+02
4.858800000000000097e+01 5.083000000000000000e+03 2.729945678710937500e+02
4.892399999999999949e+01 5.115000000000000000e+03 2.729947814941406250e+02
4.925999999999999801e+01 4.523000000000000000e+03 2.729939575195312500e+02
4.959700000000000131e+01 5.151000000000000000e+03 2.729933166503906250e+02
4.993299999999999983e+01 4.838000000000000000e+03 2.729937438964843750e+02
5.026899999999999835e+01 4.798000000000000000e+03 2.729949645996093750e+02
5.060600000000000165e+01 4.111000000000000000e+03 2.729957885742187500e+02
5.094200000000000017e+01 4.161000000000000000e+03 2.729952087402343750e+02
5.127799999999999869e+01 3.941000000000000000e+03 2.729957580566406250e+02
5.161399999999999721e+01 3.316000000000000000e+03 2.729969482421875000e+02
5.195100000000000051e+01 2.653000000000000000e+03 2.729986877441406250e+02
5.228699999999999903e+01 2.507000000000000000e+03 2.729979858398437500e+02
5.262299999999999756e+01 1.682000000000000000e+03 2.730016784667968750e+02
5.296000000000000085e+01 1.443000000000000000e+03 2.729998474121093750e+02
5.329800000000000182e+01 1.214000000000000000e+03 2.730034484863281250e+02
5.363400000000000034e+01 9.820000000000000000e+02 2.730015869140625000e+02
5.396999999999999886e+01 8.570000000000000000e+02 2.730022583007812500e+02
5.430700000000000216e+01 5.740000000000000000e+02 2.729967346191406250e+02
5.464300000000000068e+01 6.430000000000000000e+02 2.729997253417968750e+02
5.497899999999999920e+01 5.880000000000000000e+02 2.729990539550781250e+02
5.531600000000000250e+01 5.740000000000000000e+02 2.730090942382812500e+02
5.565200000000000102e+01 6.440000000000000000e+02 2.729926757812500000e+02
5.598799999999999955e+01 3.530000000000000000e+02 2.730015869140625000e+02
5.632500000000000284e+01 4.730000000000000000e+02 2.730105590820312500e+02
5.666100000000000136e+01 5.280000000000000000e+02 2.729955749511718750e+02
5.699699999999999989e+01 3.830000000000000000e+02 2.729956970214843750e+02
5.733400000000000318e+01 4.320000000000000000e+02 2.730008239746093750e+02
