1.979430000000000121e+02 2.540000000000000000e+02 3.800832519531250000e+02
1.982800000000000011e+02 1.200000000000000000e+02 3.800986328125000000e+02
1.986160000000000139e+02 4.630000000000000000e+02 3.800817565917968750e+02
1.989530000000000030e+02 4.740000000000000000e+02 3.800860900878906250e+02
1.992889999999999873e+02 6.450000000000000000e+02 3.800849304199218750e+02
1.996250000000000000e+02 5.530000000000000000e+02 3.800940551757812500e+02
1.999619999999999891e+02 2.990000000000000000e+02 3.800903015136718750e+02
2.002980000000000018e+02 4.230000000000000000e+02 3.800816040039062500e+02
2.006339999999999861e+02 3.140000000000000000e+02 3.800822143554687500e+02
2.009710000000000036e+02 3.540000000000000000e+02 3.800857543945312500e+02
2.013069999999999879e+02 2.090000000000000000e+02 3.800912475585937500e+02
2.016430000000000007e+02 3.340000000000000000e+02 3.800952453613281250e+02
