2.975100000000000122e+01 2.580000000000000000e+02 2.460309143066406250e+02
3.008699999999999974e+01 3.250000000000000000e+02 2.460234222412109375e+02
3.042299999999999827e+01 1.530000000000000000e+02 2.460187683105468750e+02
3.076000000000000156e+01 3.350000000000000000e+02 2.460248260498046875e+02
3.109600000000000009e+01 2.940000000000000000e+02 2.460081787109375000e+02
3.143199999999999861e+01 4.440000000000000000e+02 2.460178833007812500e+02
3.176800000000000068e+01 6.220000000000000000e+02 2.460138244628906250e+02
3.210499999999999687e+01 4.530000000000000000e+02 2.460216369628906250e+02
3.244100000000000250e+01 4.790000000000000000e+02 2.460108184814453125e+02
3.277700000000000102e+01 3.950000000000000000e+02 2.460076141357421875e+02
3.311500000000000199e+01 3.510000000000000000e+02 2.460207366943359375e+02
3.345199999999999818e+01 5.130000000000000000e+02 2.460154266357421875e+02
3.378799999999999670e+01 6.290000000000000000e+02 2.460048217773437500e+02
3.412400000000000233e+01 4.230000000000000000e+02 2.460291900634765625e+02
3.446000000000000085e+01 4.870000000000000000e+02 2.460178222656250000e+02
3.479699999999999704e+01 5.480000000000000000e+02 2.460104522705078125e+02
3.513300000000000267e+01 4.690000000000000000e+02 2.460178680419921875e+02
3.546900000000000119e+01 7.470000000000000000e+02 2.460072479248046875e+02
3.580599999999999739e+01 5.220000000000000000e+02 2.460083770751953125e+02
3.614200000000000301e+01 6.250000000000000000e+02 2.460020294189453125e+02
3.647800000000000153e+01 4.730000000000000000e+02 2.460007934570312500e+02
3.681499999999999773e+01 6.420000000000000000e+02 2.460018157958984375e+02
3.715100000000000335e+01 6.600000000000000000e+02 2.460021057128906250e+02
3.748700000000000188e+01 5.240000000000000000e+02 2.460072937011718750e+02
3.782399999999999807e+01 8.070000000000000000e+02 2.460036468505859375e+02
3.815999999999999659e+01 7.360000000000000000e+02 2.460016784667968750e+02
3.849699999999999989e+01 4.960000000000000000e+02 2.460106353759765625e+02
3.883299999999999841e+01 8.480000000000000000e+02 2.460075531005859375e+02
3.917000000000000171e+01 5.840000000000000000e+02 2.460105590820312500e+02
3.950600000000000023e+01 6.540000000000000000e+02 2.460034332275390625e+02
3.984199999999999875e+01 5.930000000000000000e+02 2.459964141845703125e+02
4.017900000000000205e+01 5.310000000000000000e+02 2.459976043701171875e+02
4.051500000000000057e+01 5.330000000000000000e+02 2.460005645751953125e+02
4.085099999999999909e+01 5.240000000000000000e+02 2.460086822509765625e+02
4.118800000000000239e+01 8.320000000000000000e+02 2.460055999755859375e+02
4.152400000000000091e+01 6.740000000000000000e+02 2.460028381347656250e+02
4.185999999999999943e+01 5.400000000000000000e+02 2.460040283203125000e+02
4.219599999999999795e+01 4.150000000000000000e+02 2.460200958251953125e+02
