9.686040000000000418e+02 7.630000000000000000e+02 5.734835205078125000e+02
9.689400000000000546e+02 6.890000000000000000e+02 5.734870605468750000e+02
9.692759999999999536e+02 7.080000000000000000e+02 5.734819946289062500e+02
9.696119999999999663e+02 6.070000000000000000e+02 5.734801635742187500e+02
9.699479999999999791e+02 6.670000000000000000e+02 5.734786376953125000e+02
9.702839999999999918e+02 6.860000000000000000e+02 5.734790649414062500e+02
9.706200000000000045e+02 7.490000000000000000e+02 5.734813842773437500e+02
9.709560000000000173e+02 5.750000000000000000e+02 5.734865722656250000e+02
9.712980000000000018e+02 6.370000000000000000e+02 5.734881591796875000e+02
9.716340000000000146e+02 5.950000000000000000e+02 5.734818115234375000e+02
9.719700000000000273e+02 7.830000000000000000e+02 5.734855346679687500e+02
9.723060000000000400e+02 7.060000000000000000e+02 5.734897460937500000e+02
9.726420000000000528e+02 5.700000000000000000e+02 5.734883422851562500e+02
9.729779999999999518e+02 6.420000000000000000e+02 5.734855957031250000e+02
9.733139999999999645e+02 8.360000000000000000e+02 5.734823608398437500e+02
9.736499999999999773e+02 8.760000000000000000e+02 5.734801025390625000e+02
9.739859999999999900e+02 7.780000000000000000e+02 5.734805908203125000e+02
9.743220000000000027e+02 6.180000000000000000e+02 5.734782714843750000e+02
9.746580000000000155e+02 6.810000000000000000e+02 5.734749755859375000e+02
9.749940000000000282e+02 6.030000000000000000e+02 5.734824218750000000e+02
9.753300000000000409e+02 6.830000000000000000e+02 5.734816894531250000e+02
9.756660000000000537e+02 5.790000000000000000e+02 5.734838867187500000e+02
9.760019999999999527e+02 6.340000000000000000e+02 5.734875488281250000e+02
9.763379999999999654e+02 5.830000000000000000e+02 5.734818115234375000e+02
9.766799999999999500e+02 4.550000000000000000e+02 5.734840087890625000e+02
9.770159999999999627e+02 5.770000000000000000e+02 5.734802856445312500e+02
9.773519999999999754e+02 5.520000000000000000e+02 5.734810791015625000e+02
9.776879999999999882e+02 6.640000000000000000e+02 5.734820556640625000e+02
9.780240000000000009e+02 4.360000000000000000e+02 5.734796142578125000e+02
9.783600000000000136e+02 4.890000000000000000e+02 5.734837646484375000e+02
9.786960000000000264e+02 6.610000000000000000e+02 5.734873046875000000e+02
9.790320000000000391e+02 4.570000000000000000e+02 5.734831542968750000e+02
9.793680000000000518e+02 5.600000000000000000e+02 5.734877319335937500e+02
9.797039999999999509e+02 5.270000000000000000e+02 5.734846191406250000e+02
9.800399999999999636e+02 4.090000000000000000e+02 5.734862670898437500e+02
9.803759999999999764e+02 5.500000000000000000e+02 5.734859008789062500e+02
9.807179999999999609e+02 6.440000000000000000e+02 5.734895629882812500e+02
9.810539999999999736e+02 6.640000000000000000e+02 5.734838256835937500e+02
9.813899999999999864e+02 4.470000000000000000e+02 5.734825439453125000e+02
9.817259999999999991e+02 4.720000000000000000e+02 5.734857788085937500e+02
9.820620000000000118e+02 5.490000000000000000e+02 5.734870605468750000e+02
9.823980000000000246e+02 3.980000000000000000e+02 5.734838867187500000e+02
9.827340000000000373e+02 5.070000000000000000e+02 5.734909057617187500e+02
9.830700000000000500e+02 4.420000000000000000e+02 5.734887084960937500e+02
9.834059999999999491e+02 6.020000000000000000e+02 5.734793701171875000e+02
9.837419999999999618e+02 4.240000000000000000e+02 5.734896850585937500e+02
9.840779999999999745e+02 3.640000000000000000e+02 5.734848022460937500e+02
9.844139999999999873e+02 4.180000000000000000e+02 5.734774169921875000e+02
9.847559999999999718e+02 4.870000000000000000e+02 5.734851074218750000e+02
9.850919999999999845e+02 4.500000000000000000e+02 5.734845581054687500e+02
9.854279999999999973e+02 4.420000000000000000e+02 5.734818115234375000e+02
9.857640000000000100e+02 4.140000000000000000e+02 5.734816894531250000e+02
9.861000000000000227e+02 4.100000000000000000e+02 5.734806518554687500e+02
9.864360000000000355e+02 4.110000000000000000e+02 5.734786376953125000e+02
9.867720000000000482e+02 3.900000000000000000e+02 5.734834594726562500e+02
9.871079999999999472e+02 4.570000000000000000e+02 5.734841308593750000e+02
9.874439999999999600e+02 3.800000000000000000e+02 5.734849853515625000e+02
9.877799999999999727e+02 2.700000000000000000e+02 5.734820556640625000e+02
9.881159999999999854e+02 4.380000000000000000e+02 5.734808349609375000e+02
9.884519999999999982e+02 3.330000000000000000e+02 5.734829711914062500e+02
9.887880000000000109e+02 3.060000000000000000e+02 5.734836425781250000e+02
9.891240000000000236e+02 3.850000000000000000e+02 5.734730834960937500e+02
9.894600000000000364e+02 4.660000000000000000e+02 5.734829711914062500e+02
9.897960000000000491e+02 3.550000000000000000e+02 5.734939575195312500e+02
9.901319999999999482e+02 4.490000000000000000e+02 5.734837646484375000e+02
9.904679999999999609e+02 3.730000000000000000e+02 5.734838256835937500e+02
9.908039999999999736e+02 3.980000000000000000e+02 5.734814453125000000e+02
9.911459999999999582e+02 2.820000000000000000e+02 5.734954833984375000e+02
9.914819999999999709e+02 4.720000000000000000e+02 5.734830322265625000e+02
9.918179999999999836e+02 2.480000000000000000e+02 5.734840087890625000e+02
9.921539999999999964e+02 3.820000000000000000e+02 5.734816284179687500e+02
9.924900000000000091e+02 3.540000000000000000e+02 5.734848022460937500e+02
9.928260000000000218e+02 3.030000000000000000e+02 5.734867553710937500e+02
9.931620000000000346e+02 2.860000000000000000e+02 5.734856567382812500e+02
9.934980000000000473e+02 3.960000000000000000e+02 5.734870605468750000e+02
9.938339999999999463e+02 3.190000000000000000e+02 5.734827880859375000e+02
9.941699999999999591e+02 2.680000000000000000e+02 5.734890747070312500e+02
9.945059999999999718e+02 3.040000000000000000e+02 5.734792480468750000e+02
9.948419999999999845e+02 4.160000000000000000e+02 5.734788818359375000e+02
9.951779999999999973e+02 3.400000000000000000e+02 5.734826049804687500e+02
9.955140000000000100e+02 2.540000000000000000e+02 5.734848632812500000e+02
9.958559999999999945e+02 3.630000000000000000e+02 5.734807128906250000e+02
9.961860000000000355e+02 2.360000000000000000e+02 5.734799804687500000e+02
9.965280000000000200e+02 3.360000000000000000e+02 5.734738159179687500e+02
9.968640000000000327e+02 2.760000000000000000e+02 5.734778442382812500e+02
9.972000000000000455e+02 3.410000000000000000e+02 5.734761962890625000e+02
9.975359999999999445e+02 2.480000000000000000e+02 5.734681396484375000e+02
9.978719999999999573e+02 3.290000000000000000e+02 5.734735107421875000e+02
