3.809359999999999786e+02 4.940000000000000000e+02 2.971204223632812500e+02
3.812719999999999914e+02 1.189000000000000000e+03 2.971189270019531250e+02
3.816089999999999804e+02 2.370000000000000000e+03 2.971192321777343750e+02
3.819449999999999932e+02 4.921000000000000000e+03 2.971200256347656250e+02
3.822810000000000059e+02 9.840000000000000000e+03 2.971185607910156250e+02
3.826179999999999950e+02 1.515500000000000000e+04 2.971187133789062500e+02
3.829540000000000077e+02 2.248300000000000000e+04 2.971186218261718750e+02
3.832900000000000205e+02 2.686400000000000000e+04 2.971182250976562500e+02
3.836270000000000095e+02 3.022000000000000000e+04 2.971175537109375000e+02
3.839630000000000223e+02 3.150200000000000000e+04 2.971179199218750000e+02
3.843000000000000114e+02 3.108100000000000000e+04 2.971182861328125000e+02
3.846360000000000241e+02 2.628000000000000000e+04 2.971185607910156250e+02
3.849719999999999800e+02 2.155800000000000000e+04 2.971183776855468750e+02
3.853090000000000259e+02 1.719800000000000000e+04 2.971184387207031250e+02
3.856449999999999818e+02 1.251900000000000000e+04 2.971177978515625000e+02
3.859809999999999945e+02 8.374000000000000000e+03 2.971192932128906250e+02
3.863190000000000168e+02 5.926000000000000000e+03 2.971189575195312500e+02
3.866549999999999727e+02 4.382000000000000000e+03 2.971192016601562500e+02
3.869920000000000186e+02 2.629000000000000000e+03 2.971203002929687500e+02
3.873279999999999745e+02 1.944000000000000000e+03 2.971220397949218750e+02
3.876639999999999873e+02 1.329000000000000000e+03 2.971200256347656250e+02
3.880009999999999764e+02 1.119000000000000000e+03 2.971218872070312500e+02
3.883369999999999891e+02 7.060000000000000000e+02 2.971256103515625000e+02
3.886730000000000018e+02 5.180000000000000000e+02 2.971223754882812500e+02
3.890099999999999909e+02 5.910000000000000000e+02 2.971207580566406250e+02
3.893460000000000036e+02 4.950000000000000000e+02 2.971152343750000000e+02
3.896829999999999927e+02 3.040000000000000000e+02 2.971244201660156250e+02
3.900190000000000055e+02 4.000000000000000000e+02 2.971247558593750000e+02
3.903550000000000182e+02 4.290000000000000000e+02 2.971171875000000000e+02
3.906920000000000073e+02 3.140000000000000000e+02 2.971120910644531250e+02
3.910280000000000200e+02 2.200000000000000000e+02 2.971294250488281250e+02
3.913639999999999759e+02 2.410000000000000000e+02 2.971212158203125000e+02
3.917010000000000218e+02 1.740000000000000000e+02 2.971215515136718750e+02
3.920369999999999777e+02 1.000000000000000000e+02 2.971074523925781250e+02
3.923729999999999905e+02 2.200000000000000000e+02 2.971198425292968750e+02
3.927099999999999795e+02 1.530000000000000000e+02 2.971299743652343750e+02
3.930459999999999923e+02 2.380000000000000000e+02 2.971104125976562500e+02
3.933829999999999814e+02 1.170000000000000000e+02 2.971254577636718750e+02
3.937189999999999941e+02 1.480000000000000000e+02 2.971140747070312500e+02
3.940550000000000068e+02 2.950000000000000000e+02 2.971261901855468750e+02
3.943910000000000196e+02 2.180000000000000000e+02 2.971275939941406250e+02
3.947280000000000086e+02 1.880000000000000000e+02 2.971172180175781250e+02
3.950640000000000214e+02 1.280000000000000000e+02 2.971212158203125000e+02
3.953999999999999773e+02 2.760000000000000000e+02 2.971332702636718750e+02
3.957370000000000232e+02 1.680000000000000000e+02 2.971327209472656250e+02
3.960729999999999791e+02 1.170000000000000000e+02 2.971191711425781250e+02
3.964110000000000014e+02 2.150000000000000000e+02 2.971264648437500000e+02
