2.870840000000000032e+02 1.940000000000000000e+02 6.791331787109375000e+02
2.874209999999999923e+02 3.400000000000000000e+02 6.791494140625000000e+02
2.877570000000000050e+02 3.290000000000000000e+02 6.791517333984375000e+02
2.880930000000000177e+02 3.650000000000000000e+02 6.791538085937500000e+02
2.884300000000000068e+02 5.130000000000000000e+02 6.791386718750000000e+02
2.887660000000000196e+02 5.990000000000000000e+02 6.791422119140625000e+02
2.891019999999999754e+02 5.700000000000000000e+02 6.791408691406250000e+02
2.894390000000000214e+02 4.940000000000000000e+02 6.791452636718750000e+02
2.897760000000000105e+02 3.370000000000000000e+02 6.791395263671875000e+02
2.901120000000000232e+02 3.070000000000000000e+02 6.791402587890625000e+02
2.904479999999999791e+02 3.130000000000000000e+02 6.791534423828125000e+02
2.907850000000000250e+02 3.100000000000000000e+02 6.791489257812500000e+02
2.911209999999999809e+02 2.970000000000000000e+02 6.791496582031250000e+02
2.914569999999999936e+02 3.680000000000000000e+02 6.791421508789062500e+02
2.917939999999999827e+02 4.020000000000000000e+02 6.791380004882812500e+02
2.921309999999999718e+02 3.650000000000000000e+02 6.791455078125000000e+02
2.924669999999999845e+02 3.330000000000000000e+02 6.791597900390625000e+02
2.928039999999999736e+02 2.110000000000000000e+02 6.791545410156250000e+02
2.931399999999999864e+02 1.300000000000000000e+02 6.791486206054687500e+02
2.934759999999999991e+02 1.280000000000000000e+02 6.791438598632812500e+02
