3.294719999999999800e+02 1.090000000000000000e+02 4.801720886230468750e+02
3.298079999999999927e+02 1.580000000000000000e+02 4.801815795898437500e+02
3.301440000000000055e+02 3.470000000000000000e+02 4.801727905273437500e+02
3.304800000000000182e+02 2.760000000000000000e+02 4.801842956542968750e+02
3.308170000000000073e+02 5.810000000000000000e+02 4.801911315917968750e+02
3.311530000000000200e+02 5.920000000000000000e+02 4.801889648437500000e+02
3.314889999999999759e+02 8.200000000000000000e+02 4.801845397949218750e+02
3.318260000000000218e+02 6.800000000000000000e+02 4.801852722167968750e+02
3.321619999999999777e+02 8.180000000000000000e+02 4.801809082031250000e+02
3.324979999999999905e+02 7.350000000000000000e+02 4.801858520507812500e+02
3.328349999999999795e+02 4.980000000000000000e+02 4.801886901855468750e+02
3.331709999999999923e+02 7.130000000000000000e+02 4.801849365234375000e+02
3.335070000000000050e+02 5.020000000000000000e+02 4.801827697753906250e+02
3.338430000000000177e+02 4.350000000000000000e+02 4.801815185546875000e+02
3.341800000000000068e+02 5.530000000000000000e+02 4.801864624023437500e+02
3.345160000000000196e+02 2.910000000000000000e+02 4.801892395019531250e+02
3.348519999999999754e+02 3.320000000000000000e+02 4.801833190917968750e+02
3.351890000000000214e+02 4.330000000000000000e+02 4.801827087402343750e+02
3.355249999999999773e+02 3.850000000000000000e+02 4.801820068359375000e+02
3.358629999999999995e+02 3.500000000000000000e+02 4.801759643554687500e+02
3.361990000000000123e+02 4.270000000000000000e+02 4.801825866699218750e+02
3.365360000000000014e+02 4.930000000000000000e+02 4.801806335449218750e+02
3.368720000000000141e+02 4.370000000000000000e+02 4.801875915527343750e+02
3.372090000000000032e+02 4.890000000000000000e+02 4.801859130859375000e+02
3.375450000000000159e+02 6.420000000000000000e+02 4.801797790527343750e+02
3.378809999999999718e+02 5.490000000000000000e+02 4.801949157714843750e+02
3.382180000000000177e+02 4.450000000000000000e+02 4.801848449707031250e+02
3.385539999999999736e+02 5.920000000000000000e+02 4.801820678710937500e+02
3.388899999999999864e+02 4.910000000000000000e+02 4.801777038574218750e+02
3.392269999999999754e+02 4.940000000000000000e+02 4.801743774414062500e+02
