3.748809999999999718e+02 2.360000000000000000e+02 2.810775146484375000e+02
3.752169999999999845e+02 3.010000000000000000e+02 2.810665893554687500e+02
3.755539999999999736e+02 2.920000000000000000e+02 2.810700073242187500e+02
3.758899999999999864e+02 3.570000000000000000e+02 2.810737915039062500e+02
3.762280000000000086e+02 3.130000000000000000e+02 2.810748291015625000e+02
3.765640000000000214e+02 3.890000000000000000e+02 2.810705566406250000e+02
3.768999999999999773e+02 5.470000000000000000e+02 2.810732727050781250e+02
3.772370000000000232e+02 3.360000000000000000e+02 2.810791931152343750e+02
3.775729999999999791e+02 4.360000000000000000e+02 2.810719909667968750e+02
3.779089999999999918e+02 3.150000000000000000e+02 2.810814514160156250e+02
3.782459999999999809e+02 1.980000000000000000e+02 2.810830993652343750e+02
3.785819999999999936e+02 1.400000000000000000e+02 2.810760192871093750e+02
3.789180000000000064e+02 2.390000000000000000e+02 2.810733947753906250e+02
