1.891970000000000027e+02 1.870000000000000000e+02 4.371549072265625000e+02
1.895329999999999870e+02 6.300000000000000000e+02 4.371524047851562500e+02
1.898700000000000045e+02 1.479000000000000000e+03 4.371394653320312500e+02
1.902059999999999889e+02 2.477000000000000000e+03 4.371382141113281250e+02
1.905420000000000016e+02 3.434000000000000000e+03 4.371418762207031250e+02
1.908779999999999859e+02 3.904000000000000000e+03 4.371410827636718750e+02
1.912150000000000034e+02 4.411000000000000000e+03 4.371429443359375000e+02
1.915509999999999877e+02 4.726000000000000000e+03 4.371447143554687500e+02
1.918870000000000005e+02 4.441000000000000000e+03 4.371427307128906250e+02
1.922239999999999895e+02 3.867000000000000000e+03 4.371427612304687500e+02
1.925600000000000023e+02 3.816000000000000000e+03 4.371407775878906250e+02
1.928959999999999866e+02 2.715000000000000000e+03 4.371410827636718750e+02
1.932330000000000041e+02 2.525000000000000000e+03 4.371420898437500000e+02
1.935689999999999884e+02 1.965000000000000000e+03 4.371409912109375000e+02
1.939050000000000011e+02 1.370000000000000000e+03 4.371427612304687500e+02
1.942419999999999902e+02 1.201000000000000000e+03 4.371460266113281250e+02
1.945800000000000125e+02 9.570000000000000000e+02 4.371442565917968750e+02
1.949159999999999968e+02 7.520000000000000000e+02 4.371406860351562500e+02
1.952520000000000095e+02 5.630000000000000000e+02 4.371442565917968750e+02
1.955889999999999986e+02 4.460000000000000000e+02 4.371420898437500000e+02
1.959250000000000114e+02 3.720000000000000000e+02 4.371366882324218750e+02
1.962620000000000005e+02 3.330000000000000000e+02 4.371427612304687500e+02
1.965980000000000132e+02 3.510000000000000000e+02 4.371484680175781250e+02
1.969339999999999975e+02 1.230000000000000000e+02 4.371429138183593750e+02
1.972709999999999866e+02 2.210000000000000000e+02 4.371594238281250000e+02
1.976069999999999993e+02 2.330000000000000000e+02 4.371450500488281250e+02
1.979430000000000121e+02 1.800000000000000000e+02 4.371515808105468750e+02
1.982800000000000011e+02 1.060000000000000000e+02 4.371417236328125000e+02
1.986160000000000139e+02 1.360000000000000000e+02 4.371565551757812500e+02
1.989530000000000030e+02 1.200000000000000000e+02 4.371374511718750000e+02
1.992889999999999873e+02 1.180000000000000000e+02 4.371466979980468750e+02
1.996250000000000000e+02 1.760000000000000000e+02 4.371330566406250000e+02
