3.378809999999999718e+02 1.930000000000000000e+02 5.380634765625000000e+02
3.382180000000000177e+02 2.430000000000000000e+02 5.380780029296875000e+02
3.385539999999999736e+02 3.240000000000000000e+02 5.380640869140625000e+02
3.388899999999999864e+02 3.190000000000000000e+02 5.380694580078125000e+02
3.392269999999999754e+02 3.960000000000000000e+02 5.380711669921875000e+02
3.395629999999999882e+02 4.090000000000000000e+02 5.380634155273437500e+02
3.398990000000000009e+02 3.800000000000000000e+02 5.380605468750000000e+02
3.402359999999999900e+02 4.480000000000000000e+02 5.380662231445312500e+02
3.405720000000000027e+02 4.500000000000000000e+02 5.380604858398437500e+02
3.409080000000000155e+02 3.100000000000000000e+02 5.380698852539062500e+02
3.412440000000000282e+02 3.410000000000000000e+02 5.380683593750000000e+02
3.415810000000000173e+02 5.320000000000000000e+02 5.380663452148437500e+02
3.419169999999999732e+02 3.350000000000000000e+02 5.380764770507812500e+02
3.422529999999999859e+02 3.980000000000000000e+02 5.380711669921875000e+02
3.425899999999999750e+02 3.500000000000000000e+02 5.380724487304687500e+02
3.429259999999999877e+02 2.870000000000000000e+02 5.380777587890625000e+02
3.432620000000000005e+02 2.920000000000000000e+02 5.380728149414062500e+02
3.435989999999999895e+02 1.600000000000000000e+02 5.380759277343750000e+02
3.439350000000000023e+02 1.840000000000000000e+02 5.380794067382812500e+02
3.442710000000000150e+02 1.440000000000000000e+02 5.380784301757812500e+02
3.446080000000000041e+02 1.370000000000000000e+02 5.380649414062500000e+02
