4.243290000000000077e+02 6.900000000000000000e+01 5.970364990234375000e+02
4.246659999999999968e+02 1.380000000000000000e+02 5.970570678710937500e+02
4.250020000000000095e+02 1.650000000000000000e+02 5.970593261718750000e+02
4.253380000000000223e+02 3.060000000000000000e+02 5.970522460937500000e+02
4.256750000000000114e+02 4.300000000000000000e+02 5.970604248046875000e+02
4.260110000000000241e+02 4.080000000000000000e+02 5.970571289062500000e+02
4.263469999999999800e+02 4.000000000000000000e+02 5.970620727539062500e+02
4.266850000000000023e+02 4.590000000000000000e+02 5.970645141601562500e+02
4.270210000000000150e+02 5.300000000000000000e+02 5.970562133789062500e+02
4.273580000000000041e+02 2.770000000000000000e+02 5.970480957031250000e+02
4.276940000000000168e+02 2.230000000000000000e+02 5.970515136718750000e+02
4.280299999999999727e+02 1.650000000000000000e+02 5.970563354492187500e+02
4.283670000000000186e+02 1.160000000000000000e+02 5.970576782226562500e+02
