3.815999999999999659e+01 3.750000000000000000e+02 3.180052490234375000e+02
3.849699999999999989e+01 3.510000000000000000e+02 3.179978027343750000e+02
3.883299999999999841e+01 3.330000000000000000e+02 3.180139465332031250e+02
3.917000000000000171e+01 4.780000000000000000e+02 3.179999389648437500e+02
3.950600000000000023e+01 4.380000000000000000e+02 3.180047302246093750e+02
3.984199999999999875e+01 4.310000000000000000e+02 3.179990234375000000e+02
4.017900000000000205e+01 4.130000000000000000e+02 3.180050659179687500e+02
4.051500000000000057e+01 5.240000000000000000e+02 3.179979248046875000e+02
4.085099999999999909e+01 5.620000000000000000e+02 3.179945678710937500e+02
4.118800000000000239e+01 5.460000000000000000e+02 3.180091552734375000e+02
4.152400000000000091e+01 2.640000000000000000e+02 3.180005798339843750e+02
4.185999999999999943e+01 4.670000000000000000e+02 3.180078735351562500e+02
4.219599999999999795e+01 5.250000000000000000e+02 3.180095825195312500e+02
