2.736279999999999859e+02 1.550000000000000000e+02 2.280629425048828125e+02
2.739639999999999986e+02 2.820000000000000000e+02 2.280672912597656250e+02
2.743000000000000114e+02 3.320000000000000000e+02 2.280663299560546875e+02
2.746370000000000005e+02 4.290000000000000000e+02 2.280657348632812500e+02
2.749730000000000132e+02 3.790000000000000000e+02 2.280649261474609375e+02
2.753109999999999786e+02 4.410000000000000000e+02 2.280579833984375000e+02
2.756469999999999914e+02 5.110000000000000000e+02 2.280612487792968750e+02
2.759830000000000041e+02 3.110000000000000000e+02 2.280636291503906250e+02
2.763199999999999932e+02 2.680000000000000000e+02 2.280669555664062500e+02
2.766560000000000059e+02 3.540000000000000000e+02 2.280617523193359375e+02
2.769920000000000186e+02 1.230000000000000000e+02 2.280700683593750000e+02
2.773290000000000077e+02 1.880000000000000000e+02 2.280632171630859375e+02
2.776650000000000205e+02 8.400000000000000000e+01 2.280666198730468750e+02
2.780009999999999764e+02 3.700000000000000000e+01 2.280605010986328125e+02
