6.540900000000000318e+02 2.030000000000000000e+02 3.651996154785156250e+02
6.544260000000000446e+02 9.500000000000000000e+01 3.652082824707031250e+02
6.547619999999999436e+02 1.520000000000000000e+02 3.651940917968750000e+02
6.550979999999999563e+02 1.220000000000000000e+02 3.651844482421875000e+02
6.554339999999999691e+02 1.170000000000000000e+02 3.651877136230468750e+02
6.557699999999999818e+02 1.680000000000000000e+02 3.651969299316406250e+02
6.561059999999999945e+02 1.930000000000000000e+02 3.652137756347656250e+02
6.564420000000000073e+02 2.910000000000000000e+02 3.652007751464843750e+02
6.567780000000000200e+02 3.560000000000000000e+02 3.651991882324218750e+02
6.571140000000000327e+02 3.120000000000000000e+02 3.652001342773437500e+02
6.574500000000000455e+02 3.540000000000000000e+02 3.651979370117187500e+02
6.577859999999999445e+02 3.770000000000000000e+02 3.652078857421875000e+02
6.581219999999999573e+02 5.050000000000000000e+02 3.652015991210937500e+02
6.584579999999999700e+02 2.680000000000000000e+02 3.651963500976562500e+02
6.587999999999999545e+02 1.570000000000000000e+02 3.652084045410156250e+02
6.591359999999999673e+02 1.300000000000000000e+02 3.652023620605468750e+02
6.594719999999999800e+02 2.770000000000000000e+02 3.652030029296875000e+02
6.598079999999999927e+02 1.690000000000000000e+02 3.651954345703125000e+02
6.601440000000000055e+02 1.940000000000000000e+02 3.652062072753906250e+02
6.604800000000000182e+02 1.940000000000000000e+02 3.652166137695312500e+02
6.608160000000000309e+02 1.660000000000000000e+02 3.651956176757812500e+02
