5.390430000000000064e+02 9.700000000000000000e+01 3.710555725097656250e+02
5.393799999999999955e+02 1.090000000000000000e+02 3.710626525878906250e+02
5.397160000000000082e+02 1.380000000000000000e+02 3.710507507324218750e+02
5.400520000000000209e+02 1.130000000000000000e+02 3.710711669921875000e+02
5.403890000000000100e+02 2.600000000000000000e+02 3.710621337890625000e+02
5.407250000000000227e+02 2.280000000000000000e+02 3.710560607910156250e+02
5.410629999999999882e+02 4.530000000000000000e+02 3.710589599609375000e+02
5.413990000000000009e+02 3.420000000000000000e+02 3.710551147460937500e+02
5.417359999999999900e+02 2.390000000000000000e+02 3.710544738769531250e+02
5.420720000000000027e+02 2.510000000000000000e+02 3.710732421875000000e+02
5.424080000000000155e+02 3.510000000000000000e+02 3.710645751953125000e+02
5.427450000000000045e+02 5.010000000000000000e+02 3.710571289062500000e+02
5.430810000000000173e+02 1.850000000000000000e+02 3.710702819824218750e+02
5.434170000000000300e+02 3.430000000000000000e+02 3.710666809082031250e+02
5.437540000000000191e+02 1.420000000000000000e+02 3.710751037597656250e+02
5.440900000000000318e+02 1.810000000000000000e+02 3.710620422363281250e+02
5.444260000000000446e+02 1.240000000000000000e+02 3.710661315917968750e+02
5.447630000000000337e+02 1.270000000000000000e+02 3.710705871582031250e+02
