7.741739999999999782e+02 1.140000000000000000e+02 6.134091186523437500e+02
7.745099999999999909e+02 2.080000000000000000e+02 6.134075927734375000e+02
7.748460000000000036e+02 2.050000000000000000e+02 6.134111328125000000e+02
7.751879999999999882e+02 2.790000000000000000e+02 6.134017944335937500e+02
7.755240000000000009e+02 3.030000000000000000e+02 6.133872680664062500e+02
7.758540000000000418e+02 2.400000000000000000e+02 6.133964843750000000e+02
7.761900000000000546e+02 3.150000000000000000e+02 6.133971557617187500e+02
7.765320000000000391e+02 4.820000000000000000e+02 6.133961181640625000e+02
7.768680000000000518e+02 3.510000000000000000e+02 6.133941040039062500e+02
7.772039999999999509e+02 2.580000000000000000e+02 6.134031372070312500e+02
7.775399999999999636e+02 3.240000000000000000e+02 6.134003906250000000e+02
7.778759999999999764e+02 4.200000000000000000e+02 6.134003906250000000e+02
7.782119999999999891e+02 2.170000000000000000e+02 6.134007568359375000e+02
7.785480000000000018e+02 2.170000000000000000e+02 6.133983154296875000e+02
7.788840000000000146e+02 1.910000000000000000e+02 6.133892822265625000e+02
7.792200000000000273e+02 1.510000000000000000e+02 6.133952636718750000e+02
7.795560000000000400e+02 1.610000000000000000e+02 6.133926391601562500e+02
7.798980000000000246e+02 1.280000000000000000e+02 6.133798217773437500e+02
7.802340000000000373e+02 2.770000000000000000e+02 6.133973388671875000e+02
7.805700000000000500e+02 1.110000000000000000e+02 6.134030761718750000e+02
7.809059999999999491e+02 9.200000000000000000e+01 6.133889160156250000e+02
7.812419999999999618e+02 6.800000000000000000e+01 6.133946533203125000e+02
7.815779999999999745e+02 7.000000000000000000e+01 6.133861083984375000e+02
7.819139999999999873e+02 3.900000000000000000e+01 6.133847656250000000e+02
