9.416939999999999600e+02 3.240000000000000000e+02 1.501047973632812500e+02
9.420299999999999727e+02 3.780000000000000000e+02 1.501064453125000000e+02
9.423659999999999854e+02 2.340000000000000000e+02 1.501054687500000000e+02
9.427019999999999982e+02 3.080000000000000000e+02 1.501058044433593750e+02
9.430380000000000109e+02 2.920000000000000000e+02 1.501047210693359375e+02
9.433799999999999955e+02 2.220000000000000000e+02 1.501049804687500000e+02
9.437100000000000364e+02 4.080000000000000000e+02 1.501041717529296875e+02
9.440520000000000209e+02 2.770000000000000000e+02 1.501029968261718750e+02
9.443880000000000337e+02 3.190000000000000000e+02 1.501032714843750000e+02
9.447240000000000464e+02 4.010000000000000000e+02 1.501020812988281250e+02
9.450599999999999454e+02 3.350000000000000000e+02 1.501059265136718750e+02
9.453959999999999582e+02 3.320000000000000000e+02 1.501023864746093750e+02
9.457319999999999709e+02 2.000000000000000000e+02 1.501078796386718750e+02
9.460679999999999836e+02 1.900000000000000000e+02 1.501077880859375000e+02
9.464039999999999964e+02 2.910000000000000000e+02 1.501029357910156250e+02
9.467400000000000091e+02 3.410000000000000000e+02 1.501009674072265625e+02
9.470760000000000218e+02 2.390000000000000000e+02 1.501085815429687500e+02
9.474120000000000346e+02 1.680000000000000000e+02 1.501039581298828125e+02
9.477480000000000473e+02 2.020000000000000000e+02 1.501002807617187500e+02
9.480839999999999463e+02 2.910000000000000000e+02 1.501015319824218750e+02
9.484199999999999591e+02 2.480000000000000000e+02 1.501113739013671875e+02
9.487559999999999718e+02 3.380000000000000000e+02 1.501078338623046875e+02
9.490919999999999845e+02 2.260000000000000000e+02 1.501032409667968750e+02
9.494339999999999691e+02 1.350000000000000000e+02 1.501010742187500000e+02
9.497699999999999818e+02 3.650000000000000000e+02 1.501010589599609375e+02
9.501059999999999945e+02 3.090000000000000000e+02 1.501018371582031250e+02
9.504420000000000073e+02 2.100000000000000000e+02 1.501005859375000000e+02
9.507780000000000200e+02 3.430000000000000000e+02 1.501032409667968750e+02
9.511140000000000327e+02 2.580000000000000000e+02 1.501035919189453125e+02
9.514500000000000455e+02 3.500000000000000000e+02 1.501034698486328125e+02
9.517859999999999445e+02 1.540000000000000000e+02 1.501037292480468750e+02
9.521219999999999573e+02 2.360000000000000000e+02 1.501082153320312500e+02
9.524579999999999700e+02 1.980000000000000000e+02 1.501024322509765625e+02
9.527939999999999827e+02 4.240000000000000000e+02 1.501030883789062500e+02
9.531299999999999955e+02 2.510000000000000000e+02 1.501026306152343750e+02
9.534719999999999800e+02 1.490000000000000000e+02 1.501063537597656250e+02
9.538079999999999927e+02 2.670000000000000000e+02 1.500998992919921875e+02
9.541440000000000055e+02 3.160000000000000000e+02 1.501058502197265625e+02
9.544800000000000182e+02 2.210000000000000000e+02 1.501049194335937500e+02
9.548160000000000309e+02 2.860000000000000000e+02 1.501090087890625000e+02
9.551520000000000437e+02 2.510000000000000000e+02 1.501072845458984375e+02
9.554880000000000564e+02 4.120000000000000000e+02 1.501059112548828125e+02
9.558239999999999554e+02 2.280000000000000000e+02 1.501070098876953125e+02
9.561599999999999682e+02 2.210000000000000000e+02 1.501059112548828125e+02
9.564959999999999809e+02 4.640000000000000000e+02 1.501043243408203125e+02
9.568319999999999936e+02 2.580000000000000000e+02 1.501063842773437500e+02
9.571680000000000064e+02 2.670000000000000000e+02 1.501075134277343750e+02
9.575040000000000191e+02 2.480000000000000000e+02 1.501042022705078125e+02
9.578400000000000318e+02 2.480000000000000000e+02 1.501065063476562500e+02
9.581760000000000446e+02 1.740000000000000000e+02 1.501053466796875000e+02
9.585119999999999436e+02 2.610000000000000000e+02 1.501020812988281250e+02
9.588479999999999563e+02 2.420000000000000000e+02 1.501052093505859375e+02
9.591839999999999691e+02 2.820000000000000000e+02 1.501061401367187500e+02
9.595199999999999818e+02 4.040000000000000000e+02 1.501026000976562500e+02
9.598559999999999945e+02 1.980000000000000000e+02 1.501075897216796875e+02
9.601979999999999791e+02 2.880000000000000000e+02 1.501022949218750000e+02
9.605339999999999918e+02 3.430000000000000000e+02 1.501052398681640625e+02
9.608700000000000045e+02 2.820000000000000000e+02 1.501081542968750000e+02
9.612060000000000173e+02 3.510000000000000000e+02 1.501016082763671875e+02
9.615420000000000300e+02 2.460000000000000000e+02 1.501069030761718750e+02
9.618780000000000427e+02 2.370000000000000000e+02 1.501053924560546875e+02
9.622140000000000555e+02 4.050000000000000000e+02 1.501039886474609375e+02
9.625499999999999545e+02 3.500000000000000000e+02 1.501053924560546875e+02
9.628859999999999673e+02 3.870000000000000000e+02 1.501028900146484375e+02
9.632219999999999800e+02 1.500000000000000000e+02 1.501053009033203125e+02
9.635579999999999927e+02 1.400000000000000000e+02 1.501105651855468750e+02
9.638940000000000055e+02 2.020000000000000000e+02 1.501052093505859375e+02
9.642300000000000182e+02 2.950000000000000000e+02 1.501069335937500000e+02
9.645660000000000309e+02 3.000000000000000000e+02 1.501068420410156250e+02
9.649020000000000437e+02 4.950000000000000000e+02 1.501049041748046875e+02
9.652440000000000282e+02 1.520000000000000000e+02 1.501060638427734375e+02
9.655739999999999554e+02 2.990000000000000000e+02 1.501083831787109375e+02
9.659160000000000537e+02 3.470000000000000000e+02 1.501029052734375000e+02
9.662519999999999527e+02 2.980000000000000000e+02 1.501016235351562500e+02
9.665879999999999654e+02 3.030000000000000000e+02 1.501039733886718750e+02
9.669239999999999782e+02 3.560000000000000000e+02 1.501087799072265625e+02
9.672599999999999909e+02 2.500000000000000000e+02 1.501047363281250000e+02
9.675960000000000036e+02 2.490000000000000000e+02 1.501062774658203125e+02
9.679320000000000164e+02 3.570000000000000000e+02 1.501040802001953125e+02
9.682680000000000291e+02 3.330000000000000000e+02 1.501065979003906250e+02
9.686040000000000418e+02 3.000000000000000000e+02 1.501091003417968750e+02
9.689400000000000546e+02 1.850000000000000000e+02 1.501120758056640625e+02
9.692759999999999536e+02 3.460000000000000000e+02 1.501043548583984375e+02
9.696119999999999663e+02 2.770000000000000000e+02 1.501061706542968750e+02
9.699479999999999791e+02 2.340000000000000000e+02 1.501077575683593750e+02
9.702839999999999918e+02 3.940000000000000000e+02 1.501041564941406250e+02
9.706200000000000045e+02 3.880000000000000000e+02 1.501048431396484375e+02
9.709560000000000173e+02 3.320000000000000000e+02 1.501069335937500000e+02
