3.176800000000000068e+01 1.339000000000000000e+03 3.650794372558593750e+02
3.210499999999999687e+01 1.590000000000000000e+03 3.650872497558593750e+02
3.244100000000000250e+01 1.481000000000000000e+03 3.650749511718750000e+02
3.277700000000000102e+01 2.040000000000000000e+03 3.650831298828125000e+02
3.311500000000000199e+01 1.850000000000000000e+03 3.650784912109375000e+02
3.345199999999999818e+01 1.785000000000000000e+03 3.650816650390625000e+02
3.378799999999999670e+01 2.777000000000000000e+03 3.650879516601562500e+02
3.412400000000000233e+01 3.271000000000000000e+03 3.650941162109375000e+02
3.446000000000000085e+01 3.116000000000000000e+03 3.650948791503906250e+02
3.479699999999999704e+01 2.996000000000000000e+03 3.650872497558593750e+02
3.513300000000000267e+01 3.519000000000000000e+03 3.650918884277343750e+02
3.546900000000000119e+01 3.636000000000000000e+03 3.650926818847656250e+02
3.580599999999999739e+01 3.051000000000000000e+03 3.650899963378906250e+02
3.614200000000000301e+01 3.952000000000000000e+03 3.650927429199218750e+02
3.647800000000000153e+01 3.494000000000000000e+03 3.650909423828125000e+02
3.681499999999999773e+01 3.326000000000000000e+03 3.650954895019531250e+02
3.715100000000000335e+01 3.355000000000000000e+03 3.650948791503906250e+02
3.748700000000000188e+01 3.283000000000000000e+03 3.650959472656250000e+02
3.782399999999999807e+01 2.798000000000000000e+03 3.650902709960937500e+02
3.815999999999999659e+01 2.931000000000000000e+03 3.650913391113281250e+02
3.849699999999999989e+01 2.726000000000000000e+03 3.650946350097656250e+02
3.883299999999999841e+01 2.497000000000000000e+03 3.650950012207031250e+02
3.917000000000000171e+01 2.339000000000000000e+03 3.650949707031250000e+02
3.950600000000000023e+01 2.015000000000000000e+03 3.650948181152343750e+02
3.984199999999999875e+01 2.050000000000000000e+03 3.650952453613281250e+02
4.017900000000000205e+01 2.077000000000000000e+03 3.650886230468750000e+02
4.051500000000000057e+01 2.213000000000000000e+03 3.650898132324218750e+02
4.085099999999999909e+01 1.924000000000000000e+03 3.650846862792968750e+02
4.118800000000000239e+01 1.329000000000000000e+03 3.650906372070312500e+02
