2.766560000000000059e+02 9.900000000000000000e+01 1.370678100585937500e+02
2.769920000000000186e+02 1.590000000000000000e+02 1.370595245361328125e+02
2.773290000000000077e+02 2.130000000000000000e+02 1.370706024169921875e+02
2.776650000000000205e+02 3.450000000000000000e+02 1.370616607666015625e+02
2.780009999999999764e+02 2.870000000000000000e+02 1.370619506835937500e+02
2.783380000000000223e+02 4.060000000000000000e+02 1.370607452392578125e+02
2.786739999999999782e+02 3.860000000000000000e+02 1.370625762939453125e+02
2.790099999999999909e+02 2.610000000000000000e+02 1.370626068115234375e+02
2.793460000000000036e+02 4.350000000000000000e+02 1.370582275390625000e+02
2.796829999999999927e+02 4.520000000000000000e+02 1.370572052001953125e+02
2.800190000000000055e+02 2.350000000000000000e+02 1.370570373535156250e+02
2.803550000000000182e+02 2.110000000000000000e+02 1.370542907714843750e+02
2.806920000000000073e+02 2.260000000000000000e+02 1.370551605224609375e+02
2.810280000000000200e+02 2.540000000000000000e+02 1.370553436279296875e+02
2.813639999999999759e+02 2.170000000000000000e+02 1.370543365478515625e+02
2.817010000000000218e+02 2.260000000000000000e+02 1.370560760498046875e+02
2.820369999999999777e+02 2.150000000000000000e+02 1.370593566894531250e+02
2.823729999999999905e+02 2.970000000000000000e+02 1.370590209960937500e+02
2.827110000000000127e+02 1.010000000000000000e+02 1.370450592041015625e+02
2.830470000000000255e+02 8.700000000000000000e+01 1.370649719238281250e+02
2.833829999999999814e+02 1.810000000000000000e+02 1.370518493652343750e+02
2.837189999999999941e+02 1.310000000000000000e+02 1.370560150146484375e+02
2.840559999999999832e+02 1.490000000000000000e+02 1.370583343505859375e+02
