2.117340000000000089e+02 2.280000000000000000e+02 2.989851074218750000e+02
2.120709999999999980e+02 2.220000000000000000e+02 2.989945983886718750e+02
2.124070000000000107e+02 2.060000000000000000e+02 2.989812927246093750e+02
2.127429999999999950e+02 2.210000000000000000e+02 2.989824829101562500e+02
2.130790000000000077e+02 2.970000000000000000e+02 2.989903564453125000e+02
2.134159999999999968e+02 2.710000000000000000e+02 2.989887695312500000e+02
2.137520000000000095e+02 3.270000000000000000e+02 2.989833374023437500e+02
2.140879999999999939e+02 4.430000000000000000e+02 2.989869995117187500e+02
2.144250000000000114e+02 3.730000000000000000e+02 2.989844055175781250e+02
2.147630000000000052e+02 4.140000000000000000e+02 2.989877319335937500e+02
2.150989999999999895e+02 4.010000000000000000e+02 2.989880676269531250e+02
2.154350000000000023e+02 3.470000000000000000e+02 2.989847412109375000e+02
2.157709999999999866e+02 2.860000000000000000e+02 2.989841003417968750e+02
2.161080000000000041e+02 3.680000000000000000e+02 2.989840087890625000e+02
2.164439999999999884e+02 1.520000000000000000e+02 2.989973449707031250e+02
2.167800000000000011e+02 2.870000000000000000e+02 2.989848327636718750e+02
2.171169999999999902e+02 1.990000000000000000e+02 2.989889526367187500e+02
2.174530000000000030e+02 1.540000000000000000e+02 2.989906005859375000e+02
2.177889999999999873e+02 2.100000000000000000e+02 2.989931030273437500e+02
2.181260000000000048e+02 1.350000000000000000e+02 2.989946289062500000e+02
