4.414879999999999995e+02 3.940000000000000000e+02 5.171183471679687500e+02
4.418249999999999886e+02 3.000000000000000000e+02 5.171254272460937500e+02
4.421610000000000014e+02 2.470000000000000000e+02 5.171204223632812500e+02
4.424970000000000141e+02 1.960000000000000000e+02 5.171228027343750000e+02
4.428330000000000268e+02 3.350000000000000000e+02 5.171213378906250000e+02
4.431700000000000159e+02 4.430000000000000000e+02 5.171274414062500000e+02
4.435059999999999718e+02 1.870000000000000000e+02 5.171131591796875000e+02
4.438430000000000177e+02 2.320000000000000000e+02 5.171309204101562500e+02
4.441789999999999736e+02 2.490000000000000000e+02 5.171313476562500000e+02
4.445149999999999864e+02 1.500000000000000000e+02 5.171220703125000000e+02
4.448509999999999991e+02 2.030000000000000000e+02 5.171266479492187500e+02
4.451879999999999882e+02 1.600000000000000000e+02 5.171174316406250000e+02
