1.360480000000000018e+02 2.350000000000000000e+02 6.540316162109375000e+02
1.363839999999999861e+02 1.880000000000000000e+02 6.540287475585937500e+02
1.367199999999999989e+02 2.490000000000000000e+02 6.540355834960937500e+02
1.370560000000000116e+02 4.400000000000000000e+02 6.540194091796875000e+02
1.373930000000000007e+02 3.690000000000000000e+02 6.540186157226562500e+02
1.377290000000000134e+02 3.300000000000000000e+02 6.540209960937500000e+02
1.380649999999999977e+02 4.160000000000000000e+02 6.540216064453125000e+02
1.384019999999999868e+02 3.580000000000000000e+02 6.540323486328125000e+02
1.387379999999999995e+02 3.780000000000000000e+02 6.540350341796875000e+02
1.390740000000000123e+02 4.190000000000000000e+02 6.540266723632812500e+02
1.394110000000000014e+02 4.140000000000000000e+02 6.540140991210937500e+02
1.397470000000000141e+02 2.710000000000000000e+02 6.540219726562500000e+02
1.400829999999999984e+02 3.940000000000000000e+02 6.540179443359375000e+02
1.404199999999999875e+02 3.400000000000000000e+02 6.540359497070312500e+02
1.407560000000000002e+02 4.350000000000000000e+02 6.540274047851562500e+02
1.410920000000000130e+02 3.560000000000000000e+02 6.540337524414062500e+02
1.414279999999999973e+02 4.400000000000000000e+02 6.540263061523437500e+02
1.417649999999999864e+02 3.270000000000000000e+02 6.540196533203125000e+02
1.421009999999999991e+02 3.290000000000000000e+02 6.540307006835937500e+02
1.424370000000000118e+02 2.720000000000000000e+02 6.540325317382812500e+02
1.427740000000000009e+02 2.260000000000000000e+02 6.540234985351562500e+02
1.431100000000000136e+02 2.080000000000000000e+02 6.540252075195312500e+02
1.434459999999999980e+02 3.470000000000000000e+02 6.540149536132812500e+02
1.437829999999999870e+02 2.320000000000000000e+02 6.540352172851562500e+02
1.441210000000000093e+02 2.770000000000000000e+02 6.540166625976562500e+02
1.444569999999999936e+02 3.170000000000000000e+02 6.540221557617187500e+02
