5.060760000000000218e+02 1.290000000000000000e+02 3.311734313964843750e+02
5.064119999999999777e+02 9.700000000000000000e+01 3.311808166503906250e+02
5.067490000000000236e+02 1.240000000000000000e+02 3.311808166503906250e+02
5.070849999999999795e+02 1.580000000000000000e+02 3.311800537109375000e+02
5.074230000000000018e+02 1.660000000000000000e+02 3.311865844726562500e+02
5.077590000000000146e+02 2.170000000000000000e+02 3.311799011230468750e+02
5.080950000000000273e+02 1.740000000000000000e+02 3.311833801269531250e+02
5.084320000000000164e+02 1.280000000000000000e+02 3.311812744140625000e+02
5.087679999999999723e+02 2.080000000000000000e+02 3.311903381347656250e+02
5.091039999999999850e+02 2.060000000000000000e+02 3.311874084472656250e+02
5.094409999999999741e+02 1.800000000000000000e+02 3.311843261718750000e+02
5.097769999999999868e+02 1.610000000000000000e+02 3.311759033203125000e+02
5.101139999999999759e+02 1.910000000000000000e+02 3.311724853515625000e+02
5.104499999999999886e+02 4.100000000000000000e+02 3.311799926757812500e+02
5.107860000000000014e+02 2.450000000000000000e+02 3.311755981445312500e+02
5.111229999999999905e+02 4.230000000000000000e+02 3.311807250976562500e+02
5.114590000000000032e+02 2.040000000000000000e+02 3.311823730468750000e+02
5.117950000000000159e+02 2.100000000000000000e+02 3.311793518066406250e+02
5.121319999999999482e+02 1.630000000000000000e+02 3.311739501953125000e+02
5.124679999999999609e+02 2.390000000000000000e+02 3.311766052246093750e+02
5.128039999999999736e+02 1.640000000000000000e+02 3.311673278808593750e+02
5.131409999999999627e+02 1.980000000000000000e+02 3.311667785644531250e+02
5.134769999999999754e+02 2.070000000000000000e+02 3.311838073730468750e+02
5.138129999999999882e+02 2.390000000000000000e+02 3.311777648925781250e+02
5.141499999999999773e+02 1.140000000000000000e+02 3.311724243164062500e+02
5.144859999999999900e+02 1.330000000000000000e+02 3.311863403320312500e+02
5.148220000000000027e+02 1.080000000000000000e+02 3.311641540527343750e+02
5.151580000000000155e+02 1.380000000000000000e+02 3.311680603027343750e+02
5.154950000000000045e+02 2.210000000000000000e+02 3.311791076660156250e+02
