9.776879999999999882e+02 1.420000000000000000e+02 1.371027984619140625e+02
9.780240000000000009e+02 1.760000000000000000e+02 1.371062469482421875e+02
9.783600000000000136e+02 2.160000000000000000e+02 1.371070098876953125e+02
9.786960000000000264e+02 2.160000000000000000e+02 1.371054687500000000e+02
9.790320000000000391e+02 1.780000000000000000e+02 1.371071472167968750e+02
9.793680000000000518e+02 1.460000000000000000e+02 1.371081848144531250e+02
9.797039999999999509e+02 2.310000000000000000e+02 1.371079711914062500e+02
9.800399999999999636e+02 1.850000000000000000e+02 1.371129150390625000e+02
9.803759999999999764e+02 3.230000000000000000e+02 1.371046752929687500e+02
9.807179999999999609e+02 2.340000000000000000e+02 1.371063232421875000e+02
9.810539999999999736e+02 7.100000000000000000e+01 1.371141510009765625e+02
9.813899999999999864e+02 1.970000000000000000e+02 1.371045684814453125e+02
9.817259999999999991e+02 1.600000000000000000e+02 1.371056060791015625e+02
9.820620000000000118e+02 8.300000000000000000e+01 1.371136169433593750e+02
9.823980000000000246e+02 2.200000000000000000e+02 1.371041412353515625e+02
9.827340000000000373e+02 2.620000000000000000e+02 1.371087493896484375e+02
9.830700000000000500e+02 3.520000000000000000e+02 1.371046600341796875e+02
9.834059999999999491e+02 2.650000000000000000e+02 1.371048583984375000e+02
9.837419999999999618e+02 1.930000000000000000e+02 1.371074676513671875e+02
9.840779999999999745e+02 1.690000000000000000e+02 1.371057434082031250e+02
9.844139999999999873e+02 2.680000000000000000e+02 1.371091156005859375e+02
9.847559999999999718e+02 1.780000000000000000e+02 1.371054992675781250e+02
9.850919999999999845e+02 2.420000000000000000e+02 1.371061401367187500e+02
9.854279999999999973e+02 2.200000000000000000e+02 1.371056060791015625e+02
9.857640000000000100e+02 2.220000000000000000e+02 1.371061401367187500e+02
9.861000000000000227e+02 1.900000000000000000e+02 1.371051483154296875e+02
9.864360000000000355e+02 1.470000000000000000e+02 1.371053466796875000e+02
9.867720000000000482e+02 1.690000000000000000e+02 1.371096343994140625e+02
9.871079999999999472e+02 1.940000000000000000e+02 1.371057128906250000e+02
9.874439999999999600e+02 1.720000000000000000e+02 1.371074829101562500e+02
9.877799999999999727e+02 1.550000000000000000e+02 1.371083679199218750e+02
9.881159999999999854e+02 1.510000000000000000e+02 1.371014556884765625e+02
9.884519999999999982e+02 2.080000000000000000e+02 1.371105957031250000e+02
9.887880000000000109e+02 1.980000000000000000e+02 1.371051177978515625e+02
9.891240000000000236e+02 1.680000000000000000e+02 1.371009368896484375e+02
9.894600000000000364e+02 2.390000000000000000e+02 1.371048126220703125e+02
9.897960000000000491e+02 2.950000000000000000e+02 1.371045837402343750e+02
9.901319999999999482e+02 2.510000000000000000e+02 1.371032104492187500e+02
9.904679999999999609e+02 1.290000000000000000e+02 1.371008148193359375e+02
9.908039999999999736e+02 1.650000000000000000e+02 1.371058044433593750e+02
9.911459999999999582e+02 2.080000000000000000e+02 1.371056365966796875e+02
9.914819999999999709e+02 2.970000000000000000e+02 1.371076812744140625e+02
9.918179999999999836e+02 1.770000000000000000e+02 1.371065521240234375e+02
9.921539999999999964e+02 1.130000000000000000e+02 1.371037292480468750e+02
9.924900000000000091e+02 4.040000000000000000e+02 1.371058349609375000e+02
9.928260000000000218e+02 1.600000000000000000e+02 1.371070251464843750e+02
9.931620000000000346e+02 2.710000000000000000e+02 1.371099700927734375e+02
9.934980000000000473e+02 1.770000000000000000e+02 1.371025695800781250e+02
9.938339999999999463e+02 1.250000000000000000e+02 1.371024322509765625e+02
9.941699999999999591e+02 2.430000000000000000e+02 1.371074371337890625e+02
9.945059999999999718e+02 2.410000000000000000e+02 1.371089630126953125e+02
9.948419999999999845e+02 2.040000000000000000e+02 1.371044769287109375e+02
9.951779999999999973e+02 2.790000000000000000e+02 1.371097564697265625e+02
9.955140000000000100e+02 2.470000000000000000e+02 1.371069183349609375e+02
9.958559999999999945e+02 1.810000000000000000e+02 1.371077270507812500e+02
9.961860000000000355e+02 1.770000000000000000e+02 1.371065826416015625e+02
9.965280000000000200e+02 2.070000000000000000e+02 1.371041259765625000e+02
9.968640000000000327e+02 2.130000000000000000e+02 1.371018676757812500e+02
9.972000000000000455e+02 2.600000000000000000e+02 1.371037902832031250e+02
9.975359999999999445e+02 2.290000000000000000e+02 1.371062469482421875e+02
9.978719999999999573e+02 3.210000000000000000e+02 1.371059112548828125e+02
9.982079999999999700e+02 3.520000000000000000e+02 1.371075439453125000e+02
9.985439999999999827e+02 3.350000000000000000e+02 1.371058654785156250e+02
9.988799999999999955e+02 2.500000000000000000e+02 1.371022338867187500e+02
9.992160000000000082e+02 2.400000000000000000e+02 1.371051025390625000e+02
9.995520000000000209e+02 1.630000000000000000e+02 1.371021118164062500e+02
9.998880000000000337e+02 2.810000000000000000e+02 1.371002349853515625e+02
