2.315800000000000125e+02 6.000000000000000000e+01 7.601773071289062500e+02
2.319159999999999968e+02 1.820000000000000000e+02 7.601694335937500000e+02
2.322529999999999859e+02 7.040000000000000000e+02 7.601787109375000000e+02
2.325889999999999986e+02 1.736000000000000000e+03 7.601835937500000000e+02
2.329250000000000114e+02 2.411000000000000000e+03 7.601824340820312500e+02
2.332620000000000005e+02 3.320000000000000000e+03 7.601790161132812500e+02
2.335980000000000132e+02 3.520000000000000000e+03 7.601819458007812500e+02
2.339339999999999975e+02 3.166000000000000000e+03 7.601816406250000000e+02
2.342709999999999866e+02 3.041000000000000000e+03 7.601813964843750000e+02
2.346069999999999993e+02 2.020000000000000000e+03 7.601830444335937500e+02
2.349449999999999932e+02 1.480000000000000000e+03 7.601779174804687500e+02
2.352810000000000059e+02 9.810000000000000000e+02 7.601864013671875000e+02
2.356169999999999902e+02 7.160000000000000000e+02 7.601922607421875000e+02
2.359540000000000077e+02 3.470000000000000000e+02 7.601810913085937500e+02
2.362899999999999920e+02 2.350000000000000000e+02 7.601937255859375000e+02
2.366260000000000048e+02 1.510000000000000000e+02 7.601870117187500000e+02
2.369629999999999939e+02 9.500000000000000000e+01 7.601719970703125000e+02
2.372990000000000066e+02 1.200000000000000000e+02 7.601830444335937500e+02
