3.819449999999999932e+02 5.350000000000000000e+02 3.130888671875000000e+02
3.822810000000000059e+02 1.063000000000000000e+03 3.130847778320312500e+02
3.826179999999999950e+02 1.480000000000000000e+03 3.130909729003906250e+02
3.829540000000000077e+02 1.816000000000000000e+03 3.130908813476562500e+02
3.832900000000000205e+02 2.540000000000000000e+03 3.130892944335937500e+02
3.836270000000000095e+02 2.451000000000000000e+03 3.130915527343750000e+02
3.839630000000000223e+02 3.020000000000000000e+03 3.130891418457031250e+02
3.843000000000000114e+02 2.399000000000000000e+03 3.130912780761718750e+02
3.846360000000000241e+02 2.340000000000000000e+03 3.130925598144531250e+02
3.849719999999999800e+02 1.661000000000000000e+03 3.130916748046875000e+02
3.853090000000000259e+02 1.528000000000000000e+03 3.130908508300781250e+02
3.856449999999999818e+02 1.076000000000000000e+03 3.130922241210937500e+02
3.859809999999999945e+02 9.740000000000000000e+02 3.130955505371093750e+02
3.863190000000000168e+02 6.050000000000000000e+02 3.131008605957031250e+02
3.866549999999999727e+02 3.530000000000000000e+02 3.130906677246093750e+02
3.869920000000000186e+02 4.350000000000000000e+02 3.130974121093750000e+02
3.873279999999999745e+02 4.110000000000000000e+02 3.130943908691406250e+02
