3.950600000000000023e+01 7.000000000000000000e+02 4.991067504882812500e+02
3.984199999999999875e+01 7.160000000000000000e+02 4.991016540527343750e+02
4.017900000000000205e+01 7.750000000000000000e+02 4.991033020019531250e+02
4.051500000000000057e+01 8.080000000000000000e+02 4.990949401855468750e+02
4.085099999999999909e+01 8.410000000000000000e+02 4.990994567871093750e+02
4.118800000000000239e+01 6.030000000000000000e+02 4.991000671386718750e+02
4.152400000000000091e+01 6.710000000000000000e+02 4.991035766601562500e+02
4.185999999999999943e+01 5.100000000000000000e+02 4.991015930175781250e+02
4.219599999999999795e+01 6.570000000000000000e+02 4.990923156738281250e+02
4.253300000000000125e+01 6.060000000000000000e+02 4.990832824707031250e+02
4.286899999999999977e+01 1.063000000000000000e+03 4.990889587402343750e+02
4.320700000000000074e+01 1.686000000000000000e+03 4.990953063964843750e+02
4.354299999999999926e+01 2.629000000000000000e+03 4.990877990722656250e+02
4.388000000000000256e+01 2.349000000000000000e+03 4.990910644531250000e+02
4.421600000000000108e+01 2.111000000000000000e+03 4.990877380371093750e+02
4.455199999999999960e+01 1.907000000000000000e+03 4.990922851562500000e+02
4.488799999999999812e+01 1.333000000000000000e+03 4.990936279296875000e+02
4.522500000000000142e+01 6.530000000000000000e+02 4.990910644531250000e+02
4.556099999999999994e+01 5.040000000000000000e+02 4.990804748535156250e+02
