1.616109999999999900e+02 8.300000000000000000e+01 4.930292968750000000e+02
1.619470000000000027e+02 2.110000000000000000e+02 4.930356750488281250e+02
1.622829999999999870e+02 4.810000000000000000e+02 4.930386047363281250e+02
1.626200000000000045e+02 8.980000000000000000e+02 4.930245666503906250e+02
1.629559999999999889e+02 9.580000000000000000e+02 4.930296325683593750e+02
1.632920000000000016e+02 1.586000000000000000e+03 4.930295104980468750e+02
1.636289999999999907e+02 1.764000000000000000e+03 4.930269775390625000e+02
1.639650000000000034e+02 2.202000000000000000e+03 4.930261535644531250e+02
1.643029999999999973e+02 2.451000000000000000e+03 4.930262145996093750e+02
1.646399999999999864e+02 2.091000000000000000e+03 4.930259704589843750e+02
1.649759999999999991e+02 2.248000000000000000e+03 4.930275268554687500e+02
1.653120000000000118e+02 2.345000000000000000e+03 4.930272521972656250e+02
1.656490000000000009e+02 2.091000000000000000e+03 4.930275878906250000e+02
1.659850000000000136e+02 2.129000000000000000e+03 4.930285034179687500e+02
1.663209999999999980e+02 2.525000000000000000e+03 4.930276184082031250e+02
1.666570000000000107e+02 2.031000000000000000e+03 4.930304260253906250e+02
1.669939999999999998e+02 2.417000000000000000e+03 4.930298156738281250e+02
1.673300000000000125e+02 2.085000000000000000e+03 4.930278930664062500e+02
1.676659999999999968e+02 2.241000000000000000e+03 4.930270080566406250e+02
1.680029999999999859e+02 2.093000000000000000e+03 4.930256347656250000e+02
1.683389999999999986e+02 1.784000000000000000e+03 4.930240478515625000e+02
1.686750000000000114e+02 1.602000000000000000e+03 4.930284423828125000e+02
1.690120000000000005e+02 1.608000000000000000e+03 4.930275573730468750e+02
1.693480000000000132e+02 1.583000000000000000e+03 4.930278320312500000e+02
1.696839999999999975e+02 1.330000000000000000e+03 4.930298767089843750e+02
1.700200000000000102e+02 1.126000000000000000e+03 4.930301513671875000e+02
1.703569999999999993e+02 9.370000000000000000e+02 4.930282897949218750e+02
1.706930000000000121e+02 8.020000000000000000e+02 4.930296020507812500e+02
1.710289999999999964e+02 1.039000000000000000e+03 4.930260314941406250e+02
1.713660000000000139e+02 8.730000000000000000e+02 4.930289306640625000e+02
1.717019999999999982e+02 4.980000000000000000e+02 4.930235290527343750e+02
1.720380000000000109e+02 6.250000000000000000e+02 4.930209045410156250e+02
1.723750000000000000e+02 4.630000000000000000e+02 4.930281677246093750e+02
1.727119999999999891e+02 2.700000000000000000e+02 4.930295410156250000e+02
1.730480000000000018e+02 4.280000000000000000e+02 4.930257568359375000e+02
1.733839999999999861e+02 2.350000000000000000e+02 4.930320739746093750e+02
1.737199999999999989e+02 3.010000000000000000e+02 4.930256958007812500e+02
1.740569999999999879e+02 2.290000000000000000e+02 4.930301513671875000e+02
1.743950000000000102e+02 1.870000000000000000e+02 4.930468750000000000e+02
1.747309999999999945e+02 1.580000000000000000e+02 4.930436706542968750e+02
1.750670000000000073e+02 2.230000000000000000e+02 4.930250244140625000e+02
1.754039999999999964e+02 1.110000000000000000e+02 4.930324096679687500e+02
1.757400000000000091e+02 2.830000000000000000e+02 4.930149536132812500e+02
1.760780000000000030e+02 2.000000000000000000e+02 4.930257568359375000e+02
1.764139999999999873e+02 3.030000000000000000e+02 4.930229492187500000e+02
1.767510000000000048e+02 1.580000000000000000e+02 4.930333557128906250e+02
1.770879999999999939e+02 1.720000000000000000e+02 4.930316467285156250e+02
