7.469279999999999973e+02 1.010000000000000000e+02 2.611282348632812500e+02
7.472640000000000100e+02 6.200000000000000000e+01 2.611466064453125000e+02
7.476000000000000227e+02 9.500000000000000000e+01 2.611324768066406250e+02
7.479360000000000355e+02 1.370000000000000000e+02 2.611329040527343750e+02
7.482720000000000482e+02 2.690000000000000000e+02 2.611414489746093750e+02
7.486079999999999472e+02 5.030000000000000000e+02 2.611399536132812500e+02
7.489500000000000455e+02 6.290000000000000000e+02 2.611437072753906250e+02
7.492799999999999727e+02 1.039000000000000000e+03 2.611419067382812500e+02
7.496219999999999573e+02 1.320000000000000000e+03 2.611438598632812500e+02
7.499579999999999700e+02 1.715000000000000000e+03 2.611436767578125000e+02
7.502939999999999827e+02 2.074000000000000000e+03 2.611420288085937500e+02
7.506299999999999955e+02 2.491000000000000000e+03 2.611441040039062500e+02
7.509660000000000082e+02 2.376000000000000000e+03 2.611439208984375000e+02
7.513020000000000209e+02 2.140000000000000000e+03 2.611433105468750000e+02
7.516380000000000337e+02 2.339000000000000000e+03 2.611417541503906250e+02
7.519740000000000464e+02 1.893000000000000000e+03 2.611427001953125000e+02
7.523099999999999454e+02 1.923000000000000000e+03 2.611430053710937500e+02
7.526459999999999582e+02 1.516000000000000000e+03 2.611422119140625000e+02
7.529819999999999709e+02 1.161000000000000000e+03 2.611454162597656250e+02
7.533179999999999836e+02 1.013000000000000000e+03 2.611438293457031250e+02
7.536599999999999682e+02 9.300000000000000000e+02 2.611436157226562500e+02
7.539959999999999809e+02 5.140000000000000000e+02 2.611447143554687500e+02
7.543319999999999936e+02 4.590000000000000000e+02 2.611414794921875000e+02
7.546680000000000064e+02 3.340000000000000000e+02 2.611401367187500000e+02
7.550040000000000191e+02 3.830000000000000000e+02 2.611381530761718750e+02
7.553400000000000318e+02 3.900000000000000000e+02 2.611423950195312500e+02
7.556760000000000446e+02 2.550000000000000000e+02 2.611411437988281250e+02
7.560119999999999436e+02 2.760000000000000000e+02 2.611360168457031250e+02
7.563479999999999563e+02 2.210000000000000000e+02 2.611427917480468750e+02
7.566839999999999691e+02 2.050000000000000000e+02 2.611367797851562500e+02
7.570199999999999818e+02 2.260000000000000000e+02 2.611405334472656250e+02
7.573559999999999945e+02 1.360000000000000000e+02 2.611351318359375000e+02
7.576920000000000073e+02 1.590000000000000000e+02 2.611373596191406250e+02
7.580280000000000200e+02 1.240000000000000000e+02 2.611508178710937500e+02
7.583640000000000327e+02 1.470000000000000000e+02 2.611510009765625000e+02
