2.840559999999999832e+02 4.900000000000000000e+01 2.290280151367187500e+02
2.843919999999999959e+02 8.700000000000000000e+01 2.290473937988281250e+02
2.847280000000000086e+02 1.460000000000000000e+02 2.290403594970703125e+02
2.850649999999999977e+02 3.160000000000000000e+02 2.290503540039062500e+02
2.854030000000000200e+02 1.532000000000000000e+03 2.290448608398437500e+02
2.857389999999999759e+02 4.153000000000000000e+03 2.290442504882812500e+02
2.860749999999999886e+02 8.483000000000000000e+03 2.290452880859375000e+02
2.864110000000000014e+02 1.330400000000000000e+04 2.290438842773437500e+02
2.867479999999999905e+02 1.438500000000000000e+04 2.290437164306640625e+02
2.870840000000000032e+02 1.278800000000000000e+04 2.290449676513671875e+02
2.874209999999999923e+02 1.299800000000000000e+04 2.290445251464843750e+02
2.877570000000000050e+02 1.178600000000000000e+04 2.290448913574218750e+02
2.880930000000000177e+02 1.143500000000000000e+04 2.290441131591796875e+02
2.884300000000000068e+02 1.252200000000000000e+04 2.290444946289062500e+02
2.887660000000000196e+02 1.240300000000000000e+04 2.290450592041015625e+02
2.891019999999999754e+02 1.213600000000000000e+04 2.290450592041015625e+02
2.894390000000000214e+02 1.372900000000000000e+04 2.290450744628906250e+02
2.897760000000000105e+02 1.451700000000000000e+04 2.290445251464843750e+02
2.901120000000000232e+02 1.492100000000000000e+04 2.290447692871093750e+02
2.904479999999999791e+02 1.519500000000000000e+04 2.290448150634765625e+02
2.907850000000000250e+02 1.658100000000000000e+04 2.290454101562500000e+02
2.911209999999999809e+02 1.624400000000000000e+04 2.290442352294921875e+02
2.914569999999999936e+02 1.594800000000000000e+04 2.290442352294921875e+02
2.917939999999999827e+02 1.652800000000000000e+04 2.290442657470703125e+02
2.921309999999999718e+02 1.690800000000000000e+04 2.290453796386718750e+02
2.924669999999999845e+02 1.673500000000000000e+04 2.290446319580078125e+02
2.928039999999999736e+02 1.416300000000000000e+04 2.290446472167968750e+02
2.931399999999999864e+02 1.462000000000000000e+04 2.290451202392578125e+02
2.934759999999999991e+02 1.257200000000000000e+04 2.290444030761718750e+02
2.938129999999999882e+02 1.126400000000000000e+04 2.290446014404296875e+02
2.941490000000000009e+02 9.895000000000000000e+03 2.290447998046875000e+02
2.944850000000000136e+02 8.847000000000000000e+03 2.290438842773437500e+02
2.948210000000000264e+02 6.622000000000000000e+03 2.290457611083984375e+02
2.951580000000000155e+02 4.716000000000000000e+03 2.290449676513671875e+02
2.954959999999999809e+02 4.014000000000000000e+03 2.290442352294921875e+02
2.958319999999999936e+02 2.994000000000000000e+03 2.290442504882812500e+02
2.961689999999999827e+02 2.524000000000000000e+03 2.290439910888671875e+02
2.965049999999999955e+02 2.173000000000000000e+03 2.290469665527343750e+02
2.968410000000000082e+02 1.721000000000000000e+03 2.290431976318359375e+02
2.971779999999999973e+02 1.533000000000000000e+03 2.290433654785156250e+02
2.975140000000000100e+02 1.835000000000000000e+03 2.290428466796875000e+02
2.978500000000000227e+02 1.153000000000000000e+03 2.290447082519531250e+02
2.981870000000000118e+02 1.112000000000000000e+03 2.290474243164062500e+02
2.985230000000000246e+02 1.033000000000000000e+03 2.290465240478515625e+02
2.988589999999999804e+02 1.022000000000000000e+03 2.290493621826171875e+02
2.991949999999999932e+02 1.063000000000000000e+03 2.290493621826171875e+02
2.995319999999999823e+02 9.400000000000000000e+02 2.290506896972656250e+02
2.998679999999999950e+02 8.700000000000000000e+02 2.290508117675781250e+02
3.002040000000000077e+02 9.210000000000000000e+02 2.290472412109375000e+02
3.005409999999999968e+02 7.830000000000000000e+02 2.290499267578125000e+02
3.008770000000000095e+02 7.450000000000000000e+02 2.290468292236328125e+02
3.012130000000000223e+02 5.410000000000000000e+02 2.290470275878906250e+02
3.015500000000000114e+02 8.700000000000000000e+02 2.290456085205078125e+02
3.018860000000000241e+02 6.640000000000000000e+02 2.290453643798828125e+02
3.022219999999999800e+02 7.520000000000000000e+02 2.290481262207031250e+02
3.025579999999999927e+02 5.130000000000000000e+02 2.290524291992187500e+02
3.028949999999999818e+02 5.080000000000000000e+02 2.290426788330078125e+02
3.032309999999999945e+02 7.150000000000000000e+02 2.290460205078125000e+02
3.035670000000000073e+02 6.930000000000000000e+02 2.290451202392578125e+02
3.039039999999999964e+02 4.090000000000000000e+02 2.290487518310546875e+02
3.042400000000000091e+02 6.770000000000000000e+02 2.290459442138671875e+02
3.045760000000000218e+02 4.520000000000000000e+02 2.290447235107421875e+02
3.049130000000000109e+02 5.030000000000000000e+02 2.290480346679687500e+02
3.052490000000000236e+02 5.090000000000000000e+02 2.290425872802734375e+02
3.055880000000000223e+02 4.420000000000000000e+02 2.290464019775390625e+02
3.059239999999999782e+02 3.240000000000000000e+02 2.290538787841796875e+02
3.062610000000000241e+02 4.520000000000000000e+02 2.290484161376953125e+02
3.065969999999999800e+02 3.340000000000000000e+02 2.290420227050781250e+02
