1.609379999999999882e+02 1.250000000000000000e+02 3.290990600585937500e+02
1.612740000000000009e+02 1.710000000000000000e+02 3.291192932128906250e+02
1.616109999999999900e+02 1.120000000000000000e+02 3.291043090820312500e+02
1.619470000000000027e+02 1.090000000000000000e+02 3.291156311035156250e+02
1.622829999999999870e+02 2.040000000000000000e+02 3.291178283691406250e+02
1.626200000000000045e+02 3.430000000000000000e+02 3.291161193847656250e+02
1.629559999999999889e+02 3.070000000000000000e+02 3.291259460449218750e+02
1.632920000000000016e+02 3.190000000000000000e+02 3.291301879882812500e+02
1.636289999999999907e+02 4.460000000000000000e+02 3.291188659667968750e+02
1.639650000000000034e+02 5.300000000000000000e+02 3.291172485351562500e+02
1.643029999999999973e+02 4.390000000000000000e+02 3.291256713867187500e+02
1.646399999999999864e+02 5.630000000000000000e+02 3.291199340820312500e+02
1.649759999999999991e+02 5.710000000000000000e+02 3.291113891601562500e+02
1.653120000000000118e+02 6.240000000000000000e+02 3.291189575195312500e+02
1.656490000000000009e+02 6.380000000000000000e+02 3.291188964843750000e+02
1.659850000000000136e+02 6.160000000000000000e+02 3.291184692382812500e+02
1.663209999999999980e+02 4.770000000000000000e+02 3.291151123046875000e+02
1.666570000000000107e+02 2.780000000000000000e+02 3.291197204589843750e+02
1.669939999999999998e+02 4.010000000000000000e+02 3.291159057617187500e+02
1.673300000000000125e+02 4.780000000000000000e+02 3.291177978515625000e+02
1.676659999999999968e+02 5.050000000000000000e+02 3.291188659667968750e+02
1.680029999999999859e+02 2.270000000000000000e+02 3.291228637695312500e+02
1.683389999999999986e+02 3.390000000000000000e+02 3.291186523437500000e+02
1.686750000000000114e+02 3.270000000000000000e+02 3.291156921386718750e+02
1.690120000000000005e+02 2.600000000000000000e+02 3.291271972656250000e+02
1.693480000000000132e+02 3.930000000000000000e+02 3.291124267578125000e+02
1.696839999999999975e+02 4.030000000000000000e+02 3.291169433593750000e+02
1.700200000000000102e+02 3.260000000000000000e+02 3.291188659667968750e+02
1.703569999999999993e+02 5.130000000000000000e+02 3.291206970214843750e+02
1.706930000000000121e+02 9.390000000000000000e+02 3.291149902343750000e+02
1.710289999999999964e+02 1.260000000000000000e+03 3.291163024902343750e+02
1.713660000000000139e+02 1.216000000000000000e+03 3.291159667968750000e+02
1.717019999999999982e+02 1.356000000000000000e+03 3.291189575195312500e+02
1.720380000000000109e+02 1.390000000000000000e+03 3.291173706054687500e+02
1.723750000000000000e+02 1.595000000000000000e+03 3.291203918457031250e+02
1.727119999999999891e+02 1.542000000000000000e+03 3.291182861328125000e+02
1.730480000000000018e+02 1.870000000000000000e+03 3.291202392578125000e+02
1.733839999999999861e+02 1.925000000000000000e+03 3.291199035644531250e+02
1.737199999999999989e+02 1.981000000000000000e+03 3.291197204589843750e+02
1.740569999999999879e+02 2.033000000000000000e+03 3.291187744140625000e+02
1.743950000000000102e+02 2.157000000000000000e+03 3.291185302734375000e+02
1.747309999999999945e+02 2.198000000000000000e+03 3.291187133789062500e+02
1.750670000000000073e+02 2.178000000000000000e+03 3.291183471679687500e+02
1.754039999999999964e+02 2.169000000000000000e+03 3.291184082031250000e+02
1.757400000000000091e+02 2.025000000000000000e+03 3.291194152832031250e+02
1.760780000000000030e+02 1.938000000000000000e+03 3.291164550781250000e+02
1.764139999999999873e+02 2.060000000000000000e+03 3.291174926757812500e+02
1.767510000000000048e+02 1.598000000000000000e+03 3.291188354492187500e+02
1.770879999999999939e+02 1.465000000000000000e+03 3.291202697753906250e+02
1.774240000000000066e+02 1.229000000000000000e+03 3.291180419921875000e+02
1.777599999999999909e+02 1.421000000000000000e+03 3.291165466308593750e+02
1.780970000000000084e+02 6.810000000000000000e+02 3.291194458007812500e+02
1.784329999999999927e+02 7.830000000000000000e+02 3.291165771484375000e+02
1.787690000000000055e+02 4.150000000000000000e+02 3.291163940429687500e+02
1.791049999999999898e+02 5.250000000000000000e+02 3.291222229003906250e+02
1.794420000000000073e+02 2.920000000000000000e+02 3.291089477539062500e+02
1.797789999999999964e+02 2.590000000000000000e+02 3.291173400878906250e+02
1.801150000000000091e+02 3.460000000000000000e+02 3.291241760253906250e+02
1.804509999999999934e+02 1.490000000000000000e+02 3.291048278808593750e+02
1.807870000000000061e+02 8.300000000000000000e+01 3.291316223144531250e+02
1.811239999999999952e+02 2.290000000000000000e+02 3.291299133300781250e+02
1.814600000000000080e+02 1.070000000000000000e+02 3.291204223632812500e+02
1.817959999999999923e+02 2.180000000000000000e+02 3.291280822753906250e+02
1.821330000000000098e+02 1.950000000000000000e+02 3.291085815429687500e+02
1.824689999999999941e+02 2.470000000000000000e+02 3.291214599609375000e+02
1.828050000000000068e+02 1.510000000000000000e+02 3.291343383789062500e+02
1.831419999999999959e+02 9.200000000000000000e+01 3.291179504394531250e+02
1.834780000000000086e+02 1.250000000000000000e+02 3.291173400878906250e+02
1.838139999999999930e+02 1.970000000000000000e+02 3.291152343750000000e+02
1.841510000000000105e+02 1.850000000000000000e+02 3.291340332031250000e+02
1.844890000000000043e+02 1.290000000000000000e+02 3.291243286132812500e+02
1.848249999999999886e+02 1.280000000000000000e+02 3.291321105957031250e+02
1.851610000000000014e+02 2.150000000000000000e+02 3.291199035644531250e+02
1.854979999999999905e+02 1.860000000000000000e+02 3.291157531738281250e+02
