9.689400000000000546e+02 1.300000000000000000e+02 4.743002624511718750e+02
9.692759999999999536e+02 1.160000000000000000e+02 4.743043212890625000e+02
9.696119999999999663e+02 8.000000000000000000e+01 4.743092041015625000e+02
9.699479999999999791e+02 1.240000000000000000e+02 4.743024902343750000e+02
9.702839999999999918e+02 1.700000000000000000e+02 4.743055725097656250e+02
9.706200000000000045e+02 1.910000000000000000e+02 4.743098449707031250e+02
9.709560000000000173e+02 2.620000000000000000e+02 4.743106689453125000e+02
9.712980000000000018e+02 1.710000000000000000e+02 4.743033447265625000e+02
9.716340000000000146e+02 2.310000000000000000e+02 4.743170776367187500e+02
9.719700000000000273e+02 2.730000000000000000e+02 4.743205566406250000e+02
9.723060000000000400e+02 3.340000000000000000e+02 4.743091430664062500e+02
9.726420000000000528e+02 3.300000000000000000e+02 4.743076171875000000e+02
9.729779999999999518e+02 5.120000000000000000e+02 4.743039550781250000e+02
9.733139999999999645e+02 4.700000000000000000e+02 4.742977905273437500e+02
9.736499999999999773e+02 6.620000000000000000e+02 4.743083190917968750e+02
9.739859999999999900e+02 7.990000000000000000e+02 4.743108825683593750e+02
9.743220000000000027e+02 1.211000000000000000e+03 4.743078002929687500e+02
9.746580000000000155e+02 1.316000000000000000e+03 4.743042297363281250e+02
9.749940000000000282e+02 1.233000000000000000e+03 4.743119506835937500e+02
9.753300000000000409e+02 1.525000000000000000e+03 4.743082885742187500e+02
9.756660000000000537e+02 1.732000000000000000e+03 4.743066101074218750e+02
9.760019999999999527e+02 1.777000000000000000e+03 4.743052673339843750e+02
9.763379999999999654e+02 1.903000000000000000e+03 4.743089904785156250e+02
9.766799999999999500e+02 1.464000000000000000e+03 4.743080139160156250e+02
9.770159999999999627e+02 1.540000000000000000e+03 4.743084411621093750e+02
9.773519999999999754e+02 1.322000000000000000e+03 4.743090515136718750e+02
9.776879999999999882e+02 1.327000000000000000e+03 4.743053588867187500e+02
9.780240000000000009e+02 8.840000000000000000e+02 4.743060607910156250e+02
9.783600000000000136e+02 8.740000000000000000e+02 4.743095397949218750e+02
9.786960000000000264e+02 9.010000000000000000e+02 4.743057556152343750e+02
9.790320000000000391e+02 8.020000000000000000e+02 4.743074645996093750e+02
9.793680000000000518e+02 5.320000000000000000e+02 4.742965698242187500e+02
9.797039999999999509e+02 5.000000000000000000e+02 4.743068237304687500e+02
9.800399999999999636e+02 1.830000000000000000e+02 4.743207397460937500e+02
9.803759999999999764e+02 3.070000000000000000e+02 4.743177490234375000e+02
9.807179999999999609e+02 1.960000000000000000e+02 4.743094177246093750e+02
9.810539999999999736e+02 1.690000000000000000e+02 4.743087158203125000e+02
9.813899999999999864e+02 1.780000000000000000e+02 4.743124084472656250e+02
9.817259999999999991e+02 9.700000000000000000e+01 4.743099670410156250e+02
9.820620000000000118e+02 4.900000000000000000e+01 4.743045043945312500e+02
9.823980000000000246e+02 1.270000000000000000e+02 4.743029479980468750e+02
9.827340000000000373e+02 1.050000000000000000e+02 4.743093872070312500e+02
9.830700000000000500e+02 1.300000000000000000e+02 4.743011169433593750e+02
