2.860749999999999886e+02 1.008000000000000000e+03 7.001296997070312500e+02
2.864110000000000014e+02 4.466000000000000000e+03 7.001281127929687500e+02
2.867479999999999905e+02 9.823000000000000000e+03 7.001243286132812500e+02
2.870840000000000032e+02 1.154600000000000000e+04 7.001262207031250000e+02
2.874209999999999923e+02 1.345800000000000000e+04 7.001284179687500000e+02
2.877570000000000050e+02 1.214200000000000000e+04 7.001269531250000000e+02
2.880930000000000177e+02 1.220000000000000000e+04 7.001267700195312500e+02
2.884300000000000068e+02 1.187300000000000000e+04 7.001274414062500000e+02
2.887660000000000196e+02 1.155500000000000000e+04 7.001283569335937500e+02
2.891019999999999754e+02 1.185200000000000000e+04 7.001273193359375000e+02
2.894390000000000214e+02 1.157000000000000000e+04 7.001278686523437500e+02
2.897760000000000105e+02 1.176900000000000000e+04 7.001279296875000000e+02
2.901120000000000232e+02 1.048900000000000000e+04 7.001288452148437500e+02
2.904479999999999791e+02 9.734000000000000000e+03 7.001275634765625000e+02
2.907850000000000250e+02 1.041400000000000000e+04 7.001293334960937500e+02
2.911209999999999809e+02 1.004400000000000000e+04 7.001251831054687500e+02
2.914569999999999936e+02 1.035600000000000000e+04 7.001267700195312500e+02
2.917939999999999827e+02 1.015600000000000000e+04 7.001269531250000000e+02
2.921309999999999718e+02 8.719000000000000000e+03 7.001302490234375000e+02
2.924669999999999845e+02 8.232000000000000000e+03 7.001273193359375000e+02
2.928039999999999736e+02 6.187000000000000000e+03 7.001287841796875000e+02
2.931399999999999864e+02 4.425000000000000000e+03 7.001275634765625000e+02
2.934759999999999991e+02 2.980000000000000000e+03 7.001245727539062500e+02
2.938129999999999882e+02 1.366000000000000000e+03 7.001323242187500000e+02
2.941490000000000009e+02 6.630000000000000000e+02 7.001362915039062500e+02
2.944850000000000136e+02 2.940000000000000000e+02 7.001315307617187500e+02
2.948210000000000264e+02 1.640000000000000000e+02 7.001442260742187500e+02
