4.566240000000000236e+02 1.290000000000000000e+02 3.111547546386718750e+02
4.569619999999999891e+02 9.100000000000000000e+01 3.111299743652343750e+02
4.572980000000000018e+02 2.040000000000000000e+02 3.111427307128906250e+02
4.576349999999999909e+02 2.400000000000000000e+02 3.111440124511718750e+02
4.579710000000000036e+02 4.710000000000000000e+02 3.111356506347656250e+02
4.583070000000000164e+02 7.960000000000000000e+02 3.111354370117187500e+02
4.586440000000000055e+02 8.080000000000000000e+02 3.111334228515625000e+02
4.589800000000000182e+02 9.970000000000000000e+02 3.111343994140625000e+02
4.593159999999999741e+02 1.287000000000000000e+03 3.111343994140625000e+02
4.596530000000000200e+02 1.649000000000000000e+03 3.111345520019531250e+02
4.599889999999999759e+02 1.543000000000000000e+03 3.111324768066406250e+02
4.603249999999999886e+02 1.279000000000000000e+03 3.111340026855468750e+02
4.606610000000000014e+02 1.273000000000000000e+03 3.111337890625000000e+02
4.609979999999999905e+02 1.289000000000000000e+03 3.111316528320312500e+02
4.613340000000000032e+02 1.245000000000000000e+03 3.111325073242187500e+02
4.616700000000000159e+02 1.012000000000000000e+03 3.111354370117187500e+02
4.620070000000000050e+02 7.180000000000000000e+02 3.111344299316406250e+02
4.623430000000000177e+02 6.470000000000000000e+02 3.111334228515625000e+02
4.626800000000000068e+02 4.460000000000000000e+02 3.111325683593750000e+02
4.630169999999999959e+02 4.980000000000000000e+02 3.111319580078125000e+02
4.633530000000000086e+02 1.920000000000000000e+02 3.111309204101562500e+02
4.636890000000000214e+02 1.630000000000000000e+02 3.111473083496093750e+02
4.640249999999999773e+02 1.810000000000000000e+02 3.111439819335937500e+02
4.643620000000000232e+02 1.810000000000000000e+02 3.111490173339843750e+02
4.646979999999999791e+02 7.900000000000000000e+01 3.111475830078125000e+02
