3.560459999999999923e+02 1.320000000000000000e+02 5.972586059570312500e+02
3.563820000000000050e+02 1.620000000000000000e+02 5.972426147460937500e+02
3.567180000000000177e+02 9.300000000000000000e+01 5.972584838867187500e+02
3.570539999999999736e+02 4.340000000000000000e+02 5.972566528320312500e+02
3.573910000000000196e+02 6.090000000000000000e+02 5.972644042968750000e+02
3.577269999999999754e+02 9.540000000000000000e+02 5.972598266601562500e+02
3.580629999999999882e+02 1.351000000000000000e+03 5.972598876953125000e+02
3.583999999999999773e+02 1.307000000000000000e+03 5.972590332031250000e+02
3.587359999999999900e+02 1.422000000000000000e+03 5.972622680664062500e+02
3.590720000000000027e+02 1.277000000000000000e+03 5.972642822265625000e+02
3.594089999999999918e+02 1.489000000000000000e+03 5.972579956054687500e+02
3.597450000000000045e+02 1.119000000000000000e+03 5.972618408203125000e+02
3.600810000000000173e+02 8.050000000000000000e+02 5.972672729492187500e+02
3.604180000000000064e+02 8.210000000000000000e+02 5.972653198242187500e+02
3.607540000000000191e+02 5.110000000000000000e+02 5.972538452148437500e+02
3.610899999999999750e+02 3.850000000000000000e+02 5.972724609375000000e+02
3.614270000000000209e+02 2.590000000000000000e+02 5.972566528320312500e+02
3.617629999999999768e+02 1.750000000000000000e+02 5.972536621093750000e+02
3.620989999999999895e+02 2.320000000000000000e+02 5.972606201171875000e+02
3.624359999999999786e+02 1.830000000000000000e+02 5.972563476562500000e+02
3.627719999999999914e+02 1.310000000000000000e+02 5.972465209960937500e+02
