4.229839999999999804e+02 1.100000000000000000e+02 2.880656433105468750e+02
4.233210000000000264e+02 4.050000000000000000e+02 2.880511474609375000e+02
4.236569999999999823e+02 8.940000000000000000e+02 2.880569152832031250e+02
4.239929999999999950e+02 1.632000000000000000e+03 2.880552673339843750e+02
4.243290000000000077e+02 2.894000000000000000e+03 2.880570678710937500e+02
4.246659999999999968e+02 5.505000000000000000e+03 2.880563659667968750e+02
4.250020000000000095e+02 6.414000000000000000e+03 2.880563049316406250e+02
4.253380000000000223e+02 8.883000000000000000e+03 2.880549926757812500e+02
4.256750000000000114e+02 1.004400000000000000e+04 2.880563354492187500e+02
4.260110000000000241e+02 1.042800000000000000e+04 2.880559997558593750e+02
4.263469999999999800e+02 1.081100000000000000e+04 2.880559692382812500e+02
4.266850000000000023e+02 1.077200000000000000e+04 2.880560302734375000e+02
4.270210000000000150e+02 9.677000000000000000e+03 2.880571899414062500e+02
4.273580000000000041e+02 8.586000000000000000e+03 2.880557250976562500e+02
4.276940000000000168e+02 7.636000000000000000e+03 2.880561523437500000e+02
4.280299999999999727e+02 5.701000000000000000e+03 2.880560913085937500e+02
4.283670000000000186e+02 5.151000000000000000e+03 2.880581054687500000e+02
4.287029999999999745e+02 3.891000000000000000e+03 2.880563964843750000e+02
4.290389999999999873e+02 2.463000000000000000e+03 2.880570983886718750e+02
4.293759999999999764e+02 2.074000000000000000e+03 2.880549011230468750e+02
4.297119999999999891e+02 1.735000000000000000e+03 2.880544433593750000e+02
4.300480000000000018e+02 1.341000000000000000e+03 2.880604553222656250e+02
4.303840000000000146e+02 9.940000000000000000e+02 2.880567626953125000e+02
4.307210000000000036e+02 9.470000000000000000e+02 2.880585937500000000e+02
4.310579999999999927e+02 8.400000000000000000e+02 2.880551757812500000e+02
4.313940000000000055e+02 4.850000000000000000e+02 2.880563049316406250e+02
4.317309999999999945e+02 3.710000000000000000e+02 2.880569152832031250e+02
4.320670000000000073e+02 2.940000000000000000e+02 2.880625305175781250e+02
4.324030000000000200e+02 3.320000000000000000e+02 2.880525207519531250e+02
4.327400000000000091e+02 2.550000000000000000e+02 2.880560607910156250e+02
4.330760000000000218e+02 2.540000000000000000e+02 2.880554809570312500e+02
4.334119999999999777e+02 2.500000000000000000e+02 2.880528564453125000e+02
4.337479999999999905e+02 2.750000000000000000e+02 2.880575561523437500e+02
4.340849999999999795e+02 2.180000000000000000e+02 2.880512695312500000e+02
4.344209999999999923e+02 2.010000000000000000e+02 2.880549011230468750e+02
4.347570000000000050e+02 1.710000000000000000e+02 2.880555114746093750e+02
4.350939999999999941e+02 1.230000000000000000e+02 2.880675048828125000e+02
4.354300000000000068e+02 1.590000000000000000e+02 2.880732727050781250e+02
4.357660000000000196e+02 2.340000000000000000e+02 2.880583801269531250e+02
4.361030000000000086e+02 7.800000000000000000e+01 2.880556640625000000e+02
4.364390000000000214e+02 1.500000000000000000e+02 2.880565185546875000e+02
4.367769999999999868e+02 1.030000000000000000e+02 2.880566406250000000e+02
4.371129999999999995e+02 2.070000000000000000e+02 2.880580139160156250e+02
4.374490000000000123e+02 1.830000000000000000e+02 2.880494689941406250e+02
4.377860000000000014e+02 8.300000000000000000e+01 2.880562744140625000e+02
4.381220000000000141e+02 1.240000000000000000e+02 2.880579223632812500e+02
4.384580000000000268e+02 1.880000000000000000e+02 2.880667114257812500e+02
