4.219599999999999795e+01 2.690000000000000000e+02 6.899911499023437500e+02
4.253300000000000125e+01 6.940000000000000000e+02 6.900057983398437500e+02
4.286899999999999977e+01 1.034000000000000000e+03 6.899968261718750000e+02
4.320499999999999829e+01 1.162000000000000000e+03 6.899955444335937500e+02
4.354099999999999682e+01 8.550000000000000000e+02 6.900015258789062500e+02
4.387800000000000011e+01 9.340000000000000000e+02 6.900036010742187500e+02
4.421399999999999864e+01 1.072000000000000000e+03 6.899963989257812500e+02
4.454999999999999716e+01 9.910000000000000000e+02 6.899978027343750000e+02
4.488700000000000045e+01 6.740000000000000000e+02 6.899992065429687500e+02
4.522299999999999898e+01 5.440000000000000000e+02 6.900010375976562500e+02
4.555899999999999750e+01 5.030000000000000000e+02 6.900066528320312500e+02
