5.531400000000000006e+01 2.320000000000000000e+02 3.670705871582031250e+02
5.565100000000000335e+01 4.320000000000000000e+02 3.670582580566406250e+02
5.598700000000000188e+01 4.120000000000000000e+02 3.670679321289062500e+02
5.632300000000000040e+01 2.900000000000000000e+02 3.670619812011718750e+02
5.665999999999999659e+01 4.290000000000000000e+02 3.670645751953125000e+02
5.699600000000000222e+01 6.440000000000000000e+02 3.670665283203125000e+02
5.733200000000000074e+01 6.320000000000000000e+02 3.670690002441406250e+02
5.766899999999999693e+01 6.310000000000000000e+02 3.670655517578125000e+02
5.800500000000000256e+01 6.220000000000000000e+02 3.670661621093750000e+02
5.834100000000000108e+01 9.680000000000000000e+02 3.670636901855468750e+02
5.867799999999999727e+01 7.810000000000000000e+02 3.670671386718750000e+02
5.901400000000000290e+01 1.025000000000000000e+03 3.670653076171875000e+02
5.935000000000000142e+01 8.840000000000000000e+02 3.670669860839843750e+02
5.968599999999999994e+01 9.940000000000000000e+02 3.670633239746093750e+02
6.002279999999999660e+01 1.096000000000000000e+03 3.670708618164062500e+02
6.036119999999999663e+01 8.700000000000000000e+02 3.670667419433593750e+02
6.069720000000000226e+01 6.850000000000000000e+02 3.670655517578125000e+02
6.103320000000000078e+01 8.010000000000000000e+02 3.670710754394531250e+02
6.136979999999999791e+01 8.120000000000000000e+02 3.670688781738281250e+02
6.170580000000000354e+01 6.250000000000000000e+02 3.670691528320312500e+02
6.204180000000000206e+01 6.250000000000000000e+02 3.670768737792968750e+02
6.237780000000000058e+01 7.220000000000000000e+02 3.670659790039062500e+02
6.271500000000000341e+01 6.190000000000000000e+02 3.670686950683593750e+02
6.305100000000000193e+01 7.210000000000000000e+02 3.670716247558593750e+02
6.338700000000000045e+01 5.070000000000000000e+02 3.670724487304687500e+02
6.372599999999999909e+01 5.650000000000000000e+02 3.670750122070312500e+02
6.406199999999999761e+01 3.480000000000000000e+02 3.670613403320312500e+02
6.439919999999999334e+01 4.100000000000000000e+02 3.670562744140625000e+02
6.473520000000000607e+01 4.320000000000000000e+02 3.670733642578125000e+02
6.507179999999999609e+01 4.610000000000000000e+02 3.670672302246093750e+02
6.540779999999999461e+01 2.440000000000000000e+02 3.670659790039062500e+02
6.574500000000000455e+01 2.190000000000000000e+02 3.670787658691406250e+02
