3.486490000000000009e+02 2.220000000000000000e+02 2.251315917968750000e+02
3.489859999999999900e+02 2.780000000000000000e+02 2.251279144287109375e+02
3.493220000000000027e+02 2.380000000000000000e+02 2.251275939941406250e+02
3.496580000000000155e+02 2.970000000000000000e+02 2.251379547119140625e+02
3.499940000000000282e+02 4.530000000000000000e+02 2.251376342773437500e+02
3.503310000000000173e+02 6.260000000000000000e+02 2.251411437988281250e+02
3.506669999999999732e+02 9.020000000000000000e+02 2.251392059326171875e+02
3.510029999999999859e+02 7.720000000000000000e+02 2.251421051025390625e+02
3.513399999999999750e+02 9.560000000000000000e+02 2.251429290771484375e+02
3.516759999999999877e+02 7.020000000000000000e+02 2.251430511474609375e+02
3.520120000000000005e+02 1.013000000000000000e+03 2.251420288085937500e+02
3.523489999999999895e+02 6.150000000000000000e+02 2.251391296386718750e+02
3.526850000000000023e+02 4.080000000000000000e+02 2.251381072998046875e+02
3.530230000000000246e+02 5.860000000000000000e+02 2.251447753906250000e+02
3.533589999999999804e+02 4.420000000000000000e+02 2.251355133056640625e+02
3.536949999999999932e+02 4.050000000000000000e+02 2.251394958496093750e+02
3.540319999999999823e+02 1.550000000000000000e+02 2.251362915039062500e+02
