4.085099999999999909e+01 4.820000000000000000e+02 3.709931030273437500e+02
4.118699999999999761e+01 5.930000000000000000e+02 3.710013732910156250e+02
4.152300000000000324e+01 4.660000000000000000e+02 3.709977416992187500e+02
4.185999999999999943e+01 4.010000000000000000e+02 3.709950256347656250e+02
4.219599999999999795e+01 3.970000000000000000e+02 3.710097656250000000e+02
4.253300000000000125e+01 3.990000000000000000e+02 3.710111999511718750e+02
4.286899999999999977e+01 3.780000000000000000e+02 3.710079040527343750e+02
4.320499999999999829e+01 6.470000000000000000e+02 3.709989318847656250e+02
4.354099999999999682e+01 7.180000000000000000e+02 3.710055236816406250e+02
4.387800000000000011e+01 7.530000000000000000e+02 3.710055847167968750e+02
4.421399999999999864e+01 9.290000000000000000e+02 3.710043029785156250e+02
4.454999999999999716e+01 9.630000000000000000e+02 3.710032043457031250e+02
4.488700000000000045e+01 7.280000000000000000e+02 3.710054016113281250e+02
4.522299999999999898e+01 6.700000000000000000e+02 3.710057067871093750e+02
4.555899999999999750e+01 2.990000000000000000e+02 3.710060119628906250e+02
4.589600000000000080e+01 5.930000000000000000e+02 3.709911193847656250e+02
4.623199999999999932e+01 5.800000000000000000e+02 3.710056457519531250e+02
4.656799999999999784e+01 6.870000000000000000e+02 3.709899902343750000e+02
4.690400000000000347e+01 6.160000000000000000e+02 3.709871520996093750e+02
4.724099999999999966e+01 5.270000000000000000e+02 3.709872131347656250e+02
4.757699999999999818e+01 7.000000000000000000e+02 3.709839782714843750e+02
