4.236619999999999777e+02 7.200000000000000000e+01 3.430093688964843750e+02
4.239990000000000236e+02 1.740000000000000000e+02 3.430105590820312500e+02
4.243349999999999795e+02 2.010000000000000000e+02 3.430113220214843750e+02
4.246709999999999923e+02 4.000000000000000000e+02 3.430007019042968750e+02
4.250079999999999814e+02 4.060000000000000000e+02 3.430081787109375000e+02
4.253439999999999941e+02 5.950000000000000000e+02 3.430068359375000000e+02
4.256800000000000068e+02 7.200000000000000000e+02 3.430058898925781250e+02
4.260169999999999959e+02 7.790000000000000000e+02 3.430038452148437500e+02
4.263530000000000086e+02 9.450000000000000000e+02 3.430070800781250000e+02
4.266899999999999977e+02 7.640000000000000000e+02 3.430057678222656250e+02
4.270260000000000105e+02 8.290000000000000000e+02 3.430081176757812500e+02
4.273620000000000232e+02 5.600000000000000000e+02 3.430164489746093750e+02
4.276990000000000123e+02 4.590000000000000000e+02 3.430093688964843750e+02
4.280350000000000250e+02 4.250000000000000000e+02 3.430086975097656250e+02
4.283709999999999809e+02 4.460000000000000000e+02 3.430062866210937500e+02
4.287080000000000268e+02 2.710000000000000000e+02 3.430132751464843750e+02
4.290439999999999827e+02 1.340000000000000000e+02 3.430088500976562500e+02
