3.859879999999999995e+02 4.310000000000000000e+02 3.651227722167968750e+02
3.863240000000000123e+02 5.040000000000000000e+02 3.651203613281250000e+02
3.866610000000000014e+02 6.750000000000000000e+02 3.651219482421875000e+02
3.869970000000000141e+02 5.820000000000000000e+02 3.651153869628906250e+02
3.873330000000000268e+02 9.320000000000000000e+02 3.651191101074218750e+02
3.876700000000000159e+02 6.760000000000000000e+02 3.651158447265625000e+02
3.880059999999999718e+02 5.670000000000000000e+02 3.651156616210937500e+02
3.883419999999999845e+02 7.450000000000000000e+02 3.651162414550781250e+02
3.886779999999999973e+02 4.930000000000000000e+02 3.651231384277343750e+02
3.890149999999999864e+02 6.160000000000000000e+02 3.651142578125000000e+02
3.893509999999999991e+02 4.950000000000000000e+02 3.651156005859375000e+02
3.896870000000000118e+02 4.280000000000000000e+02 3.651129150390625000e+02
3.900240000000000009e+02 2.880000000000000000e+02 3.651149597167968750e+02
3.903600000000000136e+02 4.060000000000000000e+02 3.651127319335937500e+02
3.906960000000000264e+02 5.520000000000000000e+02 3.651093139648437500e+02
3.910330000000000155e+02 5.850000000000000000e+02 3.651122131347656250e+02
3.913690000000000282e+02 6.040000000000000000e+02 3.651157226562500000e+02
3.917049999999999841e+02 7.130000000000000000e+02 3.651144714355468750e+02
3.920419999999999732e+02 6.450000000000000000e+02 3.651151428222656250e+02
3.923779999999999859e+02 7.310000000000000000e+02 3.651221618652343750e+02
3.927139999999999986e+02 8.650000000000000000e+02 3.651153259277343750e+02
3.930500000000000114e+02 7.870000000000000000e+02 3.651186523437500000e+02
3.933879999999999768e+02 7.540000000000000000e+02 3.651206665039062500e+02
3.937250000000000227e+02 5.530000000000000000e+02 3.651171569824218750e+02
3.940609999999999786e+02 3.920000000000000000e+02 3.651190795898437500e+02
3.943969999999999914e+02 3.850000000000000000e+02 3.651231079101562500e+02
3.947339999999999804e+02 3.800000000000000000e+02 3.651200256347656250e+02
3.950710000000000264e+02 1.710000000000000000e+02 3.651325683593750000e+02
