6.816720000000000255e+02 9.900000000000000000e+01 4.692238159179687500e+02
6.820080000000000382e+02 1.140000000000000000e+02 4.692319335937500000e+02
6.823440000000000509e+02 1.140000000000000000e+02 4.692184448242187500e+02
6.826799999999999500e+02 2.250000000000000000e+02 4.692185058593750000e+02
6.830159999999999627e+02 1.430000000000000000e+02 4.692206420898437500e+02
6.833519999999999754e+02 2.730000000000000000e+02 4.692281188964843750e+02
6.836879999999999882e+02 3.210000000000000000e+02 4.692267150878906250e+02
6.840240000000000009e+02 4.430000000000000000e+02 4.692284545898437500e+02
6.843600000000000136e+02 4.130000000000000000e+02 4.692281188964843750e+02
6.846960000000000264e+02 6.140000000000000000e+02 4.692235717773437500e+02
6.850320000000000391e+02 6.470000000000000000e+02 4.692262573242187500e+02
6.853740000000000236e+02 8.550000000000000000e+02 4.692285461425781250e+02
6.857100000000000364e+02 7.620000000000000000e+02 4.692258300781250000e+02
6.860460000000000491e+02 9.200000000000000000e+02 4.692217407226562500e+02
6.863819999999999482e+02 8.930000000000000000e+02 4.692215576171875000e+02
6.867179999999999609e+02 6.290000000000000000e+02 4.692203369140625000e+02
6.870539999999999736e+02 8.110000000000000000e+02 4.692240295410156250e+02
6.873899999999999864e+02 8.190000000000000000e+02 4.692239990234375000e+02
6.877259999999999991e+02 4.930000000000000000e+02 4.692237243652343750e+02
6.880620000000000118e+02 4.450000000000000000e+02 4.692277526855468750e+02
6.883980000000000246e+02 4.930000000000000000e+02 4.692280273437500000e+02
6.887340000000000373e+02 5.730000000000000000e+02 4.692208862304687500e+02
6.890700000000000500e+02 3.090000000000000000e+02 4.692309265136718750e+02
6.894059999999999491e+02 3.240000000000000000e+02 4.692249450683593750e+02
6.897419999999999618e+02 2.880000000000000000e+02 4.692242126464843750e+02
6.900839999999999463e+02 2.730000000000000000e+02 4.692327575683593750e+02
6.904199999999999591e+02 2.320000000000000000e+02 4.692250061035156250e+02
