2.342760000000000105e+02 8.530000000000000000e+02 2.241054534912109375e+02
2.346129999999999995e+02 6.350000000000000000e+02 2.241056365966796875e+02
2.349490000000000123e+02 6.390000000000000000e+02 2.240999145507812500e+02
2.352849999999999966e+02 5.710000000000000000e+02 2.241048583984375000e+02
2.356220000000000141e+02 4.920000000000000000e+02 2.241017456054687500e+02
2.359579999999999984e+02 5.300000000000000000e+02 2.241021118164062500e+02
2.362940000000000111e+02 5.040000000000000000e+02 2.241066589355468750e+02
2.366310000000000002e+02 4.620000000000000000e+02 2.241046600341796875e+02
2.369670000000000130e+02 4.660000000000000000e+02 2.241071319580078125e+02
2.373029999999999973e+02 5.810000000000000000e+02 2.241078186035156250e+02
2.376399999999999864e+02 5.710000000000000000e+02 2.241040344238281250e+02
2.379759999999999991e+02 5.320000000000000000e+02 2.241047668457031250e+02
2.383129999999999882e+02 5.890000000000000000e+02 2.241027526855468750e+02
2.386490000000000009e+02 4.900000000000000000e+02 2.241045684814453125e+02
2.389850000000000136e+02 4.590000000000000000e+02 2.241066436767578125e+02
2.393220000000000027e+02 3.130000000000000000e+02 2.241041412353515625e+02
2.396579999999999870e+02 5.900000000000000000e+02 2.241041564941406250e+02
2.399939999999999998e+02 2.970000000000000000e+02 2.240960845947265625e+02
2.403309999999999889e+02 4.730000000000000000e+02 2.241031494140625000e+02
2.406670000000000016e+02 5.430000000000000000e+02 2.241042327880859375e+02
2.410029999999999859e+02 2.890000000000000000e+02 2.241059265136718750e+02
2.413389999999999986e+02 5.820000000000000000e+02 2.241060028076171875e+02
2.416759999999999877e+02 3.710000000000000000e+02 2.241013183593750000e+02
2.420140000000000100e+02 4.240000000000000000e+02 2.241039428710937500e+02
2.423499999999999943e+02 5.040000000000000000e+02 2.241066284179687500e+02
2.426860000000000070e+02 4.990000000000000000e+02 2.241025238037109375e+02
2.430229999999999961e+02 4.800000000000000000e+02 2.241059570312500000e+02
2.433590000000000089e+02 3.580000000000000000e+02 2.241052246093750000e+02
2.436949999999999932e+02 2.890000000000000000e+02 2.241046447753906250e+02
2.440320000000000107e+02 3.200000000000000000e+02 2.241092224121093750e+02
2.443679999999999950e+02 3.250000000000000000e+02 2.241070251464843750e+02
2.447040000000000077e+02 4.260000000000000000e+02 2.241007080078125000e+02
2.450399999999999920e+02 4.780000000000000000e+02 2.241029968261718750e+02
2.453770000000000095e+02 4.790000000000000000e+02 2.241003570556640625e+02
2.457129999999999939e+02 4.490000000000000000e+02 2.241009368896484375e+02
2.460490000000000066e+02 3.120000000000000000e+02 2.241052856445312500e+02
2.463859999999999957e+02 4.930000000000000000e+02 2.241028594970703125e+02
2.467220000000000084e+02 7.210000000000000000e+02 2.241040802001953125e+02
2.470579999999999927e+02 5.710000000000000000e+02 2.241050720214843750e+02
2.473950000000000102e+02 5.510000000000000000e+02 2.241007995605468750e+02
2.477309999999999945e+02 6.180000000000000000e+02 2.241049194335937500e+02
2.480670000000000073e+02 7.090000000000000000e+02 2.241049652099609375e+02
2.484029999999999916e+02 5.800000000000000000e+02 2.241015472412109375e+02
2.487400000000000091e+02 5.690000000000000000e+02 2.241024932861328125e+02
2.490759999999999934e+02 7.870000000000000000e+02 2.241011657714843750e+02
2.494120000000000061e+02 5.870000000000000000e+02 2.240953063964843750e+02
2.497489999999999952e+02 6.300000000000000000e+02 2.240985565185546875e+02
2.500850000000000080e+02 5.610000000000000000e+02 2.241054382324218750e+02
2.504209999999999923e+02 5.630000000000000000e+02 2.241054687500000000e+02
2.507580000000000098e+02 6.110000000000000000e+02 2.241046295166015625e+02
2.510939999999999941e+02 6.210000000000000000e+02 2.240989532470703125e+02
2.514300000000000068e+02 5.300000000000000000e+02 2.241017608642578125e+02
2.517669999999999959e+02 6.530000000000000000e+02 2.240995330810546875e+02
2.521049999999999898e+02 4.540000000000000000e+02 2.241031494140625000e+02
2.524410000000000025e+02 7.200000000000000000e+02 2.241035003662109375e+02
2.527769999999999868e+02 5.250000000000000000e+02 2.241037445068359375e+02
2.531140000000000043e+02 4.920000000000000000e+02 2.241055297851562500e+02
2.534509999999999934e+02 5.930000000000000000e+02 2.241059875488281250e+02
2.537870000000000061e+02 4.900000000000000000e+02 2.241020507812500000e+02
2.541239999999999952e+02 5.580000000000000000e+02 2.241029663085937500e+02
2.544600000000000080e+02 5.050000000000000000e+02 2.241037292480468750e+02
2.547959999999999923e+02 4.920000000000000000e+02 2.241029510498046875e+02
2.551320000000000050e+02 4.290000000000000000e+02 2.241054077148437500e+02
2.554689999999999941e+02 5.660000000000000000e+02 2.241036224365234375e+02
2.558050000000000068e+02 5.700000000000000000e+02 2.241034698486328125e+02
2.561419999999999959e+02 3.990000000000000000e+02 2.241050872802734375e+02
2.564789999999999850e+02 6.420000000000000000e+02 2.241012725830078125e+02
2.568149999999999977e+02 4.770000000000000000e+02 2.241067962646484375e+02
2.571510000000000105e+02 4.130000000000000000e+02 2.241031341552734375e+02
2.574879999999999995e+02 2.510000000000000000e+02 2.241094207763671875e+02
2.578240000000000123e+02 6.260000000000000000e+02 2.241055603027343750e+02
2.581600000000000250e+02 3.970000000000000000e+02 2.241050262451171875e+02
2.584959999999999809e+02 5.470000000000000000e+02 2.241013488769531250e+02
2.588330000000000268e+02 6.680000000000000000e+02 2.241037445068359375e+02
2.591689999999999827e+02 4.150000000000000000e+02 2.241054382324218750e+02
2.595049999999999955e+02 3.840000000000000000e+02 2.241000061035156250e+02
2.598419999999999845e+02 5.600000000000000000e+02 2.241055145263671875e+02
2.601779999999999973e+02 5.640000000000000000e+02 2.241021270751953125e+02
2.605140000000000100e+02 3.960000000000000000e+02 2.241097106933593750e+02
2.608509999999999991e+02 4.590000000000000000e+02 2.241063232421875000e+02
2.611870000000000118e+02 4.010000000000000000e+02 2.241114044189453125e+02
2.615230000000000246e+02 2.430000000000000000e+02 2.241078796386718750e+02
2.618600000000000136e+02 3.140000000000000000e+02 2.241051635742187500e+02
2.621979999999999791e+02 2.150000000000000000e+02 2.240949401855468750e+02
2.625339999999999918e+02 4.000000000000000000e+02 2.241068572998046875e+02
2.628700000000000045e+02 2.580000000000000000e+02 2.241119384765625000e+02
2.632069999999999936e+02 3.500000000000000000e+02 2.241049041748046875e+02
2.635430000000000064e+02 3.200000000000000000e+02 2.241040802001953125e+02
