2.705799999999999983e+01 3.920000000000000000e+02 2.699529113769531250e+02
2.739499999999999957e+01 5.010000000000000000e+02 2.699439697265625000e+02
2.773100000000000165e+01 4.130000000000000000e+02 2.699746398925781250e+02
2.806700000000000017e+01 7.690000000000000000e+02 2.699591979980468750e+02
2.840299999999999869e+01 7.560000000000000000e+02 2.699567871093750000e+02
2.873999999999999844e+01 5.120000000000000000e+02 2.699626464843750000e+02
2.907600000000000051e+01 3.920000000000000000e+02 2.699627380371093750e+02
2.941199999999999903e+01 5.160000000000000000e+02 2.699647521972656250e+02
2.974899999999999878e+01 3.870000000000000000e+02 2.699626159667968750e+02
3.008699999999999974e+01 3.780000000000000000e+02 2.699616088867187500e+02
3.042299999999999827e+01 3.670000000000000000e+02 2.699747619628906250e+02
