2.302199999999999847e+01 6.800000000000000000e+01 5.898165893554687500e+02
2.335800000000000054e+01 4.700000000000000000e+01 5.898038330078125000e+02
2.369399999999999906e+01 2.540000000000000000e+02 5.898041381835937500e+02
2.403000000000000114e+01 3.010000000000000000e+02 5.898157958984375000e+02
2.436700000000000088e+01 5.440000000000000000e+02 5.898107299804687500e+02
2.470299999999999940e+01 7.650000000000000000e+02 5.898059082031250000e+02
2.503900000000000148e+01 7.510000000000000000e+02 5.898032836914062500e+02
2.537600000000000122e+01 7.840000000000000000e+02 5.897993774414062500e+02
2.571199999999999974e+01 7.240000000000000000e+02 5.897949829101562500e+02
2.604799999999999827e+01 5.910000000000000000e+02 5.897940063476562500e+02
2.638500000000000156e+01 7.790000000000000000e+02 5.897943725585937500e+02
2.672200000000000131e+01 7.500000000000000000e+02 5.898118896484375000e+02
2.705799999999999983e+01 6.550000000000000000e+02 5.898240356445312500e+02
2.739499999999999957e+01 5.680000000000000000e+02 5.898228149414062500e+02
