2.070289999999999964e+02 2.290000000000000000e+02 1.480658111572265625e+02
2.073660000000000139e+02 1.550000000000000000e+02 1.480643920898437500e+02
2.077019999999999982e+02 2.190000000000000000e+02 1.480555114746093750e+02
2.080380000000000109e+02 5.600000000000000000e+01 1.480490875244140625e+02
2.083739999999999952e+02 8.000000000000000000e+01 1.480606384277343750e+02
2.087110000000000127e+02 1.790000000000000000e+02 1.480463562011718750e+02
2.090469999999999970e+02 2.200000000000000000e+02 1.480582122802734375e+02
2.093830000000000098e+02 3.500000000000000000e+02 1.480503692626953125e+02
2.097199999999999989e+02 3.710000000000000000e+02 1.480478973388671875e+02
2.100560000000000116e+02 7.370000000000000000e+02 1.480493164062500000e+02
2.103919999999999959e+02 7.600000000000000000e+02 1.480468902587890625e+02
2.107290000000000134e+02 3.810000000000000000e+02 1.480540161132812500e+02
2.110649999999999977e+02 6.370000000000000000e+02 1.480483551025390625e+02
2.114010000000000105e+02 6.630000000000000000e+02 1.480467224121093750e+02
2.117390000000000043e+02 5.990000000000000000e+02 1.480485382080078125e+02
2.120749999999999886e+02 3.480000000000000000e+02 1.480547790527343750e+02
2.124120000000000061e+02 3.710000000000000000e+02 1.480560150146484375e+02
2.127479999999999905e+02 4.170000000000000000e+02 1.480500946044921875e+02
