1.834830000000000041e+02 2.370000000000000000e+02 3.661236572265625000e+02
1.838189999999999884e+02 3.330000000000000000e+02 3.661191406250000000e+02
1.841560000000000059e+02 3.990000000000000000e+02 3.661158752441406250e+02
1.844919999999999902e+02 3.610000000000000000e+02 3.661215820312500000e+02
1.848280000000000030e+02 7.230000000000000000e+02 3.661184387207031250e+02
1.851639999999999873e+02 4.820000000000000000e+02 3.661146545410156250e+02
1.855010000000000048e+02 3.420000000000000000e+02 3.661187438964843750e+02
1.858369999999999891e+02 4.050000000000000000e+02 3.661194763183593750e+02
1.861730000000000018e+02 3.040000000000000000e+02 3.661114807128906250e+02
1.865099999999999909e+02 3.890000000000000000e+02 3.661142883300781250e+02
1.868460000000000036e+02 2.030000000000000000e+02 3.661141967773437500e+02
1.871819999999999879e+02 2.290000000000000000e+02 3.661149902343750000e+02
1.875190000000000055e+02 1.370000000000000000e+02 3.661219482421875000e+02
1.878549999999999898e+02 1.830000000000000000e+02 3.661121826171875000e+02
1.881920000000000073e+02 1.870000000000000000e+02 3.661044006347656250e+02
1.885279999999999916e+02 1.500000000000000000e+02 3.661231994628906250e+02
1.888640000000000043e+02 1.650000000000000000e+02 3.661190795898437500e+02
1.892009999999999934e+02 7.800000000000000000e+01 3.661194458007812500e+02
1.895370000000000061e+02 1.230000000000000000e+02 3.661325073242187500e+02
