6.470280000000000200e+02 5.560000000000000000e+02 1.680435943603515625e+02
6.473579999999999472e+02 8.040000000000000000e+02 1.680440979003906250e+02
6.477000000000000455e+02 4.470000000000000000e+02 1.680445251464843750e+02
6.480359999999999445e+02 4.540000000000000000e+02 1.680402679443359375e+02
6.483719999999999573e+02 4.990000000000000000e+02 1.680443420410156250e+02
6.487079999999999700e+02 7.410000000000000000e+02 1.680443725585937500e+02
6.490439999999999827e+02 4.810000000000000000e+02 1.680443725585937500e+02
6.493799999999999955e+02 4.940000000000000000e+02 1.680445556640625000e+02
6.497160000000000082e+02 5.410000000000000000e+02 1.680453186035156250e+02
6.500520000000000209e+02 4.590000000000000000e+02 1.680425262451171875e+02
6.503880000000000337e+02 5.890000000000000000e+02 1.680429077148437500e+02
6.507240000000000464e+02 3.820000000000000000e+02 1.680410919189453125e+02
6.510599999999999454e+02 4.780000000000000000e+02 1.680435485839843750e+02
6.513959999999999582e+02 4.350000000000000000e+02 1.680467681884765625e+02
6.517319999999999709e+02 4.060000000000000000e+02 1.680405273437500000e+02
6.520679999999999836e+02 4.110000000000000000e+02 1.680428619384765625e+02
6.524039999999999964e+02 5.710000000000000000e+02 1.680443878173828125e+02
6.527400000000000091e+02 5.320000000000000000e+02 1.680455627441406250e+02
6.530760000000000218e+02 5.230000000000000000e+02 1.680424804687500000e+02
6.534180000000000064e+02 4.460000000000000000e+02 1.680452880859375000e+02
6.537480000000000473e+02 5.370000000000000000e+02 1.680433044433593750e+02
6.540900000000000318e+02 4.030000000000000000e+02 1.680446319580078125e+02
6.544260000000000446e+02 7.010000000000000000e+02 1.680444946289062500e+02
6.547619999999999436e+02 4.680000000000000000e+02 1.680434112548828125e+02
6.550979999999999563e+02 4.630000000000000000e+02 1.680429840087890625e+02
6.554339999999999691e+02 5.610000000000000000e+02 1.680440826416015625e+02
6.557699999999999818e+02 4.590000000000000000e+02 1.680437774658203125e+02
6.561059999999999945e+02 5.890000000000000000e+02 1.680414886474609375e+02
6.564420000000000073e+02 4.180000000000000000e+02 1.680457916259765625e+02
6.567780000000000200e+02 3.070000000000000000e+02 1.680425415039062500e+02
6.571140000000000327e+02 3.860000000000000000e+02 1.680459747314453125e+02
6.574500000000000455e+02 5.330000000000000000e+02 1.680421447753906250e+02
6.577859999999999445e+02 3.200000000000000000e+02 1.680439453125000000e+02
6.581219999999999573e+02 3.160000000000000000e+02 1.680419006347656250e+02
6.584579999999999700e+02 5.620000000000000000e+02 1.680421905517578125e+02
6.587999999999999545e+02 4.450000000000000000e+02 1.680417480468750000e+02
6.591359999999999673e+02 4.940000000000000000e+02 1.680421142578125000e+02
6.594719999999999800e+02 5.180000000000000000e+02 1.680444793701171875e+02
6.598079999999999927e+02 6.160000000000000000e+02 1.680441131591796875e+02
6.601440000000000055e+02 6.430000000000000000e+02 1.680424957275390625e+02
6.604800000000000182e+02 3.450000000000000000e+02 1.680417633056640625e+02
6.608160000000000309e+02 3.400000000000000000e+02 1.680449981689453125e+02
6.611520000000000437e+02 5.800000000000000000e+02 1.680432891845703125e+02
6.614880000000000564e+02 5.550000000000000000e+02 1.680440673828125000e+02
6.618239999999999554e+02 6.920000000000000000e+02 1.680441894531250000e+02
6.621599999999999682e+02 4.810000000000000000e+02 1.680460510253906250e+02
6.624959999999999809e+02 3.700000000000000000e+02 1.680442962646484375e+02
6.628319999999999936e+02 4.680000000000000000e+02 1.680440521240234375e+02
6.631680000000000064e+02 5.550000000000000000e+02 1.680458679199218750e+02
6.635040000000000191e+02 6.070000000000000000e+02 1.680446777343750000e+02
6.638400000000000318e+02 5.830000000000000000e+02 1.680431213378906250e+02
6.641760000000000446e+02 5.130000000000000000e+02 1.680428466796875000e+02
6.645180000000000291e+02 5.120000000000000000e+02 1.680429077148437500e+02
6.648540000000000418e+02 3.880000000000000000e+02 1.680422515869140625e+02
6.651900000000000546e+02 3.810000000000000000e+02 1.680443267822265625e+02
6.655259999999999536e+02 4.180000000000000000e+02 1.680433349609375000e+02
6.658619999999999663e+02 4.640000000000000000e+02 1.680425415039062500e+02
6.661979999999999791e+02 5.030000000000000000e+02 1.680450592041015625e+02
6.665339999999999918e+02 6.690000000000000000e+02 1.680437316894531250e+02
6.668700000000000045e+02 5.980000000000000000e+02 1.680440673828125000e+02
6.672060000000000173e+02 5.350000000000000000e+02 1.680443267822265625e+02
6.675420000000000300e+02 4.040000000000000000e+02 1.680438537597656250e+02
6.678780000000000427e+02 5.020000000000000000e+02 1.680445251464843750e+02
6.682140000000000555e+02 5.050000000000000000e+02 1.680436401367187500e+02
6.685499999999999545e+02 5.190000000000000000e+02 1.680435028076171875e+02
6.688859999999999673e+02 5.000000000000000000e+02 1.680427856445312500e+02
6.692279999999999518e+02 5.170000000000000000e+02 1.680435180664062500e+02
6.695639999999999645e+02 5.450000000000000000e+02 1.680418701171875000e+02
6.698999999999999773e+02 5.340000000000000000e+02 1.680427093505859375e+02
6.702359999999999900e+02 4.990000000000000000e+02 1.680394744873046875e+02
6.705720000000000027e+02 4.770000000000000000e+02 1.680434722900390625e+02
6.709080000000000155e+02 4.810000000000000000e+02 1.680423583984375000e+02
6.712440000000000282e+02 5.930000000000000000e+02 1.680413208007812500e+02
6.715800000000000409e+02 4.550000000000000000e+02 1.680436096191406250e+02
6.719160000000000537e+02 4.040000000000000000e+02 1.680449066162109375e+02
6.722519999999999527e+02 5.390000000000000000e+02 1.680407409667968750e+02
6.725879999999999654e+02 2.780000000000000000e+02 1.680429382324218750e+02
6.729239999999999782e+02 4.470000000000000000e+02 1.680451202392578125e+02
6.732599999999999909e+02 5.160000000000000000e+02 1.680446014404296875e+02
6.735960000000000036e+02 5.510000000000000000e+02 1.680418701171875000e+02
6.739320000000000164e+02 5.240000000000000000e+02 1.680420532226562500e+02
6.742680000000000291e+02 5.890000000000000000e+02 1.680420837402343750e+02
6.746040000000000418e+02 4.930000000000000000e+02 1.680429992675781250e+02
6.749400000000000546e+02 3.660000000000000000e+02 1.680410156250000000e+02
6.752820000000000391e+02 3.260000000000000000e+02 1.680436706542968750e+02
6.756119999999999663e+02 6.320000000000000000e+02 1.680428009033203125e+02
6.759539999999999509e+02 6.220000000000000000e+02 1.680430145263671875e+02
6.762899999999999636e+02 5.800000000000000000e+02 1.680419464111328125e+02
