2.288940000000000055e+02 2.090000000000000000e+02 3.881970825195312500e+02
2.292299999999999898e+02 3.080000000000000000e+02 3.881866760253906250e+02
2.295670000000000073e+02 2.650000000000000000e+02 3.881925659179687500e+02
2.299029999999999916e+02 6.700000000000000000e+02 3.881961669921875000e+02
2.302390000000000043e+02 5.020000000000000000e+02 3.881959533691406250e+02
2.305749999999999886e+02 5.430000000000000000e+02 3.881936340332031250e+02
2.309120000000000061e+02 4.180000000000000000e+02 3.881982727050781250e+02
2.312479999999999905e+02 3.900000000000000000e+02 3.881914062500000000e+02
2.315840000000000032e+02 4.790000000000000000e+02 3.881903991699218750e+02
2.319219999999999970e+02 4.150000000000000000e+02 3.881915283203125000e+02
2.322589999999999861e+02 2.150000000000000000e+02 3.881972656250000000e+02
2.325949999999999989e+02 1.050000000000000000e+02 3.881777954101562500e+02
2.329310000000000116e+02 1.260000000000000000e+02 3.881954956054687500e+02
2.332669999999999959e+02 6.100000000000000000e+01 3.881864318847656250e+02
2.336040000000000134e+02 1.370000000000000000e+02 3.881782531738281250e+02
2.339399999999999977e+02 1.040000000000000000e+02 3.881813049316406250e+02
