4.253300000000000125e+01 5.010000000000000000e+02 6.560388793945312500e+02
4.286899999999999977e+01 6.530000000000000000e+02 6.560455322265625000e+02
4.320499999999999829e+01 5.790000000000000000e+02 6.560406494140625000e+02
4.354099999999999682e+01 5.170000000000000000e+02 6.560391845703125000e+02
4.387800000000000011e+01 5.460000000000000000e+02 6.560483398437500000e+02
4.421399999999999864e+01 4.840000000000000000e+02 6.560485839843750000e+02
4.454999999999999716e+01 4.380000000000000000e+02 6.560417480468750000e+02
4.488700000000000045e+01 3.440000000000000000e+02 6.560393676757812500e+02
4.522299999999999898e+01 2.980000000000000000e+02 6.560427856445312500e+02
4.555899999999999750e+01 2.910000000000000000e+02 6.560420532226562500e+02
4.589600000000000080e+01 2.100000000000000000e+02 6.560433349609375000e+02
4.623199999999999932e+01 1.760000000000000000e+02 6.560546875000000000e+02
4.656799999999999784e+01 2.320000000000000000e+02 6.560572509765625000e+02
