3.745520000000000209e+02 2.020000000000000000e+02 2.801319580078125000e+02
3.748879999999999768e+02 1.950000000000000000e+02 2.801477355957031250e+02
3.752239999999999895e+02 1.220000000000000000e+02 2.801415710449218750e+02
3.755609999999999786e+02 1.920000000000000000e+02 2.801399841308593750e+02
3.758969999999999914e+02 1.860000000000000000e+02 2.801411437988281250e+02
3.762330000000000041e+02 2.130000000000000000e+02 2.801305541992187500e+02
3.765690000000000168e+02 1.690000000000000000e+02 2.801314392089843750e+02
3.769060000000000059e+02 2.040000000000000000e+02 2.801315307617187500e+02
3.772420000000000186e+02 2.460000000000000000e+02 2.801337890625000000e+02
3.775779999999999745e+02 6.410000000000000000e+02 2.801356506347656250e+02
3.779150000000000205e+02 3.500000000000000000e+02 2.801434326171875000e+02
3.782509999999999764e+02 3.710000000000000000e+02 2.801288452148437500e+02
3.785869999999999891e+02 3.920000000000000000e+02 2.801363525390625000e+02
3.789239999999999782e+02 4.060000000000000000e+02 2.801411743164062500e+02
3.792599999999999909e+02 4.110000000000000000e+02 2.801376647949218750e+02
3.795969999999999800e+02 5.100000000000000000e+02 2.801375427246093750e+02
3.799329999999999927e+02 3.460000000000000000e+02 2.801366882324218750e+02
3.802690000000000055e+02 1.360000000000000000e+02 2.801391296386718750e+02
3.806059999999999945e+02 3.250000000000000000e+02 2.801414794921875000e+02
3.809420000000000073e+02 2.290000000000000000e+02 2.801330871582031250e+02
3.812780000000000200e+02 2.650000000000000000e+02 2.801340332031250000e+02
3.816139999999999759e+02 1.160000000000000000e+02 2.801528015136718750e+02
3.819510000000000218e+02 2.220000000000000000e+02 2.801326293945312500e+02
3.822869999999999777e+02 9.000000000000000000e+01 2.801459045410156250e+02
3.826229999999999905e+02 2.070000000000000000e+02 2.801268615722656250e+02
3.829599999999999795e+02 2.040000000000000000e+02 2.801312866210937500e+02
3.832980000000000018e+02 2.590000000000000000e+02 2.801368408203125000e+02
3.836340000000000146e+02 2.110000000000000000e+02 2.801386718750000000e+02
3.839700000000000273e+02 1.160000000000000000e+02 2.801293334960937500e+02
3.843070000000000164e+02 2.860000000000000000e+02 2.801350402832031250e+02
3.846429999999999723e+02 1.470000000000000000e+02 2.801452026367187500e+02
3.849789999999999850e+02 2.950000000000000000e+02 2.801289672851562500e+02
3.853159999999999741e+02 3.160000000000000000e+02 2.801404724121093750e+02
