1.397510000000000048e+02 1.230000000000000000e+02 4.001418151855468750e+02
1.400869999999999891e+02 2.130000000000000000e+02 4.001354675292968750e+02
1.404230000000000018e+02 2.540000000000000000e+02 4.001424255371093750e+02
1.407599999999999909e+02 4.250000000000000000e+02 4.001370849609375000e+02
1.410980000000000132e+02 4.830000000000000000e+02 4.001387634277343750e+02
1.414339999999999975e+02 4.580000000000000000e+02 4.001442871093750000e+02
1.417700000000000102e+02 4.410000000000000000e+02 4.001425476074218750e+02
1.421059999999999945e+02 4.080000000000000000e+02 4.001437683105468750e+02
1.424430000000000121e+02 4.760000000000000000e+02 4.001357727050781250e+02
1.427789999999999964e+02 5.300000000000000000e+02 4.001409606933593750e+02
1.431160000000000139e+02 6.130000000000000000e+02 4.001373596191406250e+02
1.434519999999999982e+02 5.730000000000000000e+02 4.001373901367187500e+02
1.437889999999999873e+02 4.860000000000000000e+02 4.001399230957031250e+02
1.441250000000000000e+02 5.080000000000000000e+02 4.001347961425781250e+02
1.444610000000000127e+02 6.110000000000000000e+02 4.001365661621093750e+02
1.447980000000000018e+02 5.640000000000000000e+02 4.001421813964843750e+02
1.451339999999999861e+02 4.760000000000000000e+02 4.001376647949218750e+02
1.454699999999999989e+02 3.530000000000000000e+02 4.001404418945312500e+02
1.458060000000000116e+02 3.320000000000000000e+02 4.001464538574218750e+02
1.461430000000000007e+02 2.210000000000000000e+02 4.001377563476562500e+02
1.464790000000000134e+02 2.550000000000000000e+02 4.001424560546875000e+02
1.468149999999999977e+02 3.950000000000000000e+02 4.001374511718750000e+02
1.471519999999999868e+02 4.120000000000000000e+02 4.001425781250000000e+02
1.474879999999999995e+02 2.720000000000000000e+02 4.001387329101562500e+02
1.478240000000000123e+02 3.310000000000000000e+02 4.001438598632812500e+02
1.481599999999999966e+02 1.730000000000000000e+02 4.001400146484375000e+02
