6.174239999999999782e+02 2.920000000000000000e+02 4.131186218261718750e+02
6.177599999999999909e+02 2.810000000000000000e+02 4.131208801269531250e+02
6.180960000000000036e+02 3.870000000000000000e+02 4.131157836914062500e+02
6.184320000000000164e+02 4.490000000000000000e+02 4.131178894042968750e+02
6.187680000000000291e+02 5.130000000000000000e+02 4.131117248535156250e+02
6.191040000000000418e+02 6.130000000000000000e+02 4.131194763183593750e+02
6.194400000000000546e+02 5.290000000000000000e+02 4.131136169433593750e+02
6.197759999999999536e+02 3.800000000000000000e+02 4.131234436035156250e+02
6.201119999999999663e+02 5.380000000000000000e+02 4.131211853027343750e+02
6.204539999999999509e+02 6.010000000000000000e+02 4.131215209960937500e+02
6.207899999999999636e+02 4.650000000000000000e+02 4.131141967773437500e+02
6.211259999999999764e+02 3.810000000000000000e+02 4.131141662597656250e+02
6.214619999999999891e+02 2.190000000000000000e+02 4.131136474609375000e+02
6.217980000000000018e+02 2.220000000000000000e+02 4.131233520507812500e+02
6.221340000000000146e+02 2.310000000000000000e+02 4.131219787597656250e+02
6.224700000000000273e+02 1.690000000000000000e+02 4.131355590820312500e+02
6.228060000000000400e+02 1.410000000000000000e+02 4.131099243164062500e+02
