3.806059999999999945e+02 1.070000000000000000e+02 2.981276245117187500e+02
3.809420000000000073e+02 1.470000000000000000e+02 2.981260070800781250e+02
3.812780000000000200e+02 1.990000000000000000e+02 2.981248168945312500e+02
3.816139999999999759e+02 4.340000000000000000e+02 2.981213989257812500e+02
3.819510000000000218e+02 1.107000000000000000e+03 2.981177368164062500e+02
3.822869999999999777e+02 1.554000000000000000e+03 2.981214294433593750e+02
3.826229999999999905e+02 2.433000000000000000e+03 2.981194152832031250e+02
3.829599999999999795e+02 3.408000000000000000e+03 2.981198120117187500e+02
3.832980000000000018e+02 4.411000000000000000e+03 2.981196289062500000e+02
3.836340000000000146e+02 5.044000000000000000e+03 2.981210327148437500e+02
3.839700000000000273e+02 5.315000000000000000e+03 2.981190185546875000e+02
3.843070000000000164e+02 5.048000000000000000e+03 2.981192321777343750e+02
3.846429999999999723e+02 4.198000000000000000e+03 2.981212158203125000e+02
3.849789999999999850e+02 3.439000000000000000e+03 2.981204528808593750e+02
3.853159999999999741e+02 2.662000000000000000e+03 2.981201782226562500e+02
3.856519999999999868e+02 2.012000000000000000e+03 2.981203918457031250e+02
3.859879999999999995e+02 1.293000000000000000e+03 2.981217041015625000e+02
3.863240000000000123e+02 9.110000000000000000e+02 2.981210632324218750e+02
3.866610000000000014e+02 7.220000000000000000e+02 2.981216735839843750e+02
3.869970000000000141e+02 7.460000000000000000e+02 2.981217346191406250e+02
3.873330000000000268e+02 2.650000000000000000e+02 2.981230163574218750e+02
3.876700000000000159e+02 2.590000000000000000e+02 2.981111755371093750e+02
3.880059999999999718e+02 1.410000000000000000e+02 2.981208190917968750e+02
3.883419999999999845e+02 2.120000000000000000e+02 2.981179809570312500e+02
3.886779999999999973e+02 9.900000000000000000e+01 2.981150512695312500e+02
