2.107290000000000134e+02 7.200000000000000000e+01 1.450536193847656250e+02
2.110649999999999977e+02 1.120000000000000000e+02 1.450549621582031250e+02
2.114010000000000105e+02 1.910000000000000000e+02 1.450501861572265625e+02
2.117390000000000043e+02 1.520000000000000000e+02 1.450526428222656250e+02
2.120749999999999886e+02 2.550000000000000000e+02 1.450488128662109375e+02
2.124120000000000061e+02 3.060000000000000000e+02 1.450515441894531250e+02
2.127479999999999905e+02 3.370000000000000000e+02 1.450506591796875000e+02
2.130840000000000032e+02 2.780000000000000000e+02 1.450514068603515625e+02
2.134209999999999923e+02 5.360000000000000000e+02 1.450523071289062500e+02
2.137570000000000050e+02 3.480000000000000000e+02 1.450505523681640625e+02
2.140929999999999893e+02 5.810000000000000000e+02 1.450487518310546875e+02
2.144300000000000068e+02 4.820000000000000000e+02 1.450521545410156250e+02
2.147659999999999911e+02 2.000000000000000000e+02 1.450488586425781250e+02
2.151020000000000039e+02 2.700000000000000000e+02 1.450537414550781250e+02
2.154389999999999930e+02 2.730000000000000000e+02 1.450486297607421875e+02
2.157750000000000057e+02 2.450000000000000000e+02 1.450542907714843750e+02
2.161109999999999900e+02 2.270000000000000000e+02 1.450465240478515625e+02
2.164470000000000027e+02 3.470000000000000000e+02 1.450471649169921875e+02
2.167839999999999918e+02 1.730000000000000000e+02 1.450409545898437500e+02
2.171200000000000045e+02 2.640000000000000000e+02 1.450474853515625000e+02
2.174559999999999889e+02 2.210000000000000000e+02 1.450434570312500000e+02
2.177930000000000064e+02 1.190000000000000000e+02 1.450460662841796875e+02
2.181289999999999907e+02 1.800000000000000000e+02 1.450385437011718750e+02
2.184660000000000082e+02 8.300000000000000000e+01 1.450465087890625000e+02
2.188019999999999925e+02 1.210000000000000000e+02 1.450489959716796875e+02
