1.350409999999999968e+02 1.020000000000000000e+02 6.540233154296875000e+02
1.353779999999999859e+02 1.060000000000000000e+02 6.540320434570312500e+02
1.357139999999999986e+02 1.380000000000000000e+02 6.540264892578125000e+02
1.360500000000000114e+02 2.110000000000000000e+02 6.540103759765625000e+02
1.363870000000000005e+02 1.710000000000000000e+02 6.540209960937500000e+02
1.367230000000000132e+02 2.270000000000000000e+02 6.540259399414062500e+02
1.370589999999999975e+02 2.590000000000000000e+02 6.540244140625000000e+02
1.373959999999999866e+02 3.320000000000000000e+02 6.540245361328125000e+02
1.377330000000000041e+02 4.590000000000000000e+02 6.540264282226562500e+02
1.380689999999999884e+02 3.630000000000000000e+02 6.540177612304687500e+02
1.384060000000000059e+02 5.740000000000000000e+02 6.540172729492187500e+02
1.387419999999999902e+02 3.180000000000000000e+02 6.540209350585937500e+02
1.390780000000000030e+02 2.850000000000000000e+02 6.540186767578125000e+02
1.394149999999999920e+02 3.280000000000000000e+02 6.540240478515625000e+02
1.397510000000000048e+02 4.210000000000000000e+02 6.540270385742187500e+02
1.400869999999999891e+02 2.950000000000000000e+02 6.540208740234375000e+02
1.404230000000000018e+02 2.540000000000000000e+02 6.540274658203125000e+02
1.407599999999999909e+02 4.020000000000000000e+02 6.540327148437500000e+02
1.410980000000000132e+02 3.830000000000000000e+02 6.540313110351562500e+02
1.414339999999999975e+02 2.330000000000000000e+02 6.540212402343750000e+02
1.417700000000000102e+02 2.990000000000000000e+02 6.540164794921875000e+02
1.421059999999999945e+02 3.150000000000000000e+02 6.540327758789062500e+02
1.424430000000000121e+02 2.880000000000000000e+02 6.540260620117187500e+02
1.427789999999999964e+02 2.880000000000000000e+02 6.540186157226562500e+02
1.431160000000000139e+02 3.110000000000000000e+02 6.540181884765625000e+02
1.434519999999999982e+02 1.800000000000000000e+02 6.540361938476562500e+02
1.437889999999999873e+02 1.940000000000000000e+02 6.540327148437500000e+02
1.441250000000000000e+02 2.460000000000000000e+02 6.540343017578125000e+02
1.444610000000000127e+02 2.400000000000000000e+02 6.540262451171875000e+02
1.447980000000000018e+02 1.820000000000000000e+02 6.540111083984375000e+02
1.451339999999999861e+02 2.200000000000000000e+02 6.540191040039062500e+02
1.454699999999999989e+02 1.120000000000000000e+02 6.540062866210937500e+02
1.458060000000000116e+02 8.600000000000000000e+01 6.540205078125000000e+02
1.461430000000000007e+02 6.700000000000000000e+01 6.540088500976562500e+02
