2.621979999999999791e+02 2.440000000000000000e+02 6.031301269531250000e+02
2.625339999999999918e+02 3.850000000000000000e+02 6.031326904296875000e+02
2.628700000000000045e+02 3.090000000000000000e+02 6.031243286132812500e+02
2.632069999999999936e+02 4.120000000000000000e+02 6.031339721679687500e+02
2.635430000000000064e+02 4.870000000000000000e+02 6.031140136718750000e+02
2.638790000000000191e+02 4.980000000000000000e+02 6.031259155273437500e+02
2.642149999999999750e+02 3.300000000000000000e+02 6.031202392578125000e+02
2.645520000000000209e+02 2.870000000000000000e+02 6.031250000000000000e+02
2.648879999999999768e+02 2.140000000000000000e+02 6.031308593750000000e+02
2.652239999999999895e+02 1.600000000000000000e+02 6.031298828125000000e+02
2.655609999999999786e+02 1.960000000000000000e+02 6.031137084960937500e+02
2.658969999999999914e+02 7.800000000000000000e+01 6.031300048828125000e+02
2.662330000000000041e+02 1.590000000000000000e+02 6.031287841796875000e+02
