1.976100000000000136e+02 5.100000000000000000e+01 4.750121459960937500e+02
1.979470000000000027e+02 1.290000000000000000e+02 4.750236511230468750e+02
1.982829999999999870e+02 2.660000000000000000e+02 4.750238342285156250e+02
1.986189999999999998e+02 2.860000000000000000e+02 4.750223083496093750e+02
1.989559999999999889e+02 3.240000000000000000e+02 4.750206909179687500e+02
1.992920000000000016e+02 4.820000000000000000e+02 4.750247802734375000e+02
1.996279999999999859e+02 3.820000000000000000e+02 4.750227355957031250e+02
1.999639999999999986e+02 3.620000000000000000e+02 4.750202026367187500e+02
2.003009999999999877e+02 2.810000000000000000e+02 4.750234375000000000e+02
2.006370000000000005e+02 2.060000000000000000e+02 4.750307922363281250e+02
2.009730000000000132e+02 2.480000000000000000e+02 4.750211181640625000e+02
2.013100000000000023e+02 2.430000000000000000e+02 4.750215454101562500e+02
2.016479999999999961e+02 1.930000000000000000e+02 4.750223693847656250e+02
2.019840000000000089e+02 1.490000000000000000e+02 4.750247802734375000e+02
2.023199999999999932e+02 7.100000000000000000e+01 4.750150451660156250e+02
2.026570000000000107e+02 1.280000000000000000e+02 4.750155334472656250e+02
2.029929999999999950e+02 8.700000000000000000e+01 4.750234375000000000e+02
