7.644299999999999500e+02 1.988000000000000000e+03 4.632681274414062500e+02
7.647659999999999627e+02 2.313000000000000000e+03 4.632663574218750000e+02
7.651019999999999754e+02 1.714000000000000000e+03 4.632639465332031250e+02
7.654439999999999600e+02 2.082000000000000000e+03 4.632655639648437500e+02
7.657799999999999727e+02 1.347000000000000000e+03 4.632651367187500000e+02
7.661159999999999854e+02 1.258000000000000000e+03 4.632660827636718750e+02
7.664519999999999982e+02 1.514000000000000000e+03 4.632651977539062500e+02
7.667880000000000109e+02 1.193000000000000000e+03 4.632633666992187500e+02
7.671240000000000236e+02 7.140000000000000000e+02 4.632622375488281250e+02
7.674600000000000364e+02 8.040000000000000000e+02 4.632644958496093750e+02
7.677960000000000491e+02 6.940000000000000000e+02 4.632672729492187500e+02
7.681319999999999482e+02 6.820000000000000000e+02 4.632659912109375000e+02
7.684679999999999609e+02 4.800000000000000000e+02 4.632643737792968750e+02
7.688039999999999736e+02 4.690000000000000000e+02 4.632743835449218750e+02
7.691399999999999864e+02 3.520000000000000000e+02 4.632630920410156250e+02
7.694759999999999991e+02 4.530000000000000000e+02 4.632696838378906250e+02
7.698179999999999836e+02 5.380000000000000000e+02 4.632639160156250000e+02
7.701539999999999964e+02 5.720000000000000000e+02 4.632678222656250000e+02
7.704900000000000091e+02 4.260000000000000000e+02 4.632658691406250000e+02
7.708260000000000218e+02 3.460000000000000000e+02 4.632696838378906250e+02
7.711620000000000346e+02 3.420000000000000000e+02 4.632756042480468750e+02
7.714980000000000473e+02 3.970000000000000000e+02 4.632679138183593750e+02
7.718339999999999463e+02 2.020000000000000000e+02 4.632710571289062500e+02
7.721699999999999591e+02 3.650000000000000000e+02 4.632619323730468750e+02
7.725059999999999718e+02 3.840000000000000000e+02 4.632730407714843750e+02
7.728419999999999845e+02 4.020000000000000000e+02 4.632730407714843750e+02
7.731779999999999973e+02 4.090000000000000000e+02 4.632639160156250000e+02
7.735140000000000100e+02 3.080000000000000000e+02 4.632709045410156250e+02
7.738500000000000227e+02 3.870000000000000000e+02 4.632663574218750000e+02
7.741860000000000355e+02 3.020000000000000000e+02 4.632673645019531250e+02
7.745220000000000482e+02 2.910000000000000000e+02 4.632700500488281250e+02
7.748579999999999472e+02 4.790000000000000000e+02 4.632662048339843750e+02
7.751939999999999600e+02 3.270000000000000000e+02 4.632705688476562500e+02
7.755299999999999727e+02 2.170000000000000000e+02 4.632823486328125000e+02
7.758719999999999573e+02 3.340000000000000000e+02 4.632751159667968750e+02
7.762079999999999700e+02 2.370000000000000000e+02 4.632810974121093750e+02
7.765439999999999827e+02 3.010000000000000000e+02 4.632659301757812500e+02
7.768799999999999955e+02 2.840000000000000000e+02 4.632828369140625000e+02
7.772160000000000082e+02 2.730000000000000000e+02 4.632756652832031250e+02
7.775520000000000209e+02 3.530000000000000000e+02 4.632796020507812500e+02
7.778880000000000337e+02 3.920000000000000000e+02 4.632797851562500000e+02
7.782300000000000182e+02 2.630000000000000000e+02 4.632791442871093750e+02
7.785599999999999454e+02 3.360000000000000000e+02 4.632877197265625000e+02
7.789020000000000437e+02 2.560000000000000000e+02 4.632822265625000000e+02
7.792380000000000564e+02 4.810000000000000000e+02 4.632809448242187500e+02
7.795739999999999554e+02 3.330000000000000000e+02 4.632799377441406250e+02
7.799099999999999682e+02 3.070000000000000000e+02 4.632778320312500000e+02
7.802459999999999809e+02 4.250000000000000000e+02 4.632872009277343750e+02
7.805819999999999936e+02 3.520000000000000000e+02 4.632827148437500000e+02
7.809180000000000064e+02 3.630000000000000000e+02 4.632848510742187500e+02
7.812540000000000191e+02 1.870000000000000000e+02 4.632776794433593750e+02
7.815900000000000318e+02 1.760000000000000000e+02 4.632927856445312500e+02
7.819260000000000446e+02 1.850000000000000000e+02 4.632942504882812500e+02
7.822619999999999436e+02 1.180000000000000000e+02 4.632892761230468750e+02
7.825979999999999563e+02 1.440000000000000000e+02 4.632895812988281250e+02
7.829339999999999691e+02 1.270000000000000000e+02 4.632812500000000000e+02
7.832699999999999818e+02 1.860000000000000000e+02 4.632778320312500000e+02
7.836059999999999945e+02 1.140000000000000000e+02 4.632839660644531250e+02
7.839420000000000073e+02 1.300000000000000000e+02 4.632781982421875000e+02
7.842780000000000200e+02 1.450000000000000000e+02 4.632731933593750000e+02
7.846140000000000327e+02 1.550000000000000000e+02 4.632872924804687500e+02
7.849500000000000455e+02 1.520000000000000000e+02 4.632694396972656250e+02
7.852859999999999445e+02 5.200000000000000000e+01 4.632877807617187500e+02
7.856280000000000427e+02 1.490000000000000000e+02 4.632711486816406250e+02
7.859640000000000555e+02 8.700000000000000000e+01 4.632652282714843750e+02
