1.929019999999999868e+02 2.440000000000000000e+02 2.320733337402343750e+02
1.932379999999999995e+02 3.400000000000000000e+02 2.320749511718750000e+02
1.935749999999999886e+02 2.760000000000000000e+02 2.320792999267578125e+02
1.939110000000000014e+02 2.910000000000000000e+02 2.320763549804687500e+02
1.942470000000000141e+02 2.440000000000000000e+02 2.320828247070312500e+02
1.945840000000000032e+02 1.610000000000000000e+02 2.320767974853515625e+02
1.949199999999999875e+02 4.710000000000000000e+02 2.320789947509765625e+02
1.952560000000000002e+02 2.230000000000000000e+02 2.320753479003906250e+02
1.955929999999999893e+02 2.190000000000000000e+02 2.320873565673828125e+02
1.959290000000000020e+02 1.210000000000000000e+02 2.320795288085937500e+02
1.962649999999999864e+02 1.170000000000000000e+02 2.320814971923828125e+02
1.966009999999999991e+02 1.320000000000000000e+02 2.320715789794921875e+02
