8.125380000000000109e+02 1.440000000000000000e+02 7.545317993164062500e+02
8.128740000000000236e+02 1.270000000000000000e+02 7.545100708007812500e+02
8.132100000000000364e+02 1.160000000000000000e+02 7.545181274414062500e+02
8.135460000000000491e+02 1.490000000000000000e+02 7.545241699218750000e+02
8.138819999999999482e+02 1.360000000000000000e+02 7.545434570312500000e+02
8.142179999999999609e+02 1.170000000000000000e+02 7.545216674804687500e+02
8.145539999999999736e+02 1.340000000000000000e+02 7.545382690429687500e+02
8.148899999999999864e+02 1.720000000000000000e+02 7.545173950195312500e+02
8.152259999999999991e+02 1.320000000000000000e+02 7.545190429687500000e+02
8.155620000000000118e+02 1.720000000000000000e+02 7.545145263671875000e+02
8.158980000000000246e+02 1.440000000000000000e+02 7.545244750976562500e+02
8.162340000000000373e+02 1.980000000000000000e+02 7.545153808593750000e+02
8.165700000000000500e+02 1.220000000000000000e+02 7.545248413085937500e+02
8.169120000000000346e+02 1.270000000000000000e+02 7.545289306640625000e+02
8.172480000000000473e+02 1.980000000000000000e+02 7.545300292968750000e+02
8.175839999999999463e+02 2.820000000000000000e+02 7.545198364257812500e+02
8.179199999999999591e+02 1.260000000000000000e+02 7.545219726562500000e+02
8.182559999999999718e+02 2.500000000000000000e+02 7.545241699218750000e+02
8.185919999999999845e+02 2.550000000000000000e+02 7.545272216796875000e+02
8.189279999999999973e+02 2.190000000000000000e+02 7.545231323242187500e+02
8.192640000000000100e+02 2.250000000000000000e+02 7.545205078125000000e+02
8.196000000000000227e+02 1.540000000000000000e+02 7.545265502929687500e+02
8.199360000000000355e+02 2.670000000000000000e+02 7.545238037109375000e+02
8.202720000000000482e+02 2.840000000000000000e+02 7.545266113281250000e+02
8.206140000000000327e+02 2.190000000000000000e+02 7.545239257812500000e+02
8.209439999999999600e+02 2.870000000000000000e+02 7.545274658203125000e+02
8.212859999999999445e+02 2.240000000000000000e+02 7.545200195312500000e+02
8.216219999999999573e+02 2.490000000000000000e+02 7.545109252929687500e+02
8.219579999999999700e+02 2.400000000000000000e+02 7.545266723632812500e+02
8.222939999999999827e+02 2.190000000000000000e+02 7.545272216796875000e+02
8.226299999999999955e+02 3.210000000000000000e+02 7.545310668945312500e+02
8.229660000000000082e+02 3.540000000000000000e+02 7.545200195312500000e+02
8.233020000000000209e+02 3.020000000000000000e+02 7.545211791992187500e+02
8.236380000000000337e+02 3.270000000000000000e+02 7.545133666992187500e+02
8.239740000000000464e+02 3.320000000000000000e+02 7.545282592773437500e+02
8.243099999999999454e+02 3.070000000000000000e+02 7.545286865234375000e+02
8.246459999999999582e+02 4.430000000000000000e+02 7.545245361328125000e+02
8.249819999999999709e+02 3.250000000000000000e+02 7.545221557617187500e+02
8.253179999999999836e+02 4.700000000000000000e+02 7.545241699218750000e+02
8.256539999999999964e+02 3.440000000000000000e+02 7.545297851562500000e+02
8.259900000000000091e+02 5.660000000000000000e+02 7.545226440429687500e+02
8.263260000000000218e+02 3.740000000000000000e+02 7.545338134765625000e+02
8.266620000000000346e+02 4.920000000000000000e+02 7.545304565429687500e+02
8.269980000000000473e+02 3.860000000000000000e+02 7.545214233398437500e+02
8.273400000000000318e+02 3.460000000000000000e+02 7.545246582031250000e+02
8.276760000000000446e+02 4.330000000000000000e+02 7.545230712890625000e+02
8.280119999999999436e+02 3.120000000000000000e+02 7.545323486328125000e+02
8.283479999999999563e+02 4.880000000000000000e+02 7.545209350585937500e+02
8.286839999999999691e+02 7.590000000000000000e+02 7.545165405273437500e+02
8.290199999999999818e+02 4.610000000000000000e+02 7.545223388671875000e+02
8.293559999999999945e+02 4.490000000000000000e+02 7.545286865234375000e+02
8.296920000000000073e+02 4.030000000000000000e+02 7.545256958007812500e+02
8.300280000000000200e+02 4.160000000000000000e+02 7.545250854492187500e+02
8.303640000000000327e+02 4.290000000000000000e+02 7.545375366210937500e+02
8.307000000000000455e+02 5.000000000000000000e+02 7.545328369140625000e+02
8.310359999999999445e+02 5.150000000000000000e+02 7.545272827148437500e+02
8.313719999999999573e+02 7.610000000000000000e+02 7.545184326171875000e+02
8.317079999999999700e+02 4.520000000000000000e+02 7.545252685546875000e+02
8.320499999999999545e+02 6.120000000000000000e+02 7.545226440429687500e+02
8.323859999999999673e+02 5.340000000000000000e+02 7.545270385742187500e+02
8.327219999999999800e+02 5.950000000000000000e+02 7.545246582031250000e+02
8.330579999999999927e+02 6.590000000000000000e+02 7.545240478515625000e+02
8.333940000000000055e+02 5.610000000000000000e+02 7.545243530273437500e+02
8.337300000000000182e+02 5.060000000000000000e+02 7.545234375000000000e+02
8.340660000000000309e+02 5.630000000000000000e+02 7.545308837890625000e+02
8.344020000000000437e+02 6.220000000000000000e+02 7.545261840820312500e+02
8.347380000000000564e+02 7.180000000000000000e+02 7.545254516601562500e+02
8.350739999999999554e+02 6.020000000000000000e+02 7.545255737304687500e+02
8.354099999999999682e+02 6.100000000000000000e+02 7.545256958007812500e+02
8.357459999999999809e+02 7.100000000000000000e+02 7.545229492187500000e+02
8.360819999999999936e+02 6.380000000000000000e+02 7.545179443359375000e+02
8.364180000000000064e+02 7.950000000000000000e+02 7.545208740234375000e+02
8.367540000000000191e+02 6.400000000000000000e+02 7.545159912109375000e+02
8.370900000000000318e+02 8.570000000000000000e+02 7.545301513671875000e+02
8.374320000000000164e+02 7.530000000000000000e+02 7.545269775390625000e+02
8.377680000000000291e+02 5.740000000000000000e+02 7.545260620117187500e+02
8.381040000000000418e+02 7.650000000000000000e+02 7.545225830078125000e+02
8.384400000000000546e+02 9.430000000000000000e+02 7.545253295898437500e+02
8.387759999999999536e+02 8.930000000000000000e+02 7.545216674804687500e+02
8.391119999999999663e+02 6.210000000000000000e+02 7.545275268554687500e+02
8.394479999999999791e+02 6.650000000000000000e+02 7.545280151367187500e+02
8.397839999999999918e+02 7.460000000000000000e+02 7.545175781250000000e+02
