2.941199999999999903e+01 1.180000000000000000e+02 2.470161132812500000e+02
2.974899999999999878e+01 2.410000000000000000e+02 2.470225524902343750e+02
3.008699999999999974e+01 2.280000000000000000e+02 2.470154113769531250e+02
3.042299999999999827e+01 3.130000000000000000e+02 2.470175933837890625e+02
3.075900000000000034e+01 5.340000000000000000e+02 2.470320129394531250e+02
3.109499999999999886e+01 7.420000000000000000e+02 2.470276184082031250e+02
3.143199999999999861e+01 9.780000000000000000e+02 2.470305938720703125e+02
3.176800000000000068e+01 1.636000000000000000e+03 2.470294647216796875e+02
3.210399999999999920e+01 1.389000000000000000e+03 2.470310211181640625e+02
3.244100000000000250e+01 2.077000000000000000e+03 2.470312347412109375e+02
3.277700000000000102e+01 2.130000000000000000e+03 2.470313568115234375e+02
3.311399999999999721e+01 2.451000000000000000e+03 2.470332031250000000e+02
3.345000000000000284e+01 2.726000000000000000e+03 2.470350189208984375e+02
3.378699999999999903e+01 2.896000000000000000e+03 2.470323181152343750e+02
3.412299999999999756e+01 3.417000000000000000e+03 2.470333709716796875e+02
3.445900000000000318e+01 3.643000000000000000e+03 2.470333251953125000e+02
3.479500000000000171e+01 3.466000000000000000e+03 2.470334930419921875e+02
3.513199999999999790e+01 3.465000000000000000e+03 2.470341949462890625e+02
3.546800000000000352e+01 3.692000000000000000e+03 2.470346221923828125e+02
3.580400000000000205e+01 4.125000000000000000e+03 2.470334472656250000e+02
3.614099999999999824e+01 4.081000000000000000e+03 2.470349121093750000e+02
3.647699999999999676e+01 3.863000000000000000e+03 2.470328674316406250e+02
3.681300000000000239e+01 3.616000000000000000e+03 2.470334167480468750e+02
3.714999999999999858e+01 4.040000000000000000e+03 2.470343780517578125e+02
3.748599999999999710e+01 3.805000000000000000e+03 2.470334472656250000e+02
3.782200000000000273e+01 3.163000000000000000e+03 2.470337829589843750e+02
3.815800000000000125e+01 3.983000000000000000e+03 2.470338439941406250e+02
3.849499999999999744e+01 3.081000000000000000e+03 2.470325622558593750e+02
3.883100000000000307e+01 3.315000000000000000e+03 2.470301513671875000e+02
3.916700000000000159e+01 3.289000000000000000e+03 2.470345458984375000e+02
3.950399999999999778e+01 3.153000000000000000e+03 2.470357208251953125e+02
3.984000000000000341e+01 2.819000000000000000e+03 2.470356597900390625e+02
4.017799999999999727e+01 2.612000000000000000e+03 2.470315856933593750e+02
4.051400000000000290e+01 2.533000000000000000e+03 2.470346984863281250e+02
4.085099999999999909e+01 2.926000000000000000e+03 2.470328216552734375e+02
4.118699999999999761e+01 2.719000000000000000e+03 2.470344085693359375e+02
4.152300000000000324e+01 2.499000000000000000e+03 2.470326843261718750e+02
4.185999999999999943e+01 2.719000000000000000e+03 2.470358886718750000e+02
4.219599999999999795e+01 3.037000000000000000e+03 2.470369567871093750e+02
4.253300000000000125e+01 1.643000000000000000e+03 2.470398101806640625e+02
4.286899999999999977e+01 1.266000000000000000e+03 2.470342559814453125e+02
4.320499999999999829e+01 8.150000000000000000e+02 2.470373382568359375e+02
4.354099999999999682e+01 7.650000000000000000e+02 2.470423126220703125e+02
4.387800000000000011e+01 9.440000000000000000e+02 2.470402984619140625e+02
4.421399999999999864e+01 9.960000000000000000e+02 2.470391235351562500e+02
4.454999999999999716e+01 1.280000000000000000e+03 2.470354003906250000e+02
4.488700000000000045e+01 1.364000000000000000e+03 2.470335845947265625e+02
4.522299999999999898e+01 1.935000000000000000e+03 2.470354003906250000e+02
4.555899999999999750e+01 1.931000000000000000e+03 2.470310211181640625e+02
4.589600000000000080e+01 2.508000000000000000e+03 2.470341949462890625e+02
4.623199999999999932e+01 2.259000000000000000e+03 2.470332641601562500e+02
4.656799999999999784e+01 2.459000000000000000e+03 2.470320129394531250e+02
4.690400000000000347e+01 2.029000000000000000e+03 2.470306243896484375e+02
4.724099999999999966e+01 2.066000000000000000e+03 2.470330657958984375e+02
4.757699999999999818e+01 1.977000000000000000e+03 2.470305023193359375e+02
4.791299999999999670e+01 1.570000000000000000e+03 2.470292053222656250e+02
4.825000000000000000e+01 1.863000000000000000e+03 2.470338287353515625e+02
4.858599999999999852e+01 1.771000000000000000e+03 2.470293579101562500e+02
4.892300000000000182e+01 1.704000000000000000e+03 2.470269775390625000e+02
4.925900000000000034e+01 1.446000000000000000e+03 2.470324707031250000e+02
4.959599999999999653e+01 1.550000000000000000e+03 2.470284271240234375e+02
4.993200000000000216e+01 1.469000000000000000e+03 2.470301208496093750e+02
5.027000000000000313e+01 1.303000000000000000e+03 2.470230560302734375e+02
