2.460490000000000066e+02 1.140000000000000000e+02 1.390805358886718750e+02
2.463859999999999957e+02 1.010000000000000000e+02 1.390700225830078125e+02
2.467220000000000084e+02 5.700000000000000000e+01 1.390767974853515625e+02
2.470579999999999927e+02 1.210000000000000000e+02 1.390729675292968750e+02
2.473950000000000102e+02 2.560000000000000000e+02 1.390715789794921875e+02
2.477309999999999945e+02 4.590000000000000000e+02 1.390759887695312500e+02
2.480670000000000073e+02 2.470000000000000000e+02 1.390750122070312500e+02
2.484029999999999916e+02 3.530000000000000000e+02 1.390718994140625000e+02
2.487400000000000091e+02 2.630000000000000000e+02 1.390771331787109375e+02
2.490759999999999934e+02 2.350000000000000000e+02 1.390744628906250000e+02
2.494120000000000061e+02 2.050000000000000000e+02 1.390764160156250000e+02
2.497489999999999952e+02 1.460000000000000000e+02 1.390786285400390625e+02
2.500850000000000080e+02 1.410000000000000000e+02 1.390763397216796875e+02
2.504209999999999923e+02 1.760000000000000000e+02 1.390816802978515625e+02
2.507580000000000098e+02 1.800000000000000000e+02 1.390789184570312500e+02
2.510939999999999941e+02 8.000000000000000000e+01 1.390756378173828125e+02
2.514300000000000068e+02 6.300000000000000000e+01 1.390813598632812500e+02
2.517669999999999959e+02 9.200000000000000000e+01 1.390754852294921875e+02
2.521049999999999898e+02 4.600000000000000000e+01 1.390787200927734375e+02
2.524410000000000025e+02 7.300000000000000000e+01 1.390812988281250000e+02
2.527769999999999868e+02 1.110000000000000000e+02 1.390750885009765625e+02
2.531140000000000043e+02 3.800000000000000000e+01 1.390775299072265625e+02
2.534509999999999934e+02 5.500000000000000000e+01 1.390871429443359375e+02
2.537870000000000061e+02 6.700000000000000000e+01 1.390736694335937500e+02
