2.867529999999999859e+02 2.220000000000000000e+02 6.631351928710937500e+02
2.870889999999999986e+02 1.990000000000000000e+02 6.631436157226562500e+02
2.874250000000000114e+02 2.350000000000000000e+02 6.631182861328125000e+02
2.877620000000000005e+02 2.740000000000000000e+02 6.631187744140625000e+02
2.880980000000000132e+02 4.570000000000000000e+02 6.631271362304687500e+02
2.884340000000000259e+02 3.880000000000000000e+02 6.631307983398437500e+02
2.887710000000000150e+02 4.260000000000000000e+02 6.631121215820312500e+02
2.891070000000000277e+02 3.020000000000000000e+02 6.631235351562500000e+02
2.894429999999999836e+02 3.740000000000000000e+02 6.631232910156250000e+02
2.897789999999999964e+02 4.370000000000000000e+02 6.631206054687500000e+02
2.901159999999999854e+02 2.750000000000000000e+02 6.631234741210937500e+02
2.904519999999999982e+02 2.750000000000000000e+02 6.631231079101562500e+02
2.907880000000000109e+02 2.880000000000000000e+02 6.631193847656250000e+02
2.911250000000000000e+02 2.400000000000000000e+02 6.631236572265625000e+02
2.914610000000000127e+02 1.830000000000000000e+02 6.631315307617187500e+02
2.917970000000000255e+02 1.900000000000000000e+02 6.631371459960937500e+02
2.921340000000000146e+02 9.300000000000000000e+01 6.631318969726562500e+02
2.924719999999999800e+02 1.900000000000000000e+02 6.631309814453125000e+02
