8.404560000000000173e+02 9.200000000000000000e+01 3.552695007324218750e+02
8.407920000000000300e+02 1.510000000000000000e+02 3.552704467773437500e+02
8.411280000000000427e+02 6.100000000000000000e+01 3.552566528320312500e+02
8.414640000000000555e+02 1.790000000000000000e+02 3.552716369628906250e+02
8.417999999999999545e+02 9.200000000000000000e+01 3.552713317871093750e+02
8.421359999999999673e+02 3.010000000000000000e+02 3.552766723632812500e+02
8.424719999999999800e+02 2.300000000000000000e+02 3.552810974121093750e+02
8.428139999999999645e+02 2.740000000000000000e+02 3.552775878906250000e+02
8.431499999999999773e+02 3.460000000000000000e+02 3.552784423828125000e+02
8.434859999999999900e+02 2.460000000000000000e+02 3.552772216796875000e+02
8.438220000000000027e+02 2.780000000000000000e+02 3.552804870605468750e+02
8.441580000000000155e+02 3.410000000000000000e+02 3.552753601074218750e+02
8.444940000000000282e+02 3.670000000000000000e+02 3.552780761718750000e+02
8.448300000000000409e+02 3.130000000000000000e+02 3.552784118652343750e+02
8.451660000000000537e+02 3.920000000000000000e+02 3.552710266113281250e+02
8.455019999999999527e+02 4.110000000000000000e+02 3.552738952636718750e+02
8.458379999999999654e+02 4.010000000000000000e+02 3.552831726074218750e+02
8.461739999999999782e+02 3.530000000000000000e+02 3.552770690917968750e+02
8.465099999999999909e+02 4.310000000000000000e+02 3.552763671875000000e+02
8.468460000000000036e+02 3.010000000000000000e+02 3.552720642089843750e+02
8.471820000000000164e+02 3.630000000000000000e+02 3.552733154296875000e+02
8.475180000000000291e+02 3.690000000000000000e+02 3.552813415527343750e+02
8.478540000000000418e+02 2.690000000000000000e+02 3.552772521972656250e+02
8.481960000000000264e+02 2.860000000000000000e+02 3.552728576660156250e+02
8.485320000000000391e+02 2.610000000000000000e+02 3.552744140625000000e+02
8.488680000000000518e+02 3.340000000000000000e+02 3.552756042480468750e+02
8.492039999999999509e+02 3.020000000000000000e+02 3.552695617675781250e+02
8.495399999999999636e+02 3.100000000000000000e+02 3.552742004394531250e+02
8.498759999999999764e+02 3.020000000000000000e+02 3.552745056152343750e+02
8.502119999999999891e+02 2.060000000000000000e+02 3.552752380371093750e+02
8.505480000000000018e+02 3.220000000000000000e+02 3.552720031738281250e+02
8.508840000000000146e+02 1.080000000000000000e+02 3.552604675292968750e+02
8.512200000000000273e+02 1.690000000000000000e+02 3.552847595214843750e+02
