4.623199999999999932e+01 3.639000000000000000e+03 1.350434722900390625e+02
4.656799999999999784e+01 2.586000000000000000e+03 1.350435943603515625e+02
4.690400000000000347e+01 2.153000000000000000e+03 1.350432891845703125e+02
4.724099999999999966e+01 1.406000000000000000e+03 1.350433502197265625e+02
4.757699999999999818e+01 1.308000000000000000e+03 1.350435028076171875e+02
4.791299999999999670e+01 1.002000000000000000e+03 1.350447692871093750e+02
4.825000000000000000e+01 6.690000000000000000e+02 1.350430755615234375e+02
4.858599999999999852e+01 5.730000000000000000e+02 1.350424804687500000e+02
4.892300000000000182e+01 5.210000000000000000e+02 1.350415039062500000e+02
4.925900000000000034e+01 6.940000000000000000e+02 1.350427551269531250e+02
4.959599999999999653e+01 5.070000000000000000e+02 1.350409851074218750e+02
4.993200000000000216e+01 5.280000000000000000e+02 1.350449676513671875e+02
5.027000000000000313e+01 3.760000000000000000e+02 1.350424957275390625e+02
5.060600000000000165e+01 1.940000000000000000e+02 1.350497283935546875e+02
5.094299999999999784e+01 3.550000000000000000e+02 1.350433349609375000e+02
5.127900000000000347e+01 3.410000000000000000e+02 1.350442352294921875e+02
5.161500000000000199e+01 3.260000000000000000e+02 1.350426483154296875e+02
5.195100000000000051e+01 2.280000000000000000e+02 1.350406494140625000e+02
5.228799999999999670e+01 4.620000000000000000e+02 1.350421905517578125e+02
5.262400000000000233e+01 2.190000000000000000e+02 1.350393676757812500e+02
5.296000000000000085e+01 3.290000000000000000e+02 1.350419158935546875e+02
5.329699999999999704e+01 1.890000000000000000e+02 1.350405578613281250e+02
5.363300000000000267e+01 1.500000000000000000e+02 1.350407867431640625e+02
5.396900000000000119e+01 2.730000000000000000e+02 1.350410919189453125e+02
5.430599999999999739e+01 2.430000000000000000e+02 1.350393218994140625e+02
5.464200000000000301e+01 3.090000000000000000e+02 1.350403137207031250e+02
5.497800000000000153e+01 3.180000000000000000e+02 1.350431671142578125e+02
5.531400000000000006e+01 2.660000000000000000e+02 1.350397186279296875e+02
5.565100000000000335e+01 1.170000000000000000e+02 1.350465850830078125e+02
5.598700000000000188e+01 2.750000000000000000e+02 1.350431060791015625e+02
5.632300000000000040e+01 1.600000000000000000e+02 1.350442657470703125e+02
5.665999999999999659e+01 2.800000000000000000e+02 1.350388336181640625e+02
5.699600000000000222e+01 2.400000000000000000e+02 1.350444946289062500e+02
5.733200000000000074e+01 1.830000000000000000e+02 1.350442352294921875e+02
5.766899999999999693e+01 1.090000000000000000e+02 1.350406646728515625e+02
5.800500000000000256e+01 3.640000000000000000e+02 1.350448608398437500e+02
5.834100000000000108e+01 2.360000000000000000e+02 1.350399475097656250e+02
5.867799999999999727e+01 2.560000000000000000e+02 1.350397949218750000e+02
5.901400000000000290e+01 1.450000000000000000e+02 1.350449218750000000e+02
5.935000000000000142e+01 2.580000000000000000e+02 1.350411682128906250e+02
5.968599999999999994e+01 3.160000000000000000e+02 1.350432739257812500e+02
6.002279999999999660e+01 1.970000000000000000e+02 1.350434722900390625e+02
6.036119999999999663e+01 2.250000000000000000e+02 1.350447998046875000e+02
6.069720000000000226e+01 2.920000000000000000e+02 1.350446319580078125e+02
6.103320000000000078e+01 4.170000000000000000e+02 1.350453643798828125e+02
6.136979999999999791e+01 2.780000000000000000e+02 1.350447082519531250e+02
6.170580000000000354e+01 3.270000000000000000e+02 1.350403137207031250e+02
6.204180000000000206e+01 2.680000000000000000e+02 1.350437164306640625e+02
6.237780000000000058e+01 2.020000000000000000e+02 1.350458831787109375e+02
6.271500000000000341e+01 6.100000000000000000e+01 1.350489959716796875e+02
6.305100000000000193e+01 1.350000000000000000e+02 1.350391845703125000e+02
6.338700000000000045e+01 1.100000000000000000e+02 1.350396881103515625e+02
6.372599999999999909e+01 2.440000000000000000e+02 1.350419464111328125e+02
6.406199999999999761e+01 1.670000000000000000e+02 1.350444641113281250e+02
6.439919999999999334e+01 1.690000000000000000e+02 1.350418853759765625e+02
6.473520000000000607e+01 1.740000000000000000e+02 1.350423889160156250e+02
6.507179999999999609e+01 1.770000000000000000e+02 1.350396423339843750e+02
6.540779999999999461e+01 2.610000000000000000e+02 1.350425720214843750e+02
6.574500000000000455e+01 1.840000000000000000e+02 1.350435333251953125e+02
6.608100000000000307e+01 2.160000000000000000e+02 1.350454559326171875e+02
6.641700000000000159e+01 1.690000000000000000e+02 1.350429077148437500e+02
6.675419999999999732e+01 1.890000000000000000e+02 1.350469360351562500e+02
6.709019999999999584e+01 1.660000000000000000e+02 1.350423126220703125e+02
6.742619999999999436e+01 1.990000000000000000e+02 1.350430297851562500e+02
6.776220000000000709e+01 1.370000000000000000e+02 1.350400543212890625e+02
6.809879999999999711e+01 1.940000000000000000e+02 1.350484313964843750e+02
6.843479999999999563e+01 1.050000000000000000e+02 1.350384216308593750e+02
6.877079999999999416e+01 1.450000000000000000e+02 1.350373992919921875e+02
6.910800000000000409e+01 5.600000000000000000e+01 1.350345764160156250e+02
6.944400000000000261e+01 1.170000000000000000e+02 1.350380096435546875e+02
6.978000000000000114e+01 1.830000000000000000e+02 1.350412750244140625e+02
7.011719999999999686e+01 1.300000000000000000e+02 1.350424652099609375e+02
7.045499999999999829e+01 1.900000000000000000e+02 1.350391998291015625e+02
7.079099999999999682e+01 2.510000000000000000e+02 1.350395507812500000e+02
7.112699999999999534e+01 6.200000000000000000e+01 1.350415802001953125e+02
7.146299999999999386e+01 1.760000000000000000e+02 1.350434875488281250e+02
7.180020000000000380e+01 2.050000000000000000e+02 1.350413818359375000e+02
7.213620000000000232e+01 2.700000000000000000e+02 1.350457305908203125e+02
7.247220000000000084e+01 7.900000000000000000e+01 1.350363159179687500e+02
7.280819999999999936e+01 1.650000000000000000e+02 1.350440368652343750e+02
7.314480000000000359e+01 1.840000000000000000e+02 1.350419921875000000e+02
7.348080000000000211e+01 1.920000000000000000e+02 1.350422973632812500e+02
7.381680000000000064e+01 2.970000000000000000e+02 1.350442352294921875e+02
7.415399999999999636e+01 3.110000000000000000e+02 1.350431518554687500e+02
7.448999999999999488e+01 2.110000000000000000e+02 1.350408630371093750e+02
7.482599999999999341e+01 1.540000000000000000e+02 1.350422668457031250e+02
7.516320000000000334e+01 1.950000000000000000e+02 1.350451049804687500e+02
7.549920000000000186e+01 9.000000000000000000e+01 1.350462799072265625e+02
