2.591689999999999827e+02 5.000000000000000000e+01 1.910619049072265625e+02
2.595049999999999955e+02 4.800000000000000000e+01 1.910619812011718750e+02
2.598419999999999845e+02 2.150000000000000000e+02 1.910746002197265625e+02
2.601779999999999973e+02 1.170000000000000000e+02 1.910729980468750000e+02
2.605140000000000100e+02 4.160000000000000000e+02 1.910693511962890625e+02
2.608509999999999991e+02 3.040000000000000000e+02 1.910679016113281250e+02
2.611870000000000118e+02 3.020000000000000000e+02 1.910778503417968750e+02
2.615230000000000246e+02 1.980000000000000000e+02 1.910684051513671875e+02
2.618600000000000136e+02 3.920000000000000000e+02 1.910655364990234375e+02
2.621979999999999791e+02 1.130000000000000000e+02 1.910803375244140625e+02
2.625339999999999918e+02 4.060000000000000000e+02 1.910704345703125000e+02
2.628700000000000045e+02 3.980000000000000000e+02 1.910715484619140625e+02
2.632069999999999936e+02 2.660000000000000000e+02 1.910761413574218750e+02
2.635430000000000064e+02 3.170000000000000000e+02 1.910677947998046875e+02
2.638790000000000191e+02 2.600000000000000000e+02 1.910679779052734375e+02
2.642149999999999750e+02 2.830000000000000000e+02 1.910678253173828125e+02
2.645520000000000209e+02 2.470000000000000000e+02 1.910673522949218750e+02
2.648879999999999768e+02 1.920000000000000000e+02 1.910583953857421875e+02
2.652239999999999895e+02 1.100000000000000000e+02 1.910600738525390625e+02
