8.761140000000000327e+02 3.790000000000000000e+02 7.555172729492187500e+02
8.764500000000000455e+02 5.990000000000000000e+02 7.555142822265625000e+02
8.767859999999999445e+02 3.730000000000000000e+02 7.555169067382812500e+02
8.771219999999999573e+02 4.400000000000000000e+02 7.555115356445312500e+02
8.774579999999999700e+02 4.000000000000000000e+02 7.555174560546875000e+02
8.777939999999999827e+02 3.890000000000000000e+02 7.555201416015625000e+02
8.781299999999999955e+02 2.730000000000000000e+02 7.555151977539062500e+02
8.784660000000000082e+02 2.980000000000000000e+02 7.555333251953125000e+02
8.788020000000000209e+02 4.380000000000000000e+02 7.555092163085937500e+02
8.791380000000000337e+02 4.010000000000000000e+02 7.555117187500000000e+02
8.794800000000000182e+02 3.790000000000000000e+02 7.555189819335937500e+02
8.798099999999999454e+02 4.190000000000000000e+02 7.555136718750000000e+02
8.801520000000000437e+02 3.920000000000000000e+02 7.555227050781250000e+02
8.804880000000000564e+02 2.990000000000000000e+02 7.555136108398437500e+02
8.808239999999999554e+02 3.700000000000000000e+02 7.555214233398437500e+02
8.811599999999999682e+02 3.030000000000000000e+02 7.555137939453125000e+02
8.814959999999999809e+02 3.310000000000000000e+02 7.555145874023437500e+02
8.818319999999999936e+02 4.890000000000000000e+02 7.555177001953125000e+02
8.821680000000000064e+02 3.060000000000000000e+02 7.555100097656250000e+02
8.825040000000000191e+02 3.330000000000000000e+02 7.555159912109375000e+02
8.828400000000000318e+02 3.390000000000000000e+02 7.555041503906250000e+02
8.831760000000000446e+02 3.660000000000000000e+02 7.555051269531250000e+02
8.835119999999999436e+02 3.120000000000000000e+02 7.555131835937500000e+02
8.838479999999999563e+02 3.490000000000000000e+02 7.555365600585937500e+02
8.841839999999999691e+02 4.160000000000000000e+02 7.555134887695312500e+02
8.845199999999999818e+02 4.130000000000000000e+02 7.555184936523437500e+02
8.848619999999999663e+02 3.590000000000000000e+02 7.555178222656250000e+02
8.851979999999999791e+02 3.230000000000000000e+02 7.555206909179687500e+02
8.855339999999999918e+02 5.460000000000000000e+02 7.555079956054687500e+02
8.858700000000000045e+02 2.520000000000000000e+02 7.555136108398437500e+02
8.862060000000000173e+02 2.480000000000000000e+02 7.555109252929687500e+02
8.865420000000000300e+02 2.640000000000000000e+02 7.555034790039062500e+02
8.868780000000000427e+02 2.120000000000000000e+02 7.555121459960937500e+02
8.872140000000000555e+02 3.470000000000000000e+02 7.555164794921875000e+02
8.875499999999999545e+02 3.550000000000000000e+02 7.555116577148437500e+02
8.878859999999999673e+02 2.350000000000000000e+02 7.555205688476562500e+02
8.882219999999999800e+02 3.450000000000000000e+02 7.555213623046875000e+02
8.885579999999999927e+02 4.170000000000000000e+02 7.555162963867187500e+02
8.888940000000000055e+02 3.820000000000000000e+02 7.555076293945312500e+02
8.892300000000000182e+02 3.030000000000000000e+02 7.555169067382812500e+02
8.895720000000000027e+02 3.230000000000000000e+02 7.555244140625000000e+02
8.899080000000000155e+02 3.860000000000000000e+02 7.555063476562500000e+02
8.902380000000000564e+02 4.140000000000000000e+02 7.555175781250000000e+02
8.905800000000000409e+02 3.600000000000000000e+02 7.555041503906250000e+02
8.909160000000000537e+02 2.680000000000000000e+02 7.555175170898437500e+02
8.912519999999999527e+02 3.450000000000000000e+02 7.555047607421875000e+02
8.915879999999999654e+02 3.690000000000000000e+02 7.555089721679687500e+02
