1.918930000000000007e+02 4.330000000000000000e+02 3.151369934082031250e+02
1.922299999999999898e+02 5.810000000000000000e+02 3.151360473632812500e+02
1.925660000000000025e+02 4.250000000000000000e+02 3.151431884765625000e+02
1.929019999999999868e+02 4.980000000000000000e+02 3.151347045898437500e+02
1.932379999999999995e+02 4.380000000000000000e+02 3.151369934082031250e+02
1.935749999999999886e+02 3.230000000000000000e+02 3.151356811523437500e+02
1.939110000000000014e+02 2.860000000000000000e+02 3.151251831054687500e+02
1.942470000000000141e+02 2.970000000000000000e+02 3.151260070800781250e+02
1.945840000000000032e+02 2.240000000000000000e+02 3.151296997070312500e+02
1.949199999999999875e+02 2.920000000000000000e+02 3.151268005371093750e+02
1.952560000000000002e+02 2.110000000000000000e+02 3.151440124511718750e+02
1.955929999999999893e+02 3.030000000000000000e+02 3.151302795410156250e+02
1.959290000000000020e+02 2.100000000000000000e+02 3.151235961914062500e+02
1.962649999999999864e+02 1.640000000000000000e+02 3.151370849609375000e+02
1.966009999999999991e+02 2.080000000000000000e+02 3.151256713867187500e+02
1.969379999999999882e+02 1.520000000000000000e+02 3.151259460449218750e+02
1.972740000000000009e+02 1.600000000000000000e+02 3.151339416503906250e+02
1.976100000000000136e+02 1.440000000000000000e+02 3.151309814453125000e+02
1.979470000000000027e+02 1.950000000000000000e+02 3.151332092285156250e+02
1.982829999999999870e+02 2.230000000000000000e+02 3.151412353515625000e+02
1.986189999999999998e+02 2.500000000000000000e+02 3.151438598632812500e+02
1.989559999999999889e+02 3.680000000000000000e+02 3.151421813964843750e+02
1.992920000000000016e+02 2.900000000000000000e+02 3.151357421875000000e+02
1.996279999999999859e+02 4.580000000000000000e+02 3.151395263671875000e+02
1.999639999999999986e+02 5.470000000000000000e+02 3.151362304687500000e+02
2.003009999999999877e+02 6.130000000000000000e+02 3.151365356445312500e+02
2.006370000000000005e+02 4.850000000000000000e+02 3.151380615234375000e+02
2.009730000000000132e+02 6.560000000000000000e+02 3.151361389160156250e+02
2.013100000000000023e+02 7.180000000000000000e+02 3.151318054199218750e+02
2.016479999999999961e+02 4.460000000000000000e+02 3.151371154785156250e+02
2.019840000000000089e+02 3.780000000000000000e+02 3.151340026855468750e+02
2.023199999999999932e+02 4.590000000000000000e+02 3.151366882324218750e+02
2.026570000000000107e+02 2.980000000000000000e+02 3.151376342773437500e+02
2.029929999999999950e+02 1.910000000000000000e+02 3.151196899414062500e+02
2.033290000000000077e+02 3.350000000000000000e+02 3.151272583007812500e+02
2.036659999999999968e+02 1.790000000000000000e+02 3.151316833496093750e+02
2.040020000000000095e+02 1.930000000000000000e+02 3.151283569335937500e+02
2.043379999999999939e+02 2.410000000000000000e+02 3.151251525878906250e+02
2.046740000000000066e+02 3.470000000000000000e+02 3.151266174316406250e+02
2.050109999999999957e+02 1.960000000000000000e+02 3.151293945312500000e+02
2.053470000000000084e+02 3.910000000000000000e+02 3.151301879882812500e+02
2.056829999999999927e+02 2.790000000000000000e+02 3.151363830566406250e+02
2.060200000000000102e+02 2.870000000000000000e+02 3.151259765625000000e+02
2.063559999999999945e+02 3.770000000000000000e+02 3.151342468261718750e+02
2.066930000000000121e+02 4.130000000000000000e+02 3.151306457519531250e+02
2.070289999999999964e+02 3.720000000000000000e+02 3.151239929199218750e+02
2.073660000000000139e+02 4.110000000000000000e+02 3.151348266601562500e+02
2.077019999999999982e+02 3.530000000000000000e+02 3.151369934082031250e+02
2.080380000000000109e+02 5.820000000000000000e+02 3.151319274902343750e+02
2.083739999999999952e+02 2.630000000000000000e+02 3.151352844238281250e+02
2.087110000000000127e+02 1.820000000000000000e+02 3.151294250488281250e+02
2.090469999999999970e+02 2.080000000000000000e+02 3.151390075683593750e+02
2.093830000000000098e+02 1.820000000000000000e+02 3.151257324218750000e+02
2.097199999999999989e+02 1.620000000000000000e+02 3.151324768066406250e+02
2.100560000000000116e+02 2.010000000000000000e+02 3.151266784667968750e+02
2.103919999999999959e+02 2.130000000000000000e+02 3.151289978027343750e+02
2.107290000000000134e+02 2.560000000000000000e+02 3.151303710937500000e+02
2.110649999999999977e+02 2.200000000000000000e+02 3.151366577148437500e+02
2.114010000000000105e+02 1.940000000000000000e+02 3.151391601562500000e+02
2.117390000000000043e+02 1.910000000000000000e+02 3.151296386718750000e+02
2.120749999999999886e+02 2.720000000000000000e+02 3.151326293945312500e+02
2.124120000000000061e+02 2.950000000000000000e+02 3.151336059570312500e+02
2.127479999999999905e+02 2.510000000000000000e+02 3.151343994140625000e+02
2.130840000000000032e+02 2.130000000000000000e+02 3.151290893554687500e+02
2.134209999999999923e+02 2.970000000000000000e+02 3.151420288085937500e+02
2.137570000000000050e+02 2.410000000000000000e+02 3.151339111328125000e+02
2.140929999999999893e+02 2.720000000000000000e+02 3.151375122070312500e+02
2.144300000000000068e+02 2.260000000000000000e+02 3.151272888183593750e+02
2.147659999999999911e+02 3.090000000000000000e+02 3.151301574707031250e+02
2.151020000000000039e+02 4.160000000000000000e+02 3.151363525390625000e+02
2.154389999999999930e+02 3.520000000000000000e+02 3.151344909667968750e+02
2.157750000000000057e+02 3.190000000000000000e+02 3.151358337402343750e+02
2.161109999999999900e+02 3.470000000000000000e+02 3.151371765136718750e+02
2.164470000000000027e+02 4.100000000000000000e+02 3.151313171386718750e+02
2.167839999999999918e+02 2.580000000000000000e+02 3.151372680664062500e+02
2.171200000000000045e+02 4.510000000000000000e+02 3.151327819824218750e+02
2.174559999999999889e+02 4.420000000000000000e+02 3.151315307617187500e+02
2.177930000000000064e+02 2.810000000000000000e+02 3.151265258789062500e+02
2.181289999999999907e+02 3.160000000000000000e+02 3.151384277343750000e+02
