8.589600000000000364e+02 2.970000000000000000e+02 2.241029357910156250e+02
8.592960000000000491e+02 2.950000000000000000e+02 2.241066741943359375e+02
8.596319999999999482e+02 2.490000000000000000e+02 2.241055297851562500e+02
8.599679999999999609e+02 3.020000000000000000e+02 2.241033782958984375e+02
8.603039999999999736e+02 2.810000000000000000e+02 2.241041107177734375e+02
8.606399999999999864e+02 2.200000000000000000e+02 2.241070251464843750e+02
8.609759999999999991e+02 2.510000000000000000e+02 2.241053009033203125e+02
8.613120000000000118e+02 3.550000000000000000e+02 2.241021118164062500e+02
8.616480000000000246e+02 2.240000000000000000e+02 2.241037902832031250e+02
8.619840000000000373e+02 2.030000000000000000e+02 2.241076202392578125e+02
8.623200000000000500e+02 3.350000000000000000e+02 2.241048126220703125e+02
8.626559999999999491e+02 4.080000000000000000e+02 2.241071777343750000e+02
8.629919999999999618e+02 2.260000000000000000e+02 2.241034698486328125e+02
8.633279999999999745e+02 1.980000000000000000e+02 2.241059722900390625e+02
8.636639999999999873e+02 3.600000000000000000e+02 2.241059265136718750e+02
8.640059999999999718e+02 3.080000000000000000e+02 2.241074829101562500e+02
8.643419999999999845e+02 2.770000000000000000e+02 2.241052093505859375e+02
8.646779999999999973e+02 3.560000000000000000e+02 2.241098480224609375e+02
8.650140000000000100e+02 4.010000000000000000e+02 2.241046142578125000e+02
8.653500000000000227e+02 3.130000000000000000e+02 2.241095733642578125e+02
8.656860000000000355e+02 2.790000000000000000e+02 2.241047973632812500e+02
8.660220000000000482e+02 2.930000000000000000e+02 2.241037597656250000e+02
8.663579999999999472e+02 1.730000000000000000e+02 2.241016235351562500e+02
8.666939999999999600e+02 2.420000000000000000e+02 2.241088867187500000e+02
8.670299999999999727e+02 2.340000000000000000e+02 2.241077728271484375e+02
8.673659999999999854e+02 3.010000000000000000e+02 2.241080322265625000e+02
8.677019999999999982e+02 2.030000000000000000e+02 2.241091156005859375e+02
8.680439999999999827e+02 2.760000000000000000e+02 2.240976104736328125e+02
8.683799999999999955e+02 2.130000000000000000e+02 2.241049652099609375e+02
8.687100000000000364e+02 2.290000000000000000e+02 2.241108856201171875e+02
8.690520000000000209e+02 2.400000000000000000e+02 2.241066741943359375e+02
8.693880000000000337e+02 1.770000000000000000e+02 2.240984954833984375e+02
8.697240000000000464e+02 2.530000000000000000e+02 2.241055603027343750e+02
8.700599999999999454e+02 1.580000000000000000e+02 2.241012878417968750e+02
8.703959999999999582e+02 2.460000000000000000e+02 2.241042327880859375e+02
8.707319999999999709e+02 2.170000000000000000e+02 2.241102600097656250e+02
8.710679999999999836e+02 3.160000000000000000e+02 2.241064300537109375e+02
8.714039999999999964e+02 3.060000000000000000e+02 2.241055603027343750e+02
8.717400000000000091e+02 2.310000000000000000e+02 2.241108093261718750e+02
8.720760000000000218e+02 3.030000000000000000e+02 2.241023254394531250e+02
8.724120000000000346e+02 2.810000000000000000e+02 2.241032409667968750e+02
8.727480000000000473e+02 3.060000000000000000e+02 2.240985107421875000e+02
8.730839999999999463e+02 2.470000000000000000e+02 2.241097564697265625e+02
8.734199999999999591e+02 2.330000000000000000e+02 2.241033782958984375e+02
8.737559999999999718e+02 4.030000000000000000e+02 2.241085815429687500e+02
8.740919999999999845e+02 2.830000000000000000e+02 2.241061248779296875e+02
8.744279999999999973e+02 2.300000000000000000e+02 2.241042480468750000e+02
8.747699999999999818e+02 3.770000000000000000e+02 2.241058349609375000e+02
8.751059999999999945e+02 2.630000000000000000e+02 2.240977630615234375e+02
8.754420000000000073e+02 2.490000000000000000e+02 2.241015777587890625e+02
8.757780000000000200e+02 2.110000000000000000e+02 2.241003417968750000e+02
8.761140000000000327e+02 1.780000000000000000e+02 2.241032104492187500e+02
8.764500000000000455e+02 2.060000000000000000e+02 2.241033020019531250e+02
8.767859999999999445e+02 3.000000000000000000e+02 2.241045684814453125e+02
8.771219999999999573e+02 2.080000000000000000e+02 2.241044311523437500e+02
8.774579999999999700e+02 2.320000000000000000e+02 2.241055603027343750e+02
8.777939999999999827e+02 2.890000000000000000e+02 2.241066589355468750e+02
8.781299999999999955e+02 3.100000000000000000e+02 2.241051330566406250e+02
8.784660000000000082e+02 2.860000000000000000e+02 2.241050109863281250e+02
8.788020000000000209e+02 3.180000000000000000e+02 2.241087036132812500e+02
8.791380000000000337e+02 1.650000000000000000e+02 2.241042480468750000e+02
8.794800000000000182e+02 2.320000000000000000e+02 2.241027221679687500e+02
8.798099999999999454e+02 2.470000000000000000e+02 2.241062011718750000e+02
8.801520000000000437e+02 3.350000000000000000e+02 2.241065826416015625e+02
8.804880000000000564e+02 2.770000000000000000e+02 2.241033325195312500e+02
8.808239999999999554e+02 3.860000000000000000e+02 2.241093597412109375e+02
8.811599999999999682e+02 2.380000000000000000e+02 2.241046142578125000e+02
8.814959999999999809e+02 2.130000000000000000e+02 2.241011810302734375e+02
8.818319999999999936e+02 2.330000000000000000e+02 2.241061401367187500e+02
8.821680000000000064e+02 3.440000000000000000e+02 2.241082763671875000e+02
8.825040000000000191e+02 1.660000000000000000e+02 2.241073913574218750e+02
8.828400000000000318e+02 2.630000000000000000e+02 2.241047973632812500e+02
8.831760000000000446e+02 2.150000000000000000e+02 2.241029510498046875e+02
8.835119999999999436e+02 2.080000000000000000e+02 2.241116485595703125e+02
8.838479999999999563e+02 1.520000000000000000e+02 2.241099243164062500e+02
8.841839999999999691e+02 2.610000000000000000e+02 2.241016387939453125e+02
8.845199999999999818e+02 1.460000000000000000e+02 2.241093750000000000e+02
8.848619999999999663e+02 2.310000000000000000e+02 2.241037902832031250e+02
8.851979999999999791e+02 2.180000000000000000e+02 2.241089477539062500e+02
8.855339999999999918e+02 2.320000000000000000e+02 2.241112365722656250e+02
8.858700000000000045e+02 2.190000000000000000e+02 2.241035766601562500e+02
8.862060000000000173e+02 3.380000000000000000e+02 2.241039123535156250e+02
8.865420000000000300e+02 3.710000000000000000e+02 2.241034088134765625e+02
8.868780000000000427e+02 2.930000000000000000e+02 2.241053771972656250e+02
8.872140000000000555e+02 2.440000000000000000e+02 2.240991363525390625e+02
8.875499999999999545e+02 3.160000000000000000e+02 2.241065979003906250e+02
8.878859999999999673e+02 2.380000000000000000e+02 2.241053619384765625e+02
8.882219999999999800e+02 2.230000000000000000e+02 2.241059875488281250e+02
