5.252509999999999764e+02 1.290000000000000000e+02 2.310580902099609375e+02
5.255879999999999654e+02 1.040000000000000000e+02 2.310545806884765625e+02
5.259239999999999782e+02 8.300000000000000000e+01 2.310503997802734375e+02
5.262599999999999909e+02 1.420000000000000000e+02 2.310449218750000000e+02
5.265969999999999800e+02 1.490000000000000000e+02 2.310604553222656250e+02
5.269329999999999927e+02 8.800000000000000000e+01 2.310475616455078125e+02
5.272690000000000055e+02 1.180000000000000000e+02 2.310564575195312500e+02
5.276059999999999945e+02 1.500000000000000000e+02 2.310538482666015625e+02
5.279420000000000073e+02 1.980000000000000000e+02 2.310483551025390625e+02
5.282780000000000200e+02 1.470000000000000000e+02 2.310411529541015625e+02
5.286150000000000091e+02 1.810000000000000000e+02 2.310457458496093750e+02
5.289510000000000218e+02 1.200000000000000000e+02 2.310445861816406250e+02
5.292870000000000346e+02 2.740000000000000000e+02 2.310488281250000000e+02
5.296230000000000473e+02 9.200000000000000000e+01 2.310563049316406250e+02
5.299600000000000364e+02 9.900000000000000000e+01 2.310706787109375000e+02
5.302960000000000491e+02 1.470000000000000000e+02 2.310548553466796875e+02
5.306319999999999482e+02 6.600000000000000000e+01 2.310413360595703125e+02
5.309690000000000509e+02 1.240000000000000000e+02 2.310452423095703125e+02
5.313049999999999500e+02 1.530000000000000000e+02 2.310528106689453125e+02
5.316409999999999627e+02 9.900000000000000000e+01 2.310586700439453125e+02
5.319779999999999518e+02 1.720000000000000000e+02 2.310377349853515625e+02
5.323139999999999645e+02 1.510000000000000000e+02 2.310639801025390625e+02
5.326499999999999773e+02 2.330000000000000000e+02 2.310479278564453125e+02
5.329869999999999663e+02 1.390000000000000000e+02 2.310435791015625000e+02
5.333229999999999791e+02 1.870000000000000000e+02 2.310488128662109375e+02
5.336589999999999918e+02 2.480000000000000000e+02 2.310470581054687500e+02
5.339950000000000045e+02 1.620000000000000000e+02 2.310486602783203125e+02
5.343319999999999936e+02 1.220000000000000000e+02 2.310501708984375000e+02
5.346699999999999591e+02 2.200000000000000000e+02 2.310490112304687500e+02
5.350059999999999718e+02 1.760000000000000000e+02 2.310541839599609375e+02
5.353419999999999845e+02 1.370000000000000000e+02 2.310588073730468750e+02
5.356789999999999736e+02 2.210000000000000000e+02 2.310516967773437500e+02
5.360149999999999864e+02 1.780000000000000000e+02 2.310542602539062500e+02
5.363519999999999754e+02 1.600000000000000000e+02 2.310655364990234375e+02
5.366879999999999882e+02 4.010000000000000000e+02 2.310518646240234375e+02
5.370299999999999727e+02 3.290000000000000000e+02 2.310601043701171875e+02
5.373659999999999854e+02 2.550000000000000000e+02 2.310521392822265625e+02
5.377019999999999982e+02 3.020000000000000000e+02 2.310579223632812500e+02
5.380389999999999873e+02 1.810000000000000000e+02 2.310550689697265625e+02
5.383750000000000000e+02 2.640000000000000000e+02 2.310455932617187500e+02
5.387119999999999891e+02 1.910000000000000000e+02 2.310436553955078125e+02
5.390480000000000018e+02 2.100000000000000000e+02 2.310468139648437500e+02
5.393840000000000146e+02 2.440000000000000000e+02 2.310475006103515625e+02
5.397210000000000036e+02 1.900000000000000000e+02 2.310450592041015625e+02
5.400570000000000164e+02 9.800000000000000000e+01 2.310466766357421875e+02
5.403930000000000291e+02 1.670000000000000000e+02 2.310496978759765625e+02
5.407290000000000418e+02 2.110000000000000000e+02 2.310478210449218750e+02
5.410660000000000309e+02 1.700000000000000000e+02 2.310403747558593750e+02
5.414020000000000437e+02 1.820000000000000000e+02 2.310475921630859375e+02
5.417380000000000564e+02 1.450000000000000000e+02 2.310499267578125000e+02
5.420750000000000455e+02 1.690000000000000000e+02 2.310572204589843750e+02
5.424109999999999445e+02 2.590000000000000000e+02 2.310437927246093750e+02
5.427469999999999573e+02 1.720000000000000000e+02 2.310453338623046875e+02
5.430839999999999463e+02 2.890000000000000000e+02 2.310452728271484375e+02
5.434199999999999591e+02 2.270000000000000000e+02 2.310581054687500000e+02
5.437559999999999718e+02 1.580000000000000000e+02 2.310406494140625000e+02
5.440919999999999845e+02 3.000000000000000000e+02 2.310484619140625000e+02
5.444289999999999736e+02 2.960000000000000000e+02 2.310492095947265625e+02
5.447670000000000528e+02 3.500000000000000000e+02 2.310441436767578125e+02
5.451029999999999518e+02 3.010000000000000000e+02 2.310512390136718750e+02
5.454389999999999645e+02 2.880000000000000000e+02 2.310451049804687500e+02
5.457759999999999536e+02 2.820000000000000000e+02 2.310384216308593750e+02
5.461119999999999663e+02 1.640000000000000000e+02 2.310407867431640625e+02
5.464479999999999791e+02 1.800000000000000000e+02 2.310471801757812500e+02
5.467849999999999682e+02 1.660000000000000000e+02 2.310461273193359375e+02
5.471209999999999809e+02 2.840000000000000000e+02 2.310471496582031250e+02
5.474569999999999936e+02 2.110000000000000000e+02 2.310419006347656250e+02
5.477939999999999827e+02 2.060000000000000000e+02 2.310555419921875000e+02
5.481299999999999955e+02 1.510000000000000000e+02 2.310514526367187500e+02
5.484660000000000082e+02 1.560000000000000000e+02 2.310473937988281250e+02
5.488020000000000209e+02 7.000000000000000000e+01 2.310470886230468750e+02
5.491390000000000100e+02 1.670000000000000000e+02 2.310563354492187500e+02
5.494750000000000227e+02 7.300000000000000000e+01 2.310632934570312500e+02
5.498110000000000355e+02 1.290000000000000000e+02 2.310471954345703125e+02
5.501480000000000246e+02 8.100000000000000000e+01 2.310566864013671875e+02
5.504840000000000373e+02 1.090000000000000000e+02 2.310435485839843750e+02
5.508200000000000500e+02 3.820000000000000000e+02 2.310455474853515625e+02
5.511570000000000391e+02 2.070000000000000000e+02 2.310442657470703125e+02
