2.938170000000000073e+02 8.380000000000000000e+02 3.841293640136718750e+02
2.941539999999999964e+02 1.028000000000000000e+03 3.841373291015625000e+02
2.944900000000000091e+02 1.554000000000000000e+03 3.841406555175781250e+02
2.948260000000000218e+02 1.990000000000000000e+03 3.841417541503906250e+02
2.951630000000000109e+02 2.250000000000000000e+03 3.841440124511718750e+02
2.954990000000000236e+02 3.139000000000000000e+03 3.841430358886718750e+02
2.958349999999999795e+02 2.937000000000000000e+03 3.841434326171875000e+02
2.961709999999999923e+02 2.652000000000000000e+03 3.841457214355468750e+02
2.965079999999999814e+02 2.764000000000000000e+03 3.841461181640625000e+02
2.968439999999999941e+02 2.256000000000000000e+03 3.841432800292968750e+02
2.971800000000000068e+02 2.049000000000000000e+03 3.841449279785156250e+02
2.975169999999999959e+02 1.320000000000000000e+03 3.841439208984375000e+02
2.978530000000000086e+02 1.367000000000000000e+03 3.841440429687500000e+02
2.981890000000000214e+02 1.004000000000000000e+03 3.841453552246093750e+02
2.985260000000000105e+02 7.000000000000000000e+02 3.841439819335937500e+02
2.988620000000000232e+02 4.410000000000000000e+02 3.841335754394531250e+02
2.991979999999999791e+02 4.620000000000000000e+02 3.841450500488281250e+02
2.995339999999999918e+02 2.320000000000000000e+02 3.841522216796875000e+02
2.998709999999999809e+02 2.500000000000000000e+02 3.841358337402343750e+02
3.002069999999999936e+02 1.420000000000000000e+02 3.841427001953125000e+02
3.005439999999999827e+02 2.600000000000000000e+02 3.841481018066406250e+02
3.008809999999999718e+02 1.010000000000000000e+02 3.841274414062500000e+02
3.012169999999999845e+02 1.720000000000000000e+02 3.841406555175781250e+02
