4.387800000000000011e+01 6.300000000000000000e+02 2.750224914550781250e+02
4.421399999999999864e+01 8.550000000000000000e+02 2.750211791992187500e+02
4.454999999999999716e+01 1.010000000000000000e+03 2.750214233398437500e+02
4.488700000000000045e+01 1.031000000000000000e+03 2.750182495117187500e+02
4.522299999999999898e+01 1.672000000000000000e+03 2.750137023925781250e+02
4.555899999999999750e+01 1.873000000000000000e+03 2.750139770507812500e+02
4.589600000000000080e+01 2.052000000000000000e+03 2.750139160156250000e+02
4.623199999999999932e+01 2.379000000000000000e+03 2.750135192871093750e+02
4.656799999999999784e+01 3.775000000000000000e+03 2.750135498046875000e+02
4.690400000000000347e+01 5.663000000000000000e+03 2.750127868652343750e+02
4.724099999999999966e+01 7.861000000000000000e+03 2.750114135742187500e+02
4.757699999999999818e+01 1.047600000000000000e+04 2.750108032226562500e+02
4.791299999999999670e+01 1.291000000000000000e+04 2.750104675292968750e+02
4.825000000000000000e+01 1.419200000000000000e+04 2.750097656250000000e+02
4.858599999999999852e+01 1.605600000000000000e+04 2.750097961425781250e+02
4.892300000000000182e+01 1.832300000000000000e+04 2.750082702636718750e+02
4.925900000000000034e+01 1.956600000000000000e+04 2.750082702636718750e+02
4.959599999999999653e+01 2.015800000000000000e+04 2.750074462890625000e+02
4.993200000000000216e+01 1.924200000000000000e+04 2.750080871582031250e+02
5.027000000000000313e+01 1.840100000000000000e+04 2.750070800781250000e+02
5.060600000000000165e+01 1.620300000000000000e+04 2.750089416503906250e+02
5.094299999999999784e+01 1.369500000000000000e+04 2.750111083984375000e+02
5.127900000000000347e+01 1.247600000000000000e+04 2.750097656250000000e+02
5.161500000000000199e+01 9.751000000000000000e+03 2.750113830566406250e+02
5.195100000000000051e+01 8.309000000000000000e+03 2.750107421875000000e+02
5.228799999999999670e+01 6.058000000000000000e+03 2.750113220214843750e+02
5.262400000000000233e+01 5.364000000000000000e+03 2.750116882324218750e+02
5.296000000000000085e+01 3.437000000000000000e+03 2.750136413574218750e+02
5.329699999999999704e+01 2.607000000000000000e+03 2.750112609863281250e+02
5.363300000000000267e+01 2.094000000000000000e+03 2.750148925781250000e+02
5.396900000000000119e+01 1.333000000000000000e+03 2.750110168457031250e+02
5.430599999999999739e+01 1.129000000000000000e+03 2.750180053710937500e+02
5.464200000000000301e+01 9.760000000000000000e+02 2.750171508789062500e+02
5.497800000000000153e+01 7.980000000000000000e+02 2.750115966796875000e+02
