2.864159999999999968e+02 8.810000000000000000e+02 3.390724182128906250e+02
2.867529999999999859e+02 1.141000000000000000e+03 3.390698547363281250e+02
2.870889999999999986e+02 1.007000000000000000e+03 3.390679626464843750e+02
2.874250000000000114e+02 1.512000000000000000e+03 3.390682067871093750e+02
2.877620000000000005e+02 1.145000000000000000e+03 3.390669860839843750e+02
2.880980000000000132e+02 1.405000000000000000e+03 3.390666809082031250e+02
2.884340000000000259e+02 1.569000000000000000e+03 3.390659484863281250e+02
2.887710000000000150e+02 1.690000000000000000e+03 3.390686340332031250e+02
2.891070000000000277e+02 1.480000000000000000e+03 3.390681152343750000e+02
2.894429999999999836e+02 1.500000000000000000e+03 3.390682373046875000e+02
2.897789999999999964e+02 1.989000000000000000e+03 3.390678710937500000e+02
2.901159999999999854e+02 1.866000000000000000e+03 3.390681152343750000e+02
2.904519999999999982e+02 1.795000000000000000e+03 3.390694274902343750e+02
2.907880000000000109e+02 2.343000000000000000e+03 3.390658569335937500e+02
2.911250000000000000e+02 2.107000000000000000e+03 3.390685119628906250e+02
2.914610000000000127e+02 2.180000000000000000e+03 3.390676879882812500e+02
2.917970000000000255e+02 2.357000000000000000e+03 3.390684204101562500e+02
2.921340000000000146e+02 2.621000000000000000e+03 3.390675964355468750e+02
2.924719999999999800e+02 2.272000000000000000e+03 3.390689697265625000e+02
2.928079999999999927e+02 1.968000000000000000e+03 3.390715332031250000e+02
2.931449999999999818e+02 1.317000000000000000e+03 3.390738830566406250e+02
2.934809999999999945e+02 1.088000000000000000e+03 3.390690307617187500e+02
2.938170000000000073e+02 8.380000000000000000e+02 3.390701293945312500e+02
2.941539999999999964e+02 5.740000000000000000e+02 3.390755310058593750e+02
2.944900000000000091e+02 3.870000000000000000e+02 3.390828552246093750e+02
2.948260000000000218e+02 4.320000000000000000e+02 3.390828247070312500e+02
