2.891070000000000277e+02 1.086000000000000000e+03 7.351033325195312500e+02
2.894429999999999836e+02 1.235000000000000000e+03 7.351008300781250000e+02
2.897789999999999964e+02 1.599000000000000000e+03 7.350988159179687500e+02
2.901159999999999854e+02 1.620000000000000000e+03 7.350941162109375000e+02
2.904519999999999982e+02 1.835000000000000000e+03 7.351021728515625000e+02
2.907880000000000109e+02 2.160000000000000000e+03 7.350957031250000000e+02
2.911250000000000000e+02 2.190000000000000000e+03 7.350933837890625000e+02
2.914610000000000127e+02 2.330000000000000000e+03 7.350975952148437500e+02
2.917970000000000255e+02 2.501000000000000000e+03 7.350932006835937500e+02
2.921340000000000146e+02 2.442000000000000000e+03 7.350917358398437500e+02
2.924719999999999800e+02 2.563000000000000000e+03 7.350863647460937500e+02
2.928079999999999927e+02 2.155000000000000000e+03 7.350952758789062500e+02
2.931449999999999818e+02 1.555000000000000000e+03 7.350908813476562500e+02
2.934809999999999945e+02 1.464000000000000000e+03 7.350831298828125000e+02
2.938170000000000073e+02 1.174000000000000000e+03 7.350950927734375000e+02
2.941539999999999964e+02 6.990000000000000000e+02 7.350953369140625000e+02
2.944900000000000091e+02 3.600000000000000000e+02 7.350936889648437500e+02
2.948260000000000218e+02 2.360000000000000000e+02 7.351022949218750000e+02
