2.591689999999999827e+02 1.920000000000000000e+02 3.631308288574218750e+02
2.595049999999999955e+02 2.040000000000000000e+02 3.631286621093750000e+02
2.598419999999999845e+02 1.940000000000000000e+02 3.631265258789062500e+02
2.601779999999999973e+02 3.400000000000000000e+02 3.631305847167968750e+02
2.605140000000000100e+02 6.040000000000000000e+02 3.631329650878906250e+02
2.608509999999999991e+02 1.169000000000000000e+03 3.631303710937500000e+02
2.611870000000000118e+02 1.534000000000000000e+03 3.631268005371093750e+02
2.615230000000000246e+02 2.211000000000000000e+03 3.631297912597656250e+02
2.618600000000000136e+02 2.395000000000000000e+03 3.631307678222656250e+02
2.621979999999999791e+02 2.118000000000000000e+03 3.631326599121093750e+02
2.625339999999999918e+02 2.275000000000000000e+03 3.631318054199218750e+02
2.628700000000000045e+02 2.284000000000000000e+03 3.631302490234375000e+02
2.632069999999999936e+02 2.489000000000000000e+03 3.631309204101562500e+02
2.635430000000000064e+02 1.987000000000000000e+03 3.631308898925781250e+02
2.638790000000000191e+02 1.774000000000000000e+03 3.631318664550781250e+02
2.642149999999999750e+02 1.322000000000000000e+03 3.631283264160156250e+02
2.645520000000000209e+02 1.083000000000000000e+03 3.631336975097656250e+02
2.648879999999999768e+02 9.460000000000000000e+02 3.631314086914062500e+02
2.652239999999999895e+02 7.030000000000000000e+02 3.631354064941406250e+02
2.655609999999999786e+02 5.970000000000000000e+02 3.631280212402343750e+02
2.658969999999999914e+02 5.070000000000000000e+02 3.631293945312500000e+02
2.662330000000000041e+02 3.180000000000000000e+02 3.631371154785156250e+02
2.665699999999999932e+02 3.360000000000000000e+02 3.631349792480468750e+02
2.669060000000000059e+02 2.350000000000000000e+02 3.631288452148437500e+02
2.672420000000000186e+02 3.080000000000000000e+02 3.631349487304687500e+02
2.675790000000000077e+02 2.170000000000000000e+02 3.631305236816406250e+02
2.679150000000000205e+02 2.640000000000000000e+02 3.631238403320312500e+02
