2.302199999999999847e+01 3.700000000000000000e+01 2.029622802734375000e+02
2.335800000000000054e+01 3.280000000000000000e+02 2.029701538085937500e+02
2.369399999999999906e+01 4.730000000000000000e+02 2.029614715576171875e+02
2.403000000000000114e+01 9.810000000000000000e+02 2.029614257812500000e+02
2.436700000000000088e+01 1.202000000000000000e+03 2.029621887207031250e+02
2.470299999999999940e+01 1.167000000000000000e+03 2.029629211425781250e+02
2.503900000000000148e+01 1.389000000000000000e+03 2.029625396728515625e+02
2.537600000000000122e+01 1.827000000000000000e+03 2.029633483886718750e+02
2.571199999999999974e+01 1.889000000000000000e+03 2.029653015136718750e+02
2.604799999999999827e+01 2.142000000000000000e+03 2.029624023437500000e+02
2.638500000000000156e+01 2.278000000000000000e+03 2.029632873535156250e+02
2.672200000000000131e+01 1.752000000000000000e+03 2.029668273925781250e+02
2.705799999999999983e+01 1.393000000000000000e+03 2.029633789062500000e+02
2.739499999999999957e+01 1.300000000000000000e+03 2.029655761718750000e+02
2.773100000000000165e+01 9.180000000000000000e+02 2.029656524658203125e+02
2.806700000000000017e+01 7.640000000000000000e+02 2.029684906005859375e+02
2.840299999999999869e+01 6.310000000000000000e+02 2.029673767089843750e+02
2.873999999999999844e+01 2.880000000000000000e+02 2.029777221679687500e+02
2.907600000000000051e+01 3.980000000000000000e+02 2.029673614501953125e+02
