2.302199999999999847e+01 3.900000000000000000e+02 4.428675842285156250e+02
2.335800000000000054e+01 1.494000000000000000e+03 4.428685302734375000e+02
2.369399999999999906e+01 3.912000000000000000e+03 4.428730773925781250e+02
2.403000000000000114e+01 7.944000000000000000e+03 4.428696289062500000e+02
2.436700000000000088e+01 1.140100000000000000e+04 4.428710021972656250e+02
2.470299999999999940e+01 1.418300000000000000e+04 4.428699340820312500e+02
2.503900000000000148e+01 1.438900000000000000e+04 4.428697204589843750e+02
2.537600000000000122e+01 1.072100000000000000e+04 4.428696899414062500e+02
2.571199999999999974e+01 8.469000000000000000e+03 4.428706359863281250e+02
2.604799999999999827e+01 6.175000000000000000e+03 4.428695678710937500e+02
2.638500000000000156e+01 4.436000000000000000e+03 4.428724365234375000e+02
2.672200000000000131e+01 3.373000000000000000e+03 4.428717346191406250e+02
2.705799999999999983e+01 2.249000000000000000e+03 4.428699340820312500e+02
2.739499999999999957e+01 1.282000000000000000e+03 4.428800354003906250e+02
2.773100000000000165e+01 9.310000000000000000e+02 4.428882751464843750e+02
