8.973060000000000400e+02 1.661000000000000000e+03 8.025183105468750000e+02
8.976420000000000528e+02 1.363000000000000000e+03 8.025227661132812500e+02
8.979779999999999518e+02 1.408000000000000000e+03 8.025189208984375000e+02
8.983139999999999645e+02 1.712000000000000000e+03 8.025180053710937500e+02
8.986499999999999773e+02 1.438000000000000000e+03 8.025192260742187500e+02
8.989859999999999900e+02 1.471000000000000000e+03 8.025174560546875000e+02
8.993220000000000027e+02 1.629000000000000000e+03 8.025169067382812500e+02
8.996580000000000155e+02 1.260000000000000000e+03 8.025206909179687500e+02
8.999940000000000282e+02 1.523000000000000000e+03 8.025200805664062500e+02
9.003300000000000409e+02 1.512000000000000000e+03 8.025275878906250000e+02
9.006660000000000537e+02 1.414000000000000000e+03 8.025220336914062500e+02
9.010080000000000382e+02 1.450000000000000000e+03 8.025186767578125000e+02
9.013379999999999654e+02 1.558000000000000000e+03 8.025266723632812500e+02
9.016799999999999500e+02 1.427000000000000000e+03 8.025284423828125000e+02
9.020159999999999627e+02 1.564000000000000000e+03 8.025222167968750000e+02
9.023519999999999754e+02 1.616000000000000000e+03 8.025167846679687500e+02
9.026879999999999882e+02 1.486000000000000000e+03 8.025161743164062500e+02
9.030240000000000009e+02 1.473000000000000000e+03 8.025224609375000000e+02
9.033600000000000136e+02 1.458000000000000000e+03 8.025193481445312500e+02
9.036960000000000264e+02 1.420000000000000000e+03 8.025224609375000000e+02
9.040320000000000391e+02 1.456000000000000000e+03 8.025237426757812500e+02
9.043680000000000518e+02 1.315000000000000000e+03 8.025296020507812500e+02
9.047039999999999509e+02 1.445000000000000000e+03 8.025254516601562500e+02
9.050399999999999636e+02 1.265000000000000000e+03 8.025258178710937500e+02
9.053759999999999764e+02 1.338000000000000000e+03 8.025210571289062500e+02
9.057119999999999891e+02 1.396000000000000000e+03 8.025230712890625000e+02
9.060480000000000018e+02 1.594000000000000000e+03 8.025178833007812500e+02
9.063840000000000146e+02 1.483000000000000000e+03 8.025247802734375000e+02
9.067200000000000273e+02 1.405000000000000000e+03 8.025266113281250000e+02
9.070560000000000400e+02 1.530000000000000000e+03 8.025240478515625000e+02
9.073920000000000528e+02 1.464000000000000000e+03 8.025233154296875000e+02
9.077340000000000373e+02 1.402000000000000000e+03 8.025193481445312500e+02
9.080700000000000500e+02 1.313000000000000000e+03 8.025217285156250000e+02
9.084059999999999491e+02 1.368000000000000000e+03 8.025220947265625000e+02
9.087419999999999618e+02 1.468000000000000000e+03 8.025295410156250000e+02
9.090779999999999745e+02 1.512000000000000000e+03 8.025252685546875000e+02
9.094139999999999873e+02 1.429000000000000000e+03 8.025187988281250000e+02
9.097500000000000000e+02 1.436000000000000000e+03 8.025201416015625000e+02
9.100860000000000127e+02 1.702000000000000000e+03 8.025205078125000000e+02
9.104220000000000255e+02 1.350000000000000000e+03 8.025216674804687500e+02
9.107580000000000382e+02 1.573000000000000000e+03 8.025241088867187500e+02
9.110940000000000509e+02 1.426000000000000000e+03 8.025231933593750000e+02
9.114299999999999500e+02 1.597000000000000000e+03 8.025219726562500000e+02
9.117659999999999627e+02 1.624000000000000000e+03 8.025162963867187500e+02
9.121079999999999472e+02 1.873000000000000000e+03 8.025198364257812500e+02
9.124439999999999600e+02 1.527000000000000000e+03 8.025222778320312500e+02
9.127799999999999727e+02 1.871000000000000000e+03 8.025217895507812500e+02
9.131159999999999854e+02 1.777000000000000000e+03 8.025190429687500000e+02
9.134519999999999982e+02 1.709000000000000000e+03 8.025255737304687500e+02
9.137880000000000109e+02 1.319000000000000000e+03 8.025293579101562500e+02
9.141240000000000236e+02 1.553000000000000000e+03 8.025214843750000000e+02
9.144600000000000364e+02 1.756000000000000000e+03 8.025223999023437500e+02
9.147960000000000491e+02 1.710000000000000000e+03 8.025232543945312500e+02
9.151319999999999482e+02 1.662000000000000000e+03 8.025216064453125000e+02
9.154679999999999609e+02 1.696000000000000000e+03 8.025220336914062500e+02
9.158039999999999736e+02 1.509000000000000000e+03 8.025222778320312500e+02
9.161399999999999864e+02 1.664000000000000000e+03 8.025236816406250000e+02
9.164759999999999991e+02 1.479000000000000000e+03 8.025220336914062500e+02
9.168120000000000118e+02 1.468000000000000000e+03 8.025223388671875000e+02
9.171480000000000246e+02 1.384000000000000000e+03 8.025251464843750000e+02
9.174840000000000373e+02 1.623000000000000000e+03 8.025209350585937500e+02
9.178200000000000500e+02 1.623000000000000000e+03 8.025227050781250000e+02
9.181620000000000346e+02 1.737000000000000000e+03 8.025188598632812500e+02
9.184980000000000473e+02 1.804000000000000000e+03 8.025230102539062500e+02
9.188339999999999463e+02 1.641000000000000000e+03 8.025203247070312500e+02
9.191699999999999591e+02 1.598000000000000000e+03 8.025178222656250000e+02
9.195059999999999718e+02 1.377000000000000000e+03 8.025252685546875000e+02
9.198419999999999845e+02 1.508000000000000000e+03 8.025286254882812500e+02
9.201779999999999973e+02 1.752000000000000000e+03 8.025242309570312500e+02
9.205140000000000100e+02 1.546000000000000000e+03 8.025284423828125000e+02
9.208500000000000227e+02 1.603000000000000000e+03 8.025222778320312500e+02
9.211860000000000355e+02 1.797000000000000000e+03 8.025204467773437500e+02
9.215220000000000482e+02 1.842000000000000000e+03 8.025209960937500000e+02
9.218579999999999472e+02 1.482000000000000000e+03 8.025211181640625000e+02
9.221939999999999600e+02 1.368000000000000000e+03 8.025224609375000000e+02
9.225299999999999727e+02 1.694000000000000000e+03 8.025208740234375000e+02
9.228719999999999573e+02 1.433000000000000000e+03 8.025278320312500000e+02
9.232079999999999700e+02 1.819000000000000000e+03 8.025223388671875000e+02
9.235439999999999827e+02 1.729000000000000000e+03 8.025217895507812500e+02
9.238799999999999955e+02 1.798000000000000000e+03 8.025238647460937500e+02
9.242160000000000082e+02 1.545000000000000000e+03 8.025192871093750000e+02
9.245520000000000209e+02 1.545000000000000000e+03 8.025278930664062500e+02
9.248880000000000337e+02 1.687000000000000000e+03 8.025237426757812500e+02
9.252240000000000464e+02 1.689000000000000000e+03 8.025222167968750000e+02
9.255599999999999454e+02 1.648000000000000000e+03 8.025274658203125000e+02
9.258959999999999582e+02 1.685000000000000000e+03 8.025204467773437500e+02
9.262319999999999709e+02 1.586000000000000000e+03 8.025222778320312500e+02
9.265679999999999836e+02 1.728000000000000000e+03 8.025256347656250000e+02
