5.393840000000000146e+02 6.500000000000000000e+01 6.070733642578125000e+02
5.397210000000000036e+02 2.670000000000000000e+02 6.070744018554687500e+02
5.400570000000000164e+02 4.490000000000000000e+02 6.070762939453125000e+02
5.403930000000000291e+02 6.670000000000000000e+02 6.070762939453125000e+02
5.407290000000000418e+02 1.087000000000000000e+03 6.070771484375000000e+02
5.410660000000000309e+02 1.462000000000000000e+03 6.070772094726562500e+02
5.414020000000000437e+02 1.518000000000000000e+03 6.070813598632812500e+02
5.417380000000000564e+02 1.552000000000000000e+03 6.070841674804687500e+02
5.420750000000000455e+02 1.754000000000000000e+03 6.070791015625000000e+02
5.424109999999999445e+02 1.358000000000000000e+03 6.070789184570312500e+02
5.427469999999999573e+02 1.283000000000000000e+03 6.070786743164062500e+02
5.430839999999999463e+02 9.180000000000000000e+02 6.070808105468750000e+02
5.434199999999999591e+02 5.340000000000000000e+02 6.070805053710937500e+02
5.437559999999999718e+02 5.640000000000000000e+02 6.070798950195312500e+02
5.440919999999999845e+02 1.330000000000000000e+02 6.070709838867187500e+02
5.444289999999999736e+02 1.500000000000000000e+02 6.070835571289062500e+02
5.447670000000000528e+02 1.220000000000000000e+02 6.070769042968750000e+02
5.451029999999999518e+02 6.100000000000000000e+01 6.070858764648437500e+02
