2.389850000000000136e+02 1.760000000000000000e+02 5.031697692871093750e+02
2.393220000000000027e+02 2.060000000000000000e+02 5.031726684570312500e+02
2.396579999999999870e+02 6.330000000000000000e+02 5.031578674316406250e+02
2.399939999999999998e+02 9.220000000000000000e+02 5.031601562500000000e+02
2.403309999999999889e+02 1.223000000000000000e+03 5.031581420898437500e+02
2.406670000000000016e+02 1.281000000000000000e+03 5.031642761230468750e+02
2.410029999999999859e+02 1.554000000000000000e+03 5.031576843261718750e+02
2.413389999999999986e+02 1.181000000000000000e+03 5.031595764160156250e+02
2.416759999999999877e+02 6.960000000000000000e+02 5.031630859375000000e+02
2.420140000000000100e+02 7.380000000000000000e+02 5.031649780273437500e+02
2.423499999999999943e+02 1.560000000000000000e+02 5.031690673828125000e+02
2.426860000000000070e+02 2.780000000000000000e+02 5.031707153320312500e+02
2.430229999999999961e+02 2.370000000000000000e+02 5.031693420410156250e+02
