3.042299999999999827e+01 1.810000000000000000e+02 1.300528259277343750e+02
3.075900000000000034e+01 2.420000000000000000e+02 1.300475921630859375e+02
3.109499999999999886e+01 3.780000000000000000e+02 1.300499877929687500e+02
3.143199999999999861e+01 5.440000000000000000e+02 1.300502777099609375e+02
3.176800000000000068e+01 6.530000000000000000e+02 1.300513305664062500e+02
3.210399999999999920e+01 1.134000000000000000e+03 1.300501861572265625e+02
3.244100000000000250e+01 1.297000000000000000e+03 1.300505981445312500e+02
3.277700000000000102e+01 1.299000000000000000e+03 1.300505981445312500e+02
3.311399999999999721e+01 1.243000000000000000e+03 1.300520629882812500e+02
3.345000000000000284e+01 1.347000000000000000e+03 1.300513305664062500e+02
3.378699999999999903e+01 1.403000000000000000e+03 1.300523223876953125e+02
3.412299999999999756e+01 1.436000000000000000e+03 1.300493774414062500e+02
3.445900000000000318e+01 1.269000000000000000e+03 1.300480651855468750e+02
3.479500000000000171e+01 1.186000000000000000e+03 1.300489654541015625e+02
3.513199999999999790e+01 9.250000000000000000e+02 1.300507659912109375e+02
3.546800000000000352e+01 7.970000000000000000e+02 1.300470275878906250e+02
3.580400000000000205e+01 6.150000000000000000e+02 1.300501098632812500e+02
3.614099999999999824e+01 7.510000000000000000e+02 1.300502014160156250e+02
3.647699999999999676e+01 5.730000000000000000e+02 1.300486145019531250e+02
3.681300000000000239e+01 8.250000000000000000e+02 1.300501098632812500e+02
3.714999999999999858e+01 6.930000000000000000e+02 1.300517120361328125e+02
3.748599999999999710e+01 4.000000000000000000e+02 1.300489196777343750e+02
3.782200000000000273e+01 5.200000000000000000e+02 1.300509643554687500e+02
3.815800000000000125e+01 5.910000000000000000e+02 1.300509796142578125e+02
3.849499999999999744e+01 3.700000000000000000e+02 1.300477905273437500e+02
3.883100000000000307e+01 4.710000000000000000e+02 1.300486450195312500e+02
3.916700000000000159e+01 3.170000000000000000e+02 1.300540313720703125e+02
3.950399999999999778e+01 3.240000000000000000e+02 1.300440673828125000e+02
3.984000000000000341e+01 4.120000000000000000e+02 1.300526123046875000e+02
4.017799999999999727e+01 4.760000000000000000e+02 1.300454864501953125e+02
4.051400000000000290e+01 2.880000000000000000e+02 1.300488891601562500e+02
4.085099999999999909e+01 2.400000000000000000e+02 1.300498352050781250e+02
4.118699999999999761e+01 3.820000000000000000e+02 1.300517730712890625e+02
4.152300000000000324e+01 2.850000000000000000e+02 1.300443115234375000e+02
4.185999999999999943e+01 3.510000000000000000e+02 1.300493621826171875e+02
4.219599999999999795e+01 1.820000000000000000e+02 1.300371398925781250e+02
4.253300000000000125e+01 6.080000000000000000e+02 1.300502014160156250e+02
4.286899999999999977e+01 4.420000000000000000e+02 1.300519409179687500e+02
4.320499999999999829e+01 1.071000000000000000e+03 1.300526275634765625e+02
4.354099999999999682e+01 1.068000000000000000e+03 1.300505371093750000e+02
4.387800000000000011e+01 9.450000000000000000e+02 1.300500488281250000e+02
4.421399999999999864e+01 9.210000000000000000e+02 1.300506744384765625e+02
4.454999999999999716e+01 1.209000000000000000e+03 1.300498657226562500e+02
4.488700000000000045e+01 1.023000000000000000e+03 1.300495910644531250e+02
4.522299999999999898e+01 7.100000000000000000e+02 1.300495452880859375e+02
4.555899999999999750e+01 7.920000000000000000e+02 1.300484771728515625e+02
4.589600000000000080e+01 5.730000000000000000e+02 1.300509338378906250e+02
4.623199999999999932e+01 5.020000000000000000e+02 1.300513000488281250e+02
4.656799999999999784e+01 6.950000000000000000e+02 1.300486755371093750e+02
4.690400000000000347e+01 4.720000000000000000e+02 1.300531005859375000e+02
4.724099999999999966e+01 4.790000000000000000e+02 1.300488739013671875e+02
4.757699999999999818e+01 3.420000000000000000e+02 1.300440368652343750e+02
4.791299999999999670e+01 3.700000000000000000e+02 1.300467376708984375e+02
4.825000000000000000e+01 2.250000000000000000e+02 1.300375518798828125e+02
4.858599999999999852e+01 2.720000000000000000e+02 1.300387573242187500e+02
