2.302199999999999847e+01 8.800000000000000000e+01 1.869138641357421875e+02
2.335800000000000054e+01 3.150000000000000000e+02 1.869231262207031250e+02
2.369399999999999906e+01 3.760000000000000000e+02 1.869221038818359375e+02
2.403000000000000114e+01 8.210000000000000000e+02 1.869193267822265625e+02
2.436700000000000088e+01 1.305000000000000000e+03 1.869200134277343750e+02
2.470299999999999940e+01 1.284000000000000000e+03 1.869200134277343750e+02
2.503900000000000148e+01 1.260000000000000000e+03 1.869220886230468750e+02
2.537600000000000122e+01 1.226000000000000000e+03 1.869207916259765625e+02
2.571199999999999974e+01 1.405000000000000000e+03 1.869241790771484375e+02
2.604799999999999827e+01 1.179000000000000000e+03 1.869233093261718750e+02
2.638500000000000156e+01 1.203000000000000000e+03 1.869214324951171875e+02
2.672200000000000131e+01 1.234000000000000000e+03 1.869222869873046875e+02
2.705799999999999983e+01 6.720000000000000000e+02 1.869271697998046875e+02
2.739499999999999957e+01 6.280000000000000000e+02 1.869215698242187500e+02
2.773100000000000165e+01 6.970000000000000000e+02 1.869216156005859375e+02
2.806700000000000017e+01 2.620000000000000000e+02 1.869302062988281250e+02
2.840299999999999869e+01 2.760000000000000000e+02 1.869261474609375000e+02
2.873999999999999844e+01 1.980000000000000000e+02 1.869217224121093750e+02
2.907600000000000051e+01 1.660000000000000000e+02 1.869128570556640625e+02
2.941199999999999903e+01 5.100000000000000000e+01 1.869211730957031250e+02
2.974899999999999878e+01 5.800000000000000000e+01 1.869201507568359375e+02
