2.705799999999999983e+01 5.200000000000000000e+01 1.399171905517578125e+02
2.739499999999999957e+01 6.240000000000000000e+02 1.399157257080078125e+02
2.773100000000000165e+01 1.910000000000000000e+03 1.399145660400390625e+02
2.806700000000000017e+01 3.241000000000000000e+03 1.399149780273437500e+02
2.840299999999999869e+01 4.859000000000000000e+03 1.399149322509765625e+02
2.873999999999999844e+01 7.259000000000000000e+03 1.399144287109375000e+02
2.907600000000000051e+01 8.432000000000000000e+03 1.399157562255859375e+02
2.941199999999999903e+01 1.012500000000000000e+04 1.399147949218750000e+02
2.974899999999999878e+01 1.017300000000000000e+04 1.399143066406250000e+02
3.008699999999999974e+01 1.072100000000000000e+04 1.399145202636718750e+02
3.042299999999999827e+01 7.854000000000000000e+03 1.399143066406250000e+02
3.075900000000000034e+01 6.051000000000000000e+03 1.399151000976562500e+02
3.109499999999999886e+01 3.676000000000000000e+03 1.399143066406250000e+02
3.143199999999999861e+01 2.622000000000000000e+03 1.399141693115234375e+02
3.176800000000000068e+01 1.545000000000000000e+03 1.399152526855468750e+02
3.210399999999999920e+01 1.199000000000000000e+03 1.399157562255859375e+02
3.244100000000000250e+01 8.170000000000000000e+02 1.399144134521484375e+02
3.277700000000000102e+01 5.800000000000000000e+02 1.399139862060546875e+02
3.311399999999999721e+01 5.110000000000000000e+02 1.399151916503906250e+02
3.345000000000000284e+01 4.920000000000000000e+02 1.399161071777343750e+02
3.378699999999999903e+01 3.090000000000000000e+02 1.399140014648437500e+02
3.412299999999999756e+01 1.840000000000000000e+02 1.399169464111328125e+02
3.445900000000000318e+01 4.200000000000000000e+02 1.399139251708984375e+02
3.479500000000000171e+01 2.810000000000000000e+02 1.399154205322265625e+02
3.513199999999999790e+01 2.130000000000000000e+02 1.399161376953125000e+02
3.546800000000000352e+01 3.250000000000000000e+02 1.399130706787109375e+02
3.580400000000000205e+01 3.430000000000000000e+02 1.399140930175781250e+02
3.614099999999999824e+01 1.960000000000000000e+02 1.399168395996093750e+02
3.647699999999999676e+01 2.800000000000000000e+02 1.399155883789062500e+02
3.681300000000000239e+01 3.480000000000000000e+02 1.399177551269531250e+02
3.714999999999999858e+01 2.230000000000000000e+02 1.399137573242187500e+02
3.748599999999999710e+01 1.260000000000000000e+02 1.399144897460937500e+02
3.782200000000000273e+01 1.530000000000000000e+02 1.399110870361328125e+02
3.815800000000000125e+01 3.190000000000000000e+02 1.399122619628906250e+02
3.849499999999999744e+01 1.150000000000000000e+02 1.399150543212890625e+02
3.883100000000000307e+01 2.040000000000000000e+02 1.399160614013671875e+02
3.916700000000000159e+01 9.700000000000000000e+01 1.399144287109375000e+02
3.950399999999999778e+01 5.800000000000000000e+01 1.399229583740234375e+02
3.984000000000000341e+01 1.410000000000000000e+02 1.399171142578125000e+02
4.017799999999999727e+01 1.080000000000000000e+02 1.399247741699218750e+02
4.051400000000000290e+01 6.600000000000000000e+01 1.399072113037109375e+02
4.085099999999999909e+01 1.300000000000000000e+02 1.399166564941406250e+02
4.118699999999999761e+01 1.710000000000000000e+02 1.399137115478515625e+02
4.152300000000000324e+01 1.030000000000000000e+02 1.399096984863281250e+02
4.185999999999999943e+01 1.210000000000000000e+02 1.399122161865234375e+02
