2.672200000000000131e+01 7.200000000000000000e+01 1.269940109252929688e+02
2.705799999999999983e+01 1.580000000000000000e+02 1.269965667724609375e+02
2.739499999999999957e+01 3.870000000000000000e+02 1.269977111816406250e+02
2.773100000000000165e+01 7.510000000000000000e+02 1.269969177246093750e+02
2.806700000000000017e+01 7.830000000000000000e+02 1.269983673095703125e+02
2.840299999999999869e+01 1.142000000000000000e+03 1.269985046386718750e+02
2.873999999999999844e+01 1.323000000000000000e+03 1.269979629516601562e+02
2.907600000000000051e+01 9.250000000000000000e+02 1.270006103515625000e+02
2.941199999999999903e+01 1.057000000000000000e+03 1.269983520507812500e+02
2.974899999999999878e+01 7.630000000000000000e+02 1.269993286132812500e+02
3.008699999999999974e+01 6.510000000000000000e+02 1.269987335205078125e+02
3.042299999999999827e+01 5.850000000000000000e+02 1.269994659423828125e+02
3.075900000000000034e+01 5.540000000000000000e+02 1.270006790161132812e+02
3.109499999999999886e+01 5.170000000000000000e+02 1.270035705566406250e+02
3.143199999999999861e+01 6.900000000000000000e+02 1.270008239746093750e+02
3.176800000000000068e+01 6.120000000000000000e+02 1.269994049072265625e+02
3.210399999999999920e+01 5.260000000000000000e+02 1.270009994506835938e+02
3.244100000000000250e+01 5.890000000000000000e+02 1.270017166137695312e+02
3.277700000000000102e+01 2.910000000000000000e+02 1.270049743652343750e+02
3.311399999999999721e+01 5.350000000000000000e+02 1.270029296875000000e+02
3.345000000000000284e+01 3.670000000000000000e+02 1.270042953491210938e+02
3.378699999999999903e+01 3.260000000000000000e+02 1.270089340209960938e+02
3.412299999999999756e+01 2.430000000000000000e+02 1.269975280761718750e+02
3.445900000000000318e+01 2.910000000000000000e+02 1.270098800659179688e+02
3.479500000000000171e+01 3.640000000000000000e+02 1.269979095458984375e+02
3.513199999999999790e+01 2.040000000000000000e+02 1.270076446533203125e+02
3.546800000000000352e+01 2.730000000000000000e+02 1.270110855102539062e+02
3.580400000000000205e+01 2.710000000000000000e+02 1.270119934082031250e+02
3.614099999999999824e+01 2.360000000000000000e+02 1.270093536376953125e+02
3.647699999999999676e+01 2.790000000000000000e+02 1.270024795532226562e+02
