3.375489999999999782e+02 1.330000000000000000e+02 5.230900878906250000e+02
3.378849999999999909e+02 2.600000000000000000e+02 5.230858764648437500e+02
3.382219999999999800e+02 5.030000000000000000e+02 5.230852050781250000e+02
3.385579999999999927e+02 7.380000000000000000e+02 5.230830078125000000e+02
3.388940000000000055e+02 9.590000000000000000e+02 5.230789184570312500e+02
3.392309999999999945e+02 9.290000000000000000e+02 5.230770874023437500e+02
3.395670000000000073e+02 1.061000000000000000e+03 5.230829467773437500e+02
3.399030000000000200e+02 1.021000000000000000e+03 5.230828857421875000e+02
3.402400000000000091e+02 9.830000000000000000e+02 5.230812988281250000e+02
3.405760000000000218e+02 1.015000000000000000e+03 5.230826416015625000e+02
3.409119999999999777e+02 1.240000000000000000e+03 5.230795288085937500e+02
3.412479999999999905e+02 8.130000000000000000e+02 5.230854492187500000e+02
3.415849999999999795e+02 8.940000000000000000e+02 5.230858764648437500e+02
