3.749099999999999966e+01 7.340000000000000000e+02 2.899987792968750000e+02
3.782699999999999818e+01 7.520000000000000000e+02 2.900130920410156250e+02
3.816400000000000148e+01 6.250000000000000000e+02 2.900031127929687500e+02
3.850000000000000000e+01 8.270000000000000000e+02 2.899953918457031250e+02
3.883599999999999852e+01 8.460000000000000000e+02 2.900003356933593750e+02
3.917300000000000182e+01 7.290000000000000000e+02 2.900113220214843750e+02
3.950900000000000034e+01 6.700000000000000000e+02 2.899962768554687500e+02
3.984499999999999886e+01 7.150000000000000000e+02 2.899924011230468750e+02
4.018099999999999739e+01 4.940000000000000000e+02 2.900069274902343750e+02
4.051800000000000068e+01 5.470000000000000000e+02 2.899987182617187500e+02
4.085399999999999920e+01 5.200000000000000000e+02 2.900032653808593750e+02
4.118999999999999773e+01 6.580000000000000000e+02 2.899979858398437500e+02
4.152700000000000102e+01 5.470000000000000000e+02 2.900039062500000000e+02
4.186299999999999955e+01 4.810000000000000000e+02 2.899932861328125000e+02
4.219899999999999807e+01 7.710000000000000000e+02 2.899939575195312500e+02
4.253600000000000136e+01 8.240000000000000000e+02 2.899953613281250000e+02
4.287199999999999989e+01 1.061000000000000000e+03 2.899947509765625000e+02
4.320799999999999841e+01 7.510000000000000000e+02 2.899980773925781250e+02
4.354500000000000171e+01 5.600000000000000000e+02 2.900009765625000000e+02
