6.777599999999999625e+01 1.990000000000000000e+02 1.460473022460937500e+02
6.811199999999999477e+01 2.100000000000000000e+02 1.460497589111328125e+02
6.844920000000000471e+01 1.760000000000000000e+02 1.460545196533203125e+02
6.878520000000000323e+01 4.420000000000000000e+02 1.460564270019531250e+02
6.912120000000000175e+01 4.030000000000000000e+02 1.460506896972656250e+02
6.945720000000000027e+01 4.250000000000000000e+02 1.460564270019531250e+02
6.979380000000000450e+01 7.500000000000000000e+02 1.460597686767578125e+02
7.012980000000000302e+01 6.300000000000000000e+02 1.460578308105468750e+02
7.046580000000000155e+01 7.300000000000000000e+02 1.460585784912109375e+02
7.080299999999999727e+01 8.170000000000000000e+02 1.460585174560546875e+02
7.113899999999999579e+01 7.040000000000000000e+02 1.460594177246093750e+02
7.147499999999999432e+01 8.070000000000000000e+02 1.460563812255859375e+02
7.181220000000000425e+01 6.630000000000000000e+02 1.460595703125000000e+02
7.214820000000000277e+01 7.590000000000000000e+02 1.460570373535156250e+02
7.248420000000000130e+01 9.040000000000000000e+02 1.460584106445312500e+02
7.282080000000000553e+01 8.570000000000000000e+02 1.460590362548828125e+02
7.315680000000000405e+01 7.460000000000000000e+02 1.460599517822265625e+02
7.349280000000000257e+01 9.580000000000000000e+02 1.460576171875000000e+02
7.382880000000000109e+01 8.890000000000000000e+02 1.460590515136718750e+02
7.416599999999999682e+01 7.820000000000000000e+02 1.460571746826171875e+02
7.450199999999999534e+01 7.020000000000000000e+02 1.460582580566406250e+02
7.483799999999999386e+01 7.500000000000000000e+02 1.460592041015625000e+02
7.517520000000000380e+01 8.730000000000000000e+02 1.460612945556640625e+02
7.551120000000000232e+01 8.330000000000000000e+02 1.460569763183593750e+02
7.584720000000000084e+01 9.340000000000000000e+02 1.460580444335937500e+02
7.618380000000000507e+01 9.410000000000000000e+02 1.460582427978515625e+02
7.652219999999999800e+01 9.920000000000000000e+02 1.460563049316406250e+02
7.685819999999999652e+01 7.910000000000000000e+02 1.460615386962890625e+02
7.719419999999999504e+01 7.760000000000000000e+02 1.460570220947265625e+02
7.753019999999999357e+01 7.400000000000000000e+02 1.460595855712890625e+02
7.786679999999999779e+01 5.040000000000000000e+02 1.460552368164062500e+02
7.820279999999999632e+01 5.110000000000000000e+02 1.460553588867187500e+02
7.853879999999999484e+01 5.850000000000000000e+02 1.460548858642578125e+02
7.887600000000000477e+01 6.670000000000000000e+02 1.460577850341796875e+02
7.921200000000000330e+01 7.410000000000000000e+02 1.460586853027343750e+02
7.954800000000000182e+01 4.720000000000000000e+02 1.460581512451171875e+02
7.988519999999999754e+01 5.270000000000000000e+02 1.460547637939453125e+02
8.022119999999999607e+01 5.370000000000000000e+02 1.460596008300781250e+02
8.055719999999999459e+01 6.150000000000000000e+02 1.460593414306640625e+02
8.089319999999999311e+01 5.330000000000000000e+02 1.460556640625000000e+02
8.122979999999999734e+01 5.190000000000000000e+02 1.460546264648437500e+02
8.156579999999999586e+01 6.130000000000000000e+02 1.460563354492187500e+02
8.190300000000000580e+01 4.010000000000000000e+02 1.460527038574218750e+02
8.223900000000000432e+01 3.260000000000000000e+02 1.460528259277343750e+02
8.257500000000000284e+01 3.430000000000000000e+02 1.460540771484375000e+02
8.291219999999999857e+01 5.740000000000000000e+02 1.460571594238281250e+02
8.324819999999999709e+01 3.630000000000000000e+02 1.460569763183593750e+02
8.358480000000000132e+01 1.890000000000000000e+02 1.460568847656250000e+02
8.392079999999999984e+01 3.420000000000000000e+02 1.460576629638671875e+02
8.425799999999999557e+01 2.040000000000000000e+02 1.460548858642578125e+02
8.459399999999999409e+01 2.730000000000000000e+02 1.460563049316406250e+02
8.493000000000000682e+01 2.480000000000000000e+02 1.460568542480468750e+02
8.526600000000000534e+01 1.820000000000000000e+02 1.460566253662109375e+02
8.560320000000000107e+01 3.200000000000000000e+02 1.460548248291015625e+02
8.593919999999999959e+01 1.070000000000000000e+02 1.460580902099609375e+02
8.627519999999999811e+01 2.150000000000000000e+02 1.460566864013671875e+02
8.661299999999999955e+01 2.350000000000000000e+02 1.460563507080078125e+02
8.695019999999999527e+01 1.520000000000000000e+02 1.460531921386718750e+02
8.728619999999999379e+01 2.620000000000000000e+02 1.460545349121093750e+02
8.762220000000000653e+01 1.030000000000000000e+02 1.460583801269531250e+02
8.795820000000000505e+01 1.330000000000000000e+02 1.460589141845703125e+02
8.829479999999999507e+01 1.340000000000000000e+02 1.460557403564453125e+02
8.863079999999999359e+01 2.150000000000000000e+02 1.460546264648437500e+02
8.896680000000000632e+01 1.630000000000000000e+02 1.460572204589843750e+02
