2.645779999999999745e+02 1.930000000000000000e+02 4.341204223632812500e+02
2.649139999999999873e+02 2.640000000000000000e+02 4.341131286621093750e+02
2.652500000000000000e+02 8.540000000000000000e+02 4.341107482910156250e+02
2.655860000000000127e+02 2.017000000000000000e+03 4.341099853515625000e+02
2.659230000000000018e+02 3.548000000000000000e+03 4.341075439453125000e+02
2.662590000000000146e+02 5.759000000000000000e+03 4.341064147949218750e+02
2.665950000000000273e+02 7.986000000000000000e+03 4.341062622070312500e+02
2.669320000000000164e+02 8.570000000000000000e+03 4.341071777343750000e+02
2.672679999999999723e+02 8.804000000000000000e+03 4.341073913574218750e+02
2.676039999999999850e+02 8.030000000000000000e+03 4.341080627441406250e+02
2.679409999999999741e+02 7.408000000000000000e+03 4.341083984375000000e+02
2.682789999999999964e+02 5.961000000000000000e+03 4.341096801757812500e+02
2.686150000000000091e+02 4.649000000000000000e+03 4.341076049804687500e+02
2.689510000000000218e+02 3.640000000000000000e+03 4.341082763671875000e+02
2.692869999999999777e+02 2.434000000000000000e+03 4.341094970703125000e+02
2.696240000000000236e+02 1.783000000000000000e+03 4.341103515625000000e+02
2.699599999999999795e+02 1.475000000000000000e+03 4.341101074218750000e+02
2.702959999999999923e+02 1.144000000000000000e+03 4.341080932617187500e+02
2.706329999999999814e+02 8.920000000000000000e+02 4.341057128906250000e+02
2.709689999999999941e+02 5.930000000000000000e+02 4.341040649414062500e+02
2.713050000000000068e+02 5.340000000000000000e+02 4.341121215820312500e+02
2.716419999999999959e+02 4.690000000000000000e+02 4.341123046875000000e+02
2.719780000000000086e+02 2.900000000000000000e+02 4.341044921875000000e+02
2.723140000000000214e+02 3.240000000000000000e+02 4.341111145019531250e+02
2.726510000000000105e+02 2.710000000000000000e+02 4.341115722656250000e+02
2.729870000000000232e+02 1.830000000000000000e+02 4.341207885742187500e+02
2.733229999999999791e+02 1.470000000000000000e+02 4.341176757812500000e+02
2.736600000000000250e+02 2.270000000000000000e+02 4.341033630371093750e+02
2.739959999999999809e+02 2.500000000000000000e+02 4.341088256835937500e+02
2.743319999999999936e+02 2.060000000000000000e+02 4.341029357910156250e+02
2.746689999999999827e+02 3.830000000000000000e+02 4.341092529296875000e+02
2.750049999999999955e+02 3.670000000000000000e+02 4.341089782714843750e+02
