2.871139999999999759e+02 1.460000000000000000e+02 8.721558227539062500e+02
2.874499999999999886e+02 2.990000000000000000e+02 8.721646728515625000e+02
2.877869999999999777e+02 3.420000000000000000e+02 8.721617431640625000e+02
2.881229999999999905e+02 4.920000000000000000e+02 8.721573486328125000e+02
2.884610000000000127e+02 5.680000000000000000e+02 8.721598510742187500e+02
2.887980000000000018e+02 9.370000000000000000e+02 8.721618041992187500e+02
2.891340000000000146e+02 6.580000000000000000e+02 8.721586914062500000e+02
2.894700000000000273e+02 5.870000000000000000e+02 8.721644287109375000e+02
2.898070000000000164e+02 5.840000000000000000e+02 8.721618041992187500e+02
2.901429999999999723e+02 7.230000000000000000e+02 8.721539916992187500e+02
