3.584270000000000209e+02 4.460000000000000000e+02 6.412349243164062500e+02
3.587629999999999768e+02 4.760000000000000000e+02 6.412498168945312500e+02
3.591009999999999991e+02 8.850000000000000000e+02 6.412408447265625000e+02
3.594370000000000118e+02 8.220000000000000000e+02 6.412430419921875000e+02
3.597740000000000009e+02 9.310000000000000000e+02 6.412422485351562500e+02
3.601100000000000136e+02 8.710000000000000000e+02 6.412441406250000000e+02
3.604460000000000264e+02 8.590000000000000000e+02 6.412437744140625000e+02
3.607819999999999823e+02 5.110000000000000000e+02 6.412474365234375000e+02
3.611190000000000282e+02 5.050000000000000000e+02 6.412419433593750000e+02
3.614549999999999841e+02 3.430000000000000000e+02 6.412414550781250000e+02
3.617909999999999968e+02 2.240000000000000000e+02 6.412595825195312500e+02
3.621279999999999859e+02 1.750000000000000000e+02 6.412451782226562500e+02
3.624639999999999986e+02 1.410000000000000000e+02 6.412509155273437500e+02
3.628000000000000114e+02 1.590000000000000000e+02 6.412501831054687500e+02
