3.917300000000000182e+01 3.180000000000000000e+02 3.709905090332031250e+02
3.950900000000000034e+01 4.800000000000000000e+02 3.709869995117187500e+02
3.984499999999999886e+01 5.060000000000000000e+02 3.709962463378906250e+02
4.018099999999999739e+01 4.050000000000000000e+02 3.709900817871093750e+02
4.051800000000000068e+01 4.090000000000000000e+02 3.709913940429687500e+02
4.085399999999999920e+01 3.760000000000000000e+02 3.709986877441406250e+02
4.118999999999999773e+01 3.840000000000000000e+02 3.709994506835937500e+02
4.152700000000000102e+01 3.770000000000000000e+02 3.709902038574218750e+02
4.186299999999999955e+01 4.050000000000000000e+02 3.709881896972656250e+02
4.219899999999999807e+01 4.410000000000000000e+02 3.710014953613281250e+02
4.253600000000000136e+01 4.820000000000000000e+02 3.710148315429687500e+02
4.287199999999999989e+01 3.340000000000000000e+02 3.710165710449218750e+02
4.320799999999999841e+01 4.440000000000000000e+02 3.709955139160156250e+02
4.354500000000000171e+01 6.670000000000000000e+02 3.709969177246093750e+02
4.388100000000000023e+01 6.040000000000000000e+02 3.710018005371093750e+02
4.421699999999999875e+01 6.230000000000000000e+02 3.710035705566406250e+02
4.455400000000000205e+01 5.990000000000000000e+02 3.710049133300781250e+02
4.489000000000000057e+01 6.860000000000000000e+02 3.710036926269531250e+02
4.522599999999999909e+01 6.050000000000000000e+02 3.710056152343750000e+02
4.556199999999999761e+01 7.490000000000000000e+02 3.710007019042968750e+02
4.589900000000000091e+01 9.250000000000000000e+02 3.710045776367187500e+02
4.623700000000000188e+01 7.410000000000000000e+02 3.710012512207031250e+02
