2.231910000000000025e+02 1.236700000000000000e+04 4.091128845214843750e+02
2.235269999999999868e+02 1.913300000000000000e+04 4.091078491210937500e+02
2.238640000000000043e+02 2.723000000000000000e+04 4.091052246093750000e+02
2.242019999999999982e+02 3.297700000000000000e+04 4.091040649414062500e+02
2.245380000000000109e+02 3.571100000000000000e+04 4.091038208007812500e+02
2.248750000000000000e+02 3.602900000000000000e+04 4.091029357910156250e+02
2.252110000000000127e+02 3.292300000000000000e+04 4.091030883789062500e+02
2.255480000000000018e+02 2.829300000000000000e+04 4.091031188964843750e+02
2.258839999999999861e+02 2.206400000000000000e+04 4.091035156250000000e+02
2.262199999999999989e+02 1.710600000000000000e+04 4.091033630371093750e+02
2.265569999999999879e+02 1.273400000000000000e+04 4.091033630371093750e+02
2.268930000000000007e+02 8.937000000000000000e+03 4.091033325195312500e+02
2.272290000000000134e+02 6.546000000000000000e+03 4.091034851074218750e+02
2.275660000000000025e+02 4.550000000000000000e+03 4.091048278808593750e+02
2.279039999999999964e+02 3.489000000000000000e+03 4.091047973632812500e+02
2.282479999999999905e+02 2.399000000000000000e+03 4.091063842773437500e+02
2.285850000000000080e+02 1.664000000000000000e+03 4.091114196777343750e+02
