2.235269999999999868e+02 1.510000000000000000e+02 1.770421447753906250e+02
2.238640000000000043e+02 1.580000000000000000e+02 1.770469818115234375e+02
2.242019999999999982e+02 2.400000000000000000e+02 1.770507507324218750e+02
2.245380000000000109e+02 3.360000000000000000e+02 1.770507965087890625e+02
2.248750000000000000e+02 3.510000000000000000e+02 1.770536804199218750e+02
2.252110000000000127e+02 8.070000000000000000e+02 1.770465393066406250e+02
2.255480000000000018e+02 5.570000000000000000e+02 1.770508422851562500e+02
2.258839999999999861e+02 8.510000000000000000e+02 1.770512542724609375e+02
2.262199999999999989e+02 7.200000000000000000e+02 1.770509796142578125e+02
2.265569999999999879e+02 8.190000000000000000e+02 1.770512542724609375e+02
2.268930000000000007e+02 7.630000000000000000e+02 1.770500183105468750e+02
2.272290000000000134e+02 6.500000000000000000e+02 1.770491485595703125e+02
2.275660000000000025e+02 5.670000000000000000e+02 1.770517120361328125e+02
2.279039999999999964e+02 3.520000000000000000e+02 1.770543518066406250e+02
2.282479999999999905e+02 3.430000000000000000e+02 1.770540313720703125e+02
2.285850000000000080e+02 2.570000000000000000e+02 1.770537719726562500e+02
2.289209999999999923e+02 2.550000000000000000e+02 1.770570220947265625e+02
2.292570000000000050e+02 2.030000000000000000e+02 1.770695495605468750e+02
2.295939999999999941e+02 3.850000000000000000e+02 1.770512084960937500e+02
2.299300000000000068e+02 1.300000000000000000e+02 1.770433654785156250e+02
2.302659999999999911e+02 2.620000000000000000e+02 1.770567321777343750e+02
2.306030000000000086e+02 1.030000000000000000e+02 1.770431213378906250e+02
2.309389999999999930e+02 1.710000000000000000e+02 1.770574035644531250e+02
2.312750000000000057e+02 2.260000000000000000e+02 1.770524291992187500e+02
2.316119999999999948e+02 1.770000000000000000e+02 1.770564575195312500e+02
2.319480000000000075e+02 1.340000000000000000e+02 1.770680694580078125e+02
2.322839999999999918e+02 1.480000000000000000e+02 1.770537414550781250e+02
2.326200000000000045e+02 1.250000000000000000e+02 1.770429382324218750e+02
2.329569999999999936e+02 2.120000000000000000e+02 1.770490875244140625e+02
2.332930000000000064e+02 1.040000000000000000e+02 1.770649414062500000e+02
2.336289999999999907e+02 1.450000000000000000e+02 1.770337524414062500e+02
2.339660000000000082e+02 1.340000000000000000e+02 1.770483398437500000e+02
2.343019999999999925e+02 1.450000000000000000e+02 1.770552978515625000e+02
2.346380000000000052e+02 1.550000000000000000e+02 1.770476989746093750e+02
2.349749999999999943e+02 7.400000000000000000e+01 1.770548858642578125e+02
2.353110000000000070e+02 8.400000000000000000e+01 1.770563507080078125e+02
