2.299300000000000068e+02 2.390000000000000000e+02 2.271592407226562500e+02
2.302659999999999911e+02 3.020000000000000000e+02 2.271520385742187500e+02
2.306030000000000086e+02 3.190000000000000000e+02 2.271604461669921875e+02
2.309389999999999930e+02 4.780000000000000000e+02 2.271596527099609375e+02
2.312750000000000057e+02 3.990000000000000000e+02 2.271571960449218750e+02
2.316119999999999948e+02 4.640000000000000000e+02 2.271622314453125000e+02
2.319480000000000075e+02 2.860000000000000000e+02 2.271638336181640625e+02
2.322839999999999918e+02 3.860000000000000000e+02 2.271571960449218750e+02
2.326200000000000045e+02 3.850000000000000000e+02 2.271560211181640625e+02
2.329569999999999936e+02 2.350000000000000000e+02 2.271532135009765625e+02
2.332930000000000064e+02 3.860000000000000000e+02 2.271580810546875000e+02
2.336289999999999907e+02 1.610000000000000000e+02 2.271581268310546875e+02
2.339660000000000082e+02 4.200000000000000000e+02 2.271583557128906250e+02
2.343019999999999925e+02 3.880000000000000000e+02 2.271558532714843750e+02
2.346380000000000052e+02 4.450000000000000000e+02 2.271598052978515625e+02
2.349749999999999943e+02 7.560000000000000000e+02 2.271571350097656250e+02
2.353110000000000070e+02 5.350000000000000000e+02 2.271584472656250000e+02
2.356469999999999914e+02 8.070000000000000000e+02 2.271613922119140625e+02
2.359830000000000041e+02 5.240000000000000000e+02 2.271575469970703125e+02
2.363199999999999932e+02 5.600000000000000000e+02 2.271583099365234375e+02
2.366560000000000059e+02 3.230000000000000000e+02 2.271609954833984375e+02
2.369919999999999902e+02 2.690000000000000000e+02 2.271547393798828125e+02
2.373290000000000077e+02 2.410000000000000000e+02 2.271521911621093750e+02
2.376649999999999920e+02 2.720000000000000000e+02 2.271544494628906250e+02
2.380029999999999859e+02 2.170000000000000000e+02 2.271490631103515625e+02
2.383389999999999986e+02 1.000000000000000000e+02 2.271621704101562500e+02
2.386750000000000114e+02 2.120000000000000000e+02 2.271663513183593750e+02
2.390120000000000005e+02 1.480000000000000000e+02 2.271482238769531250e+02
2.393489999999999895e+02 2.320000000000000000e+02 2.271623840332031250e+02
2.396850000000000023e+02 2.630000000000000000e+02 2.271633758544921875e+02
2.400219999999999914e+02 3.620000000000000000e+02 2.271632690429687500e+02
2.403580000000000041e+02 1.190000000000000000e+02 2.271678771972656250e+02
2.406949999999999932e+02 4.400000000000000000e+02 2.271616058349609375e+02
2.410310000000000059e+02 3.710000000000000000e+02 2.271731719970703125e+02
2.413679999999999950e+02 2.950000000000000000e+02 2.271617431640625000e+02
2.417040000000000077e+02 3.000000000000000000e+02 2.271611480712890625e+02
2.420399999999999920e+02 3.850000000000000000e+02 2.271632385253906250e+02
2.423770000000000095e+02 3.080000000000000000e+02 2.271609039306640625e+02
2.427129999999999939e+02 1.460000000000000000e+02 2.271458740234375000e+02
2.430500000000000114e+02 2.550000000000000000e+02 2.271605224609375000e+02
2.433859999999999957e+02 1.750000000000000000e+02 2.271644744873046875e+02
