3.153700000000000045e+02 7.600000000000000000e+01 5.811630249023437500e+02
3.157060000000000173e+02 2.750000000000000000e+02 5.811693725585937500e+02
3.160430000000000064e+02 2.080000000000000000e+02 5.811704711914062500e+02
3.163790000000000191e+02 2.500000000000000000e+02 5.811776123046875000e+02
3.167149999999999750e+02 2.440000000000000000e+02 5.811795043945312500e+02
3.170520000000000209e+02 2.100000000000000000e+02 5.811600341796875000e+02
3.173879999999999768e+02 2.970000000000000000e+02 5.811678466796875000e+02
3.177239999999999895e+02 2.240000000000000000e+02 5.811780395507812500e+02
3.180609999999999786e+02 3.250000000000000000e+02 5.811720581054687500e+02
3.183969999999999914e+02 1.770000000000000000e+02 5.811788330078125000e+02
3.187350000000000136e+02 2.100000000000000000e+02 5.811798095703125000e+02
3.190710000000000264e+02 2.250000000000000000e+02 5.811869506835937500e+02
3.194080000000000155e+02 2.060000000000000000e+02 5.811727905273437500e+02
3.197450000000000045e+02 3.010000000000000000e+02 5.811730346679687500e+02
3.200810000000000173e+02 2.590000000000000000e+02 5.811736450195312500e+02
3.204169999999999732e+02 3.390000000000000000e+02 5.811688842773437500e+02
3.207540000000000191e+02 3.520000000000000000e+02 5.811828613281250000e+02
3.210899999999999750e+02 5.240000000000000000e+02 5.811673583984375000e+02
3.214259999999999877e+02 3.060000000000000000e+02 5.811724243164062500e+02
3.217629999999999768e+02 3.410000000000000000e+02 5.811791992187500000e+02
3.220989999999999895e+02 4.350000000000000000e+02 5.811721801757812500e+02
3.224350000000000023e+02 4.830000000000000000e+02 5.811770629882812500e+02
3.227710000000000150e+02 5.630000000000000000e+02 5.811632080078125000e+02
3.231080000000000041e+02 6.320000000000000000e+02 5.811690673828125000e+02
3.234440000000000168e+02 6.990000000000000000e+02 5.811738281250000000e+02
3.237799999999999727e+02 6.540000000000000000e+02 5.811676025390625000e+02
3.241170000000000186e+02 7.940000000000000000e+02 5.811701049804687500e+02
3.244529999999999745e+02 6.460000000000000000e+02 5.811636352539062500e+02
3.247889999999999873e+02 6.220000000000000000e+02 5.811694946289062500e+02
3.251259999999999764e+02 7.530000000000000000e+02 5.811680297851562500e+02
3.254619999999999891e+02 5.150000000000000000e+02 5.811737060546875000e+02
3.257980000000000018e+02 5.720000000000000000e+02 5.811785278320312500e+02
3.261340000000000146e+02 4.920000000000000000e+02 5.811810302734375000e+02
3.264710000000000036e+02 2.680000000000000000e+02 5.811735839843750000e+02
3.268070000000000164e+02 2.590000000000000000e+02 5.811643676757812500e+02
3.271429999999999723e+02 2.270000000000000000e+02 5.811744995117187500e+02
3.274800000000000182e+02 3.080000000000000000e+02 5.811745605468750000e+02
3.278159999999999741e+02 1.890000000000000000e+02 5.811594848632812500e+02
3.281519999999999868e+02 9.500000000000000000e+01 5.811525878906250000e+02
