4.219899999999999807e+01 5.950000000000000000e+02 2.850105895996093750e+02
4.253600000000000136e+01 5.020000000000000000e+02 2.850078430175781250e+02
4.287199999999999989e+01 3.800000000000000000e+02 2.850095520019531250e+02
4.320799999999999841e+01 6.310000000000000000e+02 2.850171508789062500e+02
4.354500000000000171e+01 7.400000000000000000e+02 2.850306396484375000e+02
4.388100000000000023e+01 7.490000000000000000e+02 2.850307006835937500e+02
4.421699999999999875e+01 7.630000000000000000e+02 2.850258789062500000e+02
4.455400000000000205e+01 4.770000000000000000e+02 2.850203247070312500e+02
4.489000000000000057e+01 6.510000000000000000e+02 2.850252380371093750e+02
4.522599999999999909e+01 5.730000000000000000e+02 2.850242004394531250e+02
4.556199999999999761e+01 3.640000000000000000e+02 2.850155944824218750e+02
4.589900000000000091e+01 4.630000000000000000e+02 2.850143737792968750e+02
4.623700000000000188e+01 4.170000000000000000e+02 2.850070800781250000e+02
4.657300000000000040e+01 4.590000000000000000e+02 2.850110168457031250e+02
