1.845070000000000050e+02 1.650000000000000000e+02 3.341453552246093750e+02
1.848429999999999893e+02 1.250000000000000000e+02 3.341610717773437500e+02
1.851790000000000020e+02 3.890000000000000000e+02 3.341437377929687500e+02
1.855159999999999911e+02 2.700000000000000000e+02 3.341339416503906250e+02
1.858520000000000039e+02 3.950000000000000000e+02 3.341480102539062500e+02
1.861879999999999882e+02 3.810000000000000000e+02 3.341482849121093750e+02
1.865250000000000057e+02 2.920000000000000000e+02 3.341498107910156250e+02
1.868609999999999900e+02 4.490000000000000000e+02 3.341513061523437500e+02
1.871970000000000027e+02 4.610000000000000000e+02 3.341477966308593750e+02
1.875349999999999966e+02 7.420000000000000000e+02 3.341480407714843750e+02
1.878720000000000141e+02 6.960000000000000000e+02 3.341446838378906250e+02
1.882079999999999984e+02 5.170000000000000000e+02 3.341446533203125000e+02
1.885440000000000111e+02 4.160000000000000000e+02 3.341460266113281250e+02
1.888810000000000002e+02 5.510000000000000000e+02 3.341465759277343750e+02
1.892170000000000130e+02 4.010000000000000000e+02 3.341470336914062500e+02
1.895529999999999973e+02 6.400000000000000000e+02 3.341476440429687500e+02
1.898890000000000100e+02 2.670000000000000000e+02 3.341447143554687500e+02
1.902259999999999991e+02 3.880000000000000000e+02 3.341464843750000000e+02
1.905620000000000118e+02 1.650000000000000000e+02 3.341517028808593750e+02
1.908979999999999961e+02 2.590000000000000000e+02 3.341447753906250000e+02
1.912350000000000136e+02 1.410000000000000000e+02 3.341439514160156250e+02
1.915709999999999980e+02 1.800000000000000000e+02 3.341464843750000000e+02
1.919070000000000107e+02 2.040000000000000000e+02 3.341463928222656250e+02
1.922439999999999998e+02 2.690000000000000000e+02 3.341358032226562500e+02
