8.609880000000000564e+02 5.020000000000000000e+02 7.825524902343750000e+02
8.613239999999999554e+02 5.800000000000000000e+02 7.825404052734375000e+02
8.616599999999999682e+02 5.660000000000000000e+02 7.825487060546875000e+02
8.619959999999999809e+02 4.420000000000000000e+02 7.825496215820312500e+02
8.623319999999999936e+02 5.140000000000000000e+02 7.825496215820312500e+02
8.626680000000000064e+02 4.470000000000000000e+02 7.825488891601562500e+02
8.630040000000000191e+02 5.870000000000000000e+02 7.825457153320312500e+02
8.633400000000000318e+02 4.320000000000000000e+02 7.825542602539062500e+02
8.636760000000000446e+02 5.090000000000000000e+02 7.825552368164062500e+02
8.640180000000000291e+02 6.050000000000000000e+02 7.825438232421875000e+02
8.643479999999999563e+02 4.400000000000000000e+02 7.825589599609375000e+02
8.646900000000000546e+02 5.330000000000000000e+02 7.825523681640625000e+02
8.650259999999999536e+02 4.600000000000000000e+02 7.825572509765625000e+02
8.653619999999999663e+02 5.840000000000000000e+02 7.825504760742187500e+02
8.656979999999999791e+02 4.970000000000000000e+02 7.825456542968750000e+02
8.660339999999999918e+02 6.630000000000000000e+02 7.825501708984375000e+02
8.663700000000000045e+02 5.400000000000000000e+02 7.825575561523437500e+02
8.667060000000000173e+02 5.620000000000000000e+02 7.825604858398437500e+02
8.670420000000000300e+02 3.660000000000000000e+02 7.825494995117187500e+02
8.673780000000000427e+02 4.480000000000000000e+02 7.825601806640625000e+02
8.677140000000000555e+02 5.920000000000000000e+02 7.825581054687500000e+02
8.680499999999999545e+02 6.110000000000000000e+02 7.825472412109375000e+02
8.683859999999999673e+02 6.060000000000000000e+02 7.825472412109375000e+02
8.687219999999999800e+02 4.180000000000000000e+02 7.825524902343750000e+02
8.690579999999999927e+02 5.420000000000000000e+02 7.825524902343750000e+02
8.693940000000000055e+02 5.660000000000000000e+02 7.825535888671875000e+02
8.697359999999999900e+02 4.040000000000000000e+02 7.825557861328125000e+02
8.700720000000000027e+02 5.960000000000000000e+02 7.825509033203125000e+02
8.704080000000000155e+02 5.550000000000000000e+02 7.825536499023437500e+02
8.707440000000000282e+02 5.490000000000000000e+02 7.825571899414062500e+02
8.710800000000000409e+02 4.420000000000000000e+02 7.825442504882812500e+02
8.714160000000000537e+02 5.720000000000000000e+02 7.825440063476562500e+02
8.717519999999999527e+02 7.030000000000000000e+02 7.825505371093750000e+02
8.720879999999999654e+02 6.480000000000000000e+02 7.825523681640625000e+02
8.724239999999999782e+02 4.650000000000000000e+02 7.825600585937500000e+02
8.727599999999999909e+02 5.030000000000000000e+02 7.825540161132812500e+02
8.730960000000000036e+02 6.150000000000000000e+02 7.825549316406250000e+02
8.734320000000000164e+02 4.350000000000000000e+02 7.825588378906250000e+02
8.737680000000000291e+02 5.540000000000000000e+02 7.825533447265625000e+02
8.741040000000000418e+02 5.820000000000000000e+02 7.825514526367187500e+02
8.744460000000000264e+02 4.510000000000000000e+02 7.825526733398437500e+02
8.747759999999999536e+02 5.530000000000000000e+02 7.825543212890625000e+02
8.751180000000000518e+02 5.800000000000000000e+02 7.825457153320312500e+02
8.754539999999999509e+02 5.120000000000000000e+02 7.825617065429687500e+02
8.757899999999999636e+02 7.360000000000000000e+02 7.825482788085937500e+02
8.761259999999999764e+02 5.470000000000000000e+02 7.825575561523437500e+02
8.764619999999999891e+02 5.500000000000000000e+02 7.825502929687500000e+02
8.767980000000000018e+02 4.940000000000000000e+02 7.825664062500000000e+02
8.771340000000000146e+02 5.880000000000000000e+02 7.825629272460937500e+02
8.774700000000000273e+02 7.050000000000000000e+02 7.825501098632812500e+02
8.778060000000000400e+02 5.220000000000000000e+02 7.825465087890625000e+02
8.781420000000000528e+02 6.840000000000000000e+02 7.825527343750000000e+02
8.784779999999999518e+02 5.400000000000000000e+02 7.825542602539062500e+02
8.788139999999999645e+02 5.470000000000000000e+02 7.825473632812500000e+02
8.791499999999999773e+02 5.730000000000000000e+02 7.825473022460937500e+02
8.794859999999999900e+02 5.500000000000000000e+02 7.825494384765625000e+02
8.798220000000000027e+02 6.030000000000000000e+02 7.825493164062500000e+02
8.801580000000000155e+02 6.780000000000000000e+02 7.825473632812500000e+02
8.804940000000000282e+02 5.690000000000000000e+02 7.825516967773437500e+02
8.808300000000000409e+02 5.480000000000000000e+02 7.825455932617187500e+02
8.811720000000000255e+02 6.360000000000000000e+02 7.825536499023437500e+02
8.815019999999999527e+02 4.750000000000000000e+02 7.825531616210937500e+02
8.818440000000000509e+02 5.920000000000000000e+02 7.825534667968750000e+02
8.821799999999999500e+02 4.880000000000000000e+02 7.825613403320312500e+02
8.825159999999999627e+02 6.810000000000000000e+02 7.825512695312500000e+02
8.828519999999999754e+02 5.470000000000000000e+02 7.825558471679687500e+02
8.831879999999999882e+02 6.180000000000000000e+02 7.825473632812500000e+02
8.835240000000000009e+02 5.000000000000000000e+02 7.825541992187500000e+02
8.838600000000000136e+02 5.120000000000000000e+02 7.825631713867187500e+02
8.841960000000000264e+02 5.430000000000000000e+02 7.825522460937500000e+02
8.845320000000000391e+02 6.530000000000000000e+02 7.825550537109375000e+02
8.848680000000000518e+02 5.360000000000000000e+02 7.825480346679687500e+02
8.852039999999999509e+02 6.810000000000000000e+02 7.825498046875000000e+02
8.855460000000000491e+02 7.220000000000000000e+02 7.825480957031250000e+02
8.858819999999999482e+02 6.390000000000000000e+02 7.825526733398437500e+02
8.862179999999999609e+02 5.970000000000000000e+02 7.825541992187500000e+02
8.865539999999999736e+02 6.040000000000000000e+02 7.825585327148437500e+02
8.868899999999999864e+02 5.180000000000000000e+02 7.825513305664062500e+02
8.872259999999999991e+02 7.300000000000000000e+02 7.825542602539062500e+02
8.875620000000000118e+02 6.230000000000000000e+02 7.825603637695312500e+02
8.878980000000000246e+02 5.920000000000000000e+02 7.825516357421875000e+02
8.882340000000000373e+02 4.880000000000000000e+02 7.825436401367187500e+02
8.885700000000000500e+02 6.120000000000000000e+02 7.825521240234375000e+02
8.889059999999999491e+02 6.810000000000000000e+02 7.825556640625000000e+02
8.892419999999999618e+02 5.930000000000000000e+02 7.825511474609375000e+02
8.895779999999999745e+02 5.670000000000000000e+02 7.825587158203125000e+02
8.899139999999999873e+02 6.140000000000000000e+02 7.825481567382812500e+02
8.902500000000000000e+02 6.790000000000000000e+02 7.825536499023437500e+02
