2.036810000000000116e+02 1.690000000000000000e+02 4.571213684082031250e+02
2.040169999999999959e+02 2.270000000000000000e+02 4.571047363281250000e+02
2.043530000000000086e+02 2.930000000000000000e+02 4.571064758300781250e+02
2.046899999999999977e+02 3.790000000000000000e+02 4.571015930175781250e+02
2.050260000000000105e+02 2.850000000000000000e+02 4.570988159179687500e+02
2.053619999999999948e+02 2.930000000000000000e+02 4.571105651855468750e+02
2.056990000000000123e+02 4.910000000000000000e+02 4.571106567382812500e+02
2.060349999999999966e+02 7.250000000000000000e+02 4.571026611328125000e+02
2.063710000000000093e+02 6.110000000000000000e+02 4.571020202636718750e+02
2.067079999999999984e+02 3.070000000000000000e+02 4.571097717285156250e+02
2.070440000000000111e+02 2.950000000000000000e+02 4.571112976074218750e+02
2.073799999999999955e+02 2.220000000000000000e+02 4.571092834472656250e+02
2.077189999999999941e+02 1.610000000000000000e+02 4.571070251464843750e+02
2.080550000000000068e+02 3.400000000000000000e+02 4.571052246093750000e+02
2.083919999999999959e+02 2.470000000000000000e+02 4.571004943847656250e+02
2.087280000000000086e+02 1.590000000000000000e+02 4.571014099121093750e+02
2.090639999999999930e+02 1.000000000000000000e+02 4.570989685058593750e+02
2.094010000000000105e+02 1.170000000000000000e+02 4.571022644042968750e+02
