7.482960000000000491e+02 7.300000000000000000e+01 4.072178039550781250e+02
7.486319999999999482e+02 1.140000000000000000e+02 4.072077941894531250e+02
7.489679999999999609e+02 1.140000000000000000e+02 4.072018737792968750e+02
7.493039999999999736e+02 2.070000000000000000e+02 4.072031555175781250e+02
7.496399999999999864e+02 1.600000000000000000e+02 4.072014160156250000e+02
7.499819999999999709e+02 3.140000000000000000e+02 4.072089843750000000e+02
7.503179999999999836e+02 2.400000000000000000e+02 4.072064819335937500e+02
7.506539999999999964e+02 6.630000000000000000e+02 4.072060241699218750e+02
7.509840000000000373e+02 5.760000000000000000e+02 4.072108459472656250e+02
7.513260000000000218e+02 6.540000000000000000e+02 4.072140502929687500e+02
7.516620000000000346e+02 5.430000000000000000e+02 4.072170104980468750e+02
7.519980000000000473e+02 6.490000000000000000e+02 4.072062377929687500e+02
7.523339999999999463e+02 7.110000000000000000e+02 4.072044982910156250e+02
7.526699999999999591e+02 4.050000000000000000e+02 4.072104492187500000e+02
7.530059999999999718e+02 4.730000000000000000e+02 4.072058410644531250e+02
7.533419999999999845e+02 3.470000000000000000e+02 4.072064819335937500e+02
7.536779999999999973e+02 2.170000000000000000e+02 4.071971130371093750e+02
7.540140000000000100e+02 3.130000000000000000e+02 4.072091064453125000e+02
7.543500000000000227e+02 1.500000000000000000e+02 4.072185058593750000e+02
7.546860000000000355e+02 1.270000000000000000e+02 4.072190551757812500e+02
7.550280000000000200e+02 1.880000000000000000e+02 4.072076110839843750e+02
7.553640000000000327e+02 1.120000000000000000e+02 4.072179260253906250e+02
7.557000000000000455e+02 9.300000000000000000e+01 4.072161560058593750e+02
