9.151440000000000055e+02 5.870000000000000000e+02 7.425274658203125000e+02
9.154800000000000182e+02 4.410000000000000000e+02 7.425217285156250000e+02
9.158160000000000309e+02 4.430000000000000000e+02 7.425177001953125000e+02
9.161520000000000437e+02 4.250000000000000000e+02 7.425263061523437500e+02
9.164880000000000564e+02 4.610000000000000000e+02 7.425259399414062500e+02
9.168239999999999554e+02 6.240000000000000000e+02 7.425187377929687500e+02
9.171599999999999682e+02 5.170000000000000000e+02 7.425206298828125000e+02
9.174959999999999809e+02 4.330000000000000000e+02 7.425207519531250000e+02
9.178319999999999936e+02 5.090000000000000000e+02 7.425303955078125000e+02
9.181739999999999782e+02 3.800000000000000000e+02 7.425263671875000000e+02
9.185099999999999909e+02 5.420000000000000000e+02 7.425213012695312500e+02
9.188460000000000036e+02 5.610000000000000000e+02 7.425209350585937500e+02
9.191820000000000164e+02 4.620000000000000000e+02 7.425302124023437500e+02
9.195180000000000291e+02 4.220000000000000000e+02 7.425142211914062500e+02
9.198540000000000418e+02 4.320000000000000000e+02 7.425241088867187500e+02
9.201900000000000546e+02 4.880000000000000000e+02 7.425312500000000000e+02
9.205259999999999536e+02 6.340000000000000000e+02 7.425207519531250000e+02
9.208619999999999663e+02 5.560000000000000000e+02 7.425201416015625000e+02
9.211979999999999791e+02 5.330000000000000000e+02 7.425278320312500000e+02
9.215339999999999918e+02 5.210000000000000000e+02 7.425237426757812500e+02
9.218700000000000045e+02 4.940000000000000000e+02 7.425239257812500000e+02
9.222060000000000173e+02 5.720000000000000000e+02 7.425214843750000000e+02
9.225420000000000300e+02 5.840000000000000000e+02 7.425134887695312500e+02
9.228780000000000427e+02 4.870000000000000000e+02 7.425145263671875000e+02
9.232140000000000555e+02 5.020000000000000000e+02 7.425283813476562500e+02
9.235499999999999545e+02 3.720000000000000000e+02 7.425300292968750000e+02
9.238859999999999673e+02 3.640000000000000000e+02 7.425198364257812500e+02
9.242279999999999518e+02 5.090000000000000000e+02 7.425180053710937500e+02
9.245639999999999645e+02 4.940000000000000000e+02 7.425291748046875000e+02
9.248999999999999773e+02 4.880000000000000000e+02 7.425264282226562500e+02
9.252359999999999900e+02 5.680000000000000000e+02 7.425191650390625000e+02
9.255720000000000027e+02 6.680000000000000000e+02 7.425162353515625000e+02
9.259080000000000155e+02 5.600000000000000000e+02 7.425291748046875000e+02
9.262440000000000282e+02 5.350000000000000000e+02 7.425214233398437500e+02
9.265800000000000409e+02 6.470000000000000000e+02 7.425194702148437500e+02
9.269160000000000537e+02 5.520000000000000000e+02 7.425194702148437500e+02
9.272519999999999527e+02 5.320000000000000000e+02 7.425231323242187500e+02
9.275879999999999654e+02 6.070000000000000000e+02 7.425167236328125000e+02
9.279239999999999782e+02 4.790000000000000000e+02 7.425217285156250000e+02
9.282599999999999909e+02 5.240000000000000000e+02 7.425169677734375000e+02
9.285960000000000036e+02 4.680000000000000000e+02 7.425267944335937500e+02
9.289320000000000164e+02 5.140000000000000000e+02 7.425144042968750000e+02
9.292680000000000291e+02 5.800000000000000000e+02 7.425178222656250000e+02
9.296040000000000418e+02 5.420000000000000000e+02 7.425195312500000000e+02
9.299400000000000546e+02 4.170000000000000000e+02 7.425173339843750000e+02
9.302820000000000391e+02 5.790000000000000000e+02 7.425141601562500000e+02
9.306119999999999663e+02 4.740000000000000000e+02 7.425142211914062500e+02
9.309539999999999509e+02 5.350000000000000000e+02 7.425137939453125000e+02
9.312899999999999636e+02 4.580000000000000000e+02 7.425303955078125000e+02
9.316259999999999764e+02 3.780000000000000000e+02 7.425191040039062500e+02
9.319619999999999891e+02 4.450000000000000000e+02 7.425264892578125000e+02
9.322980000000000018e+02 4.620000000000000000e+02 7.425203857421875000e+02
9.326340000000000146e+02 4.350000000000000000e+02 7.425167236328125000e+02
9.329700000000000273e+02 3.870000000000000000e+02 7.425245971679687500e+02
9.333060000000000400e+02 5.110000000000000000e+02 7.425216674804687500e+02
9.336420000000000528e+02 4.000000000000000000e+02 7.425237426757812500e+02
9.339779999999999518e+02 5.000000000000000000e+02 7.425258178710937500e+02
9.343139999999999645e+02 5.570000000000000000e+02 7.425245971679687500e+02
9.346559999999999491e+02 3.830000000000000000e+02 7.425272827148437500e+02
9.349919999999999618e+02 4.650000000000000000e+02 7.425208129882812500e+02
9.353279999999999745e+02 5.690000000000000000e+02 7.425263671875000000e+02
9.356639999999999873e+02 4.270000000000000000e+02 7.425253295898437500e+02
9.360000000000000000e+02 4.770000000000000000e+02 7.425194091796875000e+02
9.363360000000000127e+02 5.580000000000000000e+02 7.425183715820312500e+02
9.366720000000000255e+02 5.300000000000000000e+02 7.425315551757812500e+02
9.370080000000000382e+02 5.190000000000000000e+02 7.425308227539062500e+02
9.373440000000000509e+02 5.670000000000000000e+02 7.425239257812500000e+02
9.376799999999999500e+02 6.330000000000000000e+02 7.425142822265625000e+02
9.380159999999999627e+02 5.160000000000000000e+02 7.425173950195312500e+02
9.383519999999999754e+02 4.600000000000000000e+02 7.425209350585937500e+02
9.386879999999999882e+02 5.490000000000000000e+02 7.425189819335937500e+02
9.390240000000000009e+02 5.110000000000000000e+02 7.425236206054687500e+02
9.393600000000000136e+02 4.640000000000000000e+02 7.425265502929687500e+02
9.396960000000000264e+02 5.180000000000000000e+02 7.425229492187500000e+02
9.400320000000000391e+02 4.530000000000000000e+02 7.425238647460937500e+02
