4.004759999999999991e+02 5.150000000000000000e+02 2.241037750244140625e+02
4.008120000000000118e+02 4.470000000000000000e+02 2.241008758544921875e+02
4.011480000000000246e+02 3.430000000000000000e+02 2.241037292480468750e+02
4.014850000000000136e+02 3.110000000000000000e+02 2.241051177978515625e+02
4.018210000000000264e+02 3.810000000000000000e+02 2.241049499511718750e+02
4.021569999999999823e+02 3.600000000000000000e+02 2.241018066406250000e+02
4.024940000000000282e+02 4.980000000000000000e+02 2.241048889160156250e+02
4.028299999999999841e+02 3.130000000000000000e+02 2.241018218994140625e+02
4.031659999999999968e+02 3.800000000000000000e+02 2.241074829101562500e+02
4.035020000000000095e+02 5.100000000000000000e+02 2.241025543212890625e+02
4.038389999999999986e+02 3.990000000000000000e+02 2.241077270507812500e+02
4.041750000000000114e+02 5.160000000000000000e+02 2.241026458740234375e+02
4.045110000000000241e+02 3.460000000000000000e+02 2.241121368408203125e+02
4.048480000000000132e+02 4.190000000000000000e+02 2.240997314453125000e+02
4.051840000000000259e+02 3.530000000000000000e+02 2.241046447753906250e+02
4.055199999999999818e+02 5.060000000000000000e+02 2.241016540527343750e+02
4.058570000000000277e+02 4.680000000000000000e+02 2.241035766601562500e+02
4.061929999999999836e+02 3.730000000000000000e+02 2.241041717529296875e+02
4.065289999999999964e+02 5.010000000000000000e+02 2.241063995361328125e+02
4.068659999999999854e+02 4.120000000000000000e+02 2.240999450683593750e+02
4.072019999999999982e+02 5.910000000000000000e+02 2.241026306152343750e+02
4.075380000000000109e+02 2.290000000000000000e+02 2.241054534912109375e+02
4.078740000000000236e+02 4.650000000000000000e+02 2.241045074462890625e+02
4.082110000000000127e+02 5.660000000000000000e+02 2.241013946533203125e+02
4.085470000000000255e+02 4.670000000000000000e+02 2.241055603027343750e+02
4.088840000000000146e+02 5.060000000000000000e+02 2.240998382568359375e+02
4.092200000000000273e+02 4.630000000000000000e+02 2.241053009033203125e+02
4.095579999999999927e+02 3.500000000000000000e+02 2.241054992675781250e+02
4.098940000000000055e+02 4.480000000000000000e+02 2.241056671142578125e+02
4.102300000000000182e+02 5.850000000000000000e+02 2.241018981933593750e+02
4.105670000000000073e+02 6.210000000000000000e+02 2.241096343994140625e+02
4.109030000000000200e+02 3.600000000000000000e+02 2.241054840087890625e+02
4.112389999999999759e+02 4.480000000000000000e+02 2.241055450439453125e+02
4.115760000000000218e+02 5.880000000000000000e+02 2.241002655029296875e+02
4.119119999999999777e+02 4.360000000000000000e+02 2.241045532226562500e+02
4.122479999999999905e+02 6.010000000000000000e+02 2.241036529541015625e+02
4.125849999999999795e+02 4.260000000000000000e+02 2.241032714843750000e+02
4.129209999999999923e+02 3.820000000000000000e+02 2.241016693115234375e+02
4.132570000000000050e+02 2.980000000000000000e+02 2.241044769287109375e+02
4.135939999999999941e+02 5.000000000000000000e+02 2.241003570556640625e+02
4.139300000000000068e+02 5.770000000000000000e+02 2.241005706787109375e+02
4.142669999999999959e+02 5.560000000000000000e+02 2.241035156250000000e+02
4.146030000000000086e+02 5.020000000000000000e+02 2.241008300781250000e+02
4.149390000000000214e+02 4.060000000000000000e+02 2.241071319580078125e+02
4.152760000000000105e+02 6.260000000000000000e+02 2.241014556884765625e+02
4.156120000000000232e+02 5.020000000000000000e+02 2.241027221679687500e+02
4.159479999999999791e+02 5.470000000000000000e+02 2.241024475097656250e+02
4.162839999999999918e+02 3.170000000000000000e+02 2.240994567871093750e+02
4.166209999999999809e+02 3.740000000000000000e+02 2.241006011962890625e+02
4.169569999999999936e+02 4.580000000000000000e+02 2.241037292480468750e+02
4.172930000000000064e+02 5.150000000000000000e+02 2.241007385253906250e+02
4.176299999999999955e+02 4.800000000000000000e+02 2.241040649414062500e+02
4.179660000000000082e+02 3.720000000000000000e+02 2.241063842773437500e+02
4.183020000000000209e+02 5.020000000000000000e+02 2.241032714843750000e+02
4.186390000000000100e+02 4.980000000000000000e+02 2.241006927490234375e+02
4.189750000000000227e+02 5.150000000000000000e+02 2.241025695800781250e+02
4.193109999999999786e+02 5.150000000000000000e+02 2.240996398925781250e+02
4.196490000000000009e+02 3.330000000000000000e+02 2.241070251464843750e+02
4.199850000000000136e+02 4.120000000000000000e+02 2.241020965576171875e+02
4.203220000000000027e+02 3.480000000000000000e+02 2.241001892089843750e+02
4.206580000000000155e+02 4.700000000000000000e+02 2.241012878417968750e+02
4.209940000000000282e+02 5.010000000000000000e+02 2.241039581298828125e+02
4.213310000000000173e+02 2.650000000000000000e+02 2.241043853759765625e+02
4.216669999999999732e+02 4.620000000000000000e+02 2.241030120849609375e+02
4.220029999999999859e+02 3.200000000000000000e+02 2.241071319580078125e+02
4.223389999999999986e+02 4.700000000000000000e+02 2.241026458740234375e+02
4.226759999999999877e+02 4.560000000000000000e+02 2.241021423339843750e+02
4.230120000000000005e+02 5.590000000000000000e+02 2.241014862060546875e+02
4.233480000000000132e+02 4.700000000000000000e+02 2.241043243408203125e+02
4.236850000000000023e+02 4.510000000000000000e+02 2.241055755615234375e+02
4.240210000000000150e+02 4.350000000000000000e+02 2.241032104492187500e+02
4.243570000000000277e+02 3.840000000000000000e+02 2.241010894775390625e+02
4.246940000000000168e+02 3.440000000000000000e+02 2.241013183593750000e+02
4.250299999999999727e+02 2.880000000000000000e+02 2.241085205078125000e+02
4.253659999999999854e+02 3.810000000000000000e+02 2.241032562255859375e+02
4.257019999999999982e+02 2.660000000000000000e+02 2.241022644042968750e+02
4.260389999999999873e+02 5.000000000000000000e+02 2.241107788085937500e+02
4.263750000000000000e+02 3.350000000000000000e+02 2.241012115478515625e+02
4.267119999999999891e+02 4.590000000000000000e+02 2.241014099121093750e+02
4.270480000000000018e+02 3.060000000000000000e+02 2.241092224121093750e+02
4.273840000000000146e+02 2.690000000000000000e+02 2.241029357910156250e+02
4.277200000000000273e+02 3.650000000000000000e+02 2.241109008789062500e+02
4.280570000000000164e+02 2.600000000000000000e+02 2.240995178222656250e+02
4.283929999999999723e+02 2.770000000000000000e+02 2.240985107421875000e+02
4.287289999999999850e+02 3.440000000000000000e+02 2.241060333251953125e+02
4.290659999999999741e+02 2.680000000000000000e+02 2.241009368896484375e+02
4.294019999999999868e+02 4.260000000000000000e+02 2.241016540527343750e+02
4.297409999999999854e+02 2.930000000000000000e+02 2.241019439697265625e+02
