3.570819999999999936e+02 1.390000000000000000e+02 3.391046752929687500e+02
3.574180000000000064e+02 1.410000000000000000e+02 3.391164550781250000e+02
3.577540000000000191e+02 1.970000000000000000e+02 3.391237792968750000e+02
3.580899999999999750e+02 3.230000000000000000e+02 3.391210632324218750e+02
3.584270000000000209e+02 3.420000000000000000e+02 3.391105041503906250e+02
3.587629999999999768e+02 2.510000000000000000e+02 3.391135253906250000e+02
3.591009999999999991e+02 4.200000000000000000e+02 3.391152954101562500e+02
3.594370000000000118e+02 6.160000000000000000e+02 3.391123962402343750e+02
3.597740000000000009e+02 5.920000000000000000e+02 3.391156311035156250e+02
3.601100000000000136e+02 4.660000000000000000e+02 3.391156616210937500e+02
3.604460000000000264e+02 3.770000000000000000e+02 3.391114807128906250e+02
3.607819999999999823e+02 3.550000000000000000e+02 3.391166381835937500e+02
3.611190000000000282e+02 4.520000000000000000e+02 3.391129455566406250e+02
3.614549999999999841e+02 3.680000000000000000e+02 3.391129760742187500e+02
3.617909999999999968e+02 2.900000000000000000e+02 3.391221923828125000e+02
3.621279999999999859e+02 2.660000000000000000e+02 3.391120910644531250e+02
