7.223940000000000055e+02 8.000000000000000000e+01 1.610964202880859375e+02
7.227300000000000182e+02 1.130000000000000000e+02 1.611018066406250000e+02
7.230720000000000027e+02 1.530000000000000000e+02 1.610942382812500000e+02
7.234020000000000437e+02 1.710000000000000000e+02 1.610940093994140625e+02
7.237440000000000282e+02 1.470000000000000000e+02 1.610976104736328125e+02
7.240800000000000409e+02 2.740000000000000000e+02 1.610937652587890625e+02
7.244160000000000537e+02 3.530000000000000000e+02 1.610945587158203125e+02
7.247519999999999527e+02 3.230000000000000000e+02 1.610928344726562500e+02
7.250879999999999654e+02 4.230000000000000000e+02 1.610959014892578125e+02
7.254239999999999782e+02 4.500000000000000000e+02 1.610939636230468750e+02
7.257599999999999909e+02 6.150000000000000000e+02 1.610929565429687500e+02
7.260960000000000036e+02 3.180000000000000000e+02 1.610951538085937500e+02
7.264320000000000164e+02 3.410000000000000000e+02 1.610950012207031250e+02
7.267680000000000291e+02 2.410000000000000000e+02 1.610996856689453125e+02
7.271040000000000418e+02 1.750000000000000000e+02 1.610948791503906250e+02
7.274400000000000546e+02 2.130000000000000000e+02 1.610919647216796875e+02
7.277759999999999536e+02 1.190000000000000000e+02 1.611046447753906250e+02
7.281119999999999663e+02 8.800000000000000000e+01 1.610898284912109375e+02
7.284479999999999791e+02 5.300000000000000000e+01 1.611081390380859375e+02
7.287899999999999636e+02 4.200000000000000000e+01 1.610938873291015625e+02
7.291259999999999764e+02 9.600000000000000000e+01 1.610911254882812500e+02
7.294619999999999891e+02 1.080000000000000000e+02 1.610948333740234375e+02
7.297980000000000018e+02 9.800000000000000000e+01 1.611086578369140625e+02
7.301340000000000146e+02 7.000000000000000000e+01 1.610930633544921875e+02
7.304700000000000273e+02 4.500000000000000000e+01 1.610920410156250000e+02
7.308060000000000400e+02 5.300000000000000000e+01 1.611114959716796875e+02
7.311420000000000528e+02 5.600000000000000000e+01 1.610916442871093750e+02
