2.117549999999999955e+02 1.840000000000000000e+02 2.390715637207031250e+02
2.120920000000000130e+02 1.870000000000000000e+02 2.390639343261718750e+02
2.124279999999999973e+02 5.550000000000000000e+02 2.390669403076171875e+02
2.127640000000000100e+02 1.121000000000000000e+03 2.390611877441406250e+02
2.130999999999999943e+02 1.058000000000000000e+03 2.390597991943359375e+02
2.134370000000000118e+02 1.389000000000000000e+03 2.390631103515625000e+02
2.137729999999999961e+02 1.555000000000000000e+03 2.390614013671875000e+02
2.141090000000000089e+02 1.384000000000000000e+03 2.390605926513671875e+02
2.144459999999999980e+02 1.123000000000000000e+03 2.390605926513671875e+02
2.147820000000000107e+02 9.690000000000000000e+02 2.390602874755859375e+02
2.151179999999999950e+02 1.183000000000000000e+03 2.390621490478515625e+02
2.154550000000000125e+02 1.225000000000000000e+03 2.390603790283203125e+02
2.157909999999999968e+02 9.790000000000000000e+02 2.390618286132812500e+02
2.161270000000000095e+02 1.041000000000000000e+03 2.390602264404296875e+02
2.164639999999999986e+02 6.270000000000000000e+02 2.390615386962890625e+02
2.168000000000000114e+02 5.390000000000000000e+02 2.390615844726562500e+02
2.171359999999999957e+02 2.690000000000000000e+02 2.390567474365234375e+02
2.174720000000000084e+02 3.090000000000000000e+02 2.390686340332031250e+02
2.178100000000000023e+02 3.370000000000000000e+02 2.390673980712890625e+02
