2.124279999999999973e+02 1.280000000000000000e+02 1.310693206787109375e+02
2.127640000000000100e+02 2.550000000000000000e+02 1.310700683593750000e+02
2.130999999999999943e+02 2.510000000000000000e+02 1.310696868896484375e+02
2.134370000000000118e+02 4.060000000000000000e+02 1.310665130615234375e+02
2.137729999999999961e+02 4.120000000000000000e+02 1.310713958740234375e+02
2.141090000000000089e+02 4.360000000000000000e+02 1.310670318603515625e+02
2.144459999999999980e+02 4.510000000000000000e+02 1.310665435791015625e+02
2.147820000000000107e+02 5.190000000000000000e+02 1.310688476562500000e+02
2.151179999999999950e+02 5.490000000000000000e+02 1.310707855224609375e+02
2.154550000000000125e+02 5.250000000000000000e+02 1.310674133300781250e+02
2.157909999999999968e+02 4.560000000000000000e+02 1.310668182373046875e+02
2.161270000000000095e+02 4.010000000000000000e+02 1.310670928955078125e+02
2.164639999999999986e+02 3.630000000000000000e+02 1.310689086914062500e+02
2.168000000000000114e+02 2.630000000000000000e+02 1.310683288574218750e+02
2.171359999999999957e+02 3.710000000000000000e+02 1.310675659179687500e+02
2.174720000000000084e+02 1.520000000000000000e+02 1.310718231201171875e+02
2.178100000000000023e+02 2.640000000000000000e+02 1.310688323974609375e+02
2.181469999999999914e+02 2.090000000000000000e+02 1.310693359375000000e+02
2.184830000000000041e+02 1.280000000000000000e+02 1.310698242187500000e+02
2.188189999999999884e+02 1.450000000000000000e+02 1.310694427490234375e+02
2.191560000000000059e+02 8.100000000000000000e+01 1.310589447021484375e+02
2.194919999999999902e+02 9.700000000000000000e+01 1.310649871826171875e+02
2.198280000000000030e+02 1.500000000000000000e+02 1.310675354003906250e+02
2.201639999999999873e+02 7.400000000000000000e+01 1.310744018554687500e+02
2.205010000000000048e+02 7.100000000000000000e+01 1.310799713134765625e+02
2.208369999999999891e+02 6.300000000000000000e+01 1.310737762451171875e+02
2.211730000000000018e+02 3.600000000000000000e+01 1.310831909179687500e+02
2.215099999999999909e+02 1.100000000000000000e+02 1.310608367919921875e+02
2.218460000000000036e+02 3.900000000000000000e+01 1.310773620605468750e+02
2.221819999999999879e+02 1.190000000000000000e+02 1.310792999267578125e+02
2.225190000000000055e+02 6.800000000000000000e+01 1.310712738037109375e+02
2.228549999999999898e+02 6.300000000000000000e+01 1.310691070556640625e+02
2.231910000000000025e+02 8.000000000000000000e+01 1.310548400878906250e+02
2.235269999999999868e+02 5.600000000000000000e+01 1.310636901855468750e+02
2.238640000000000043e+02 5.400000000000000000e+01 1.310521697998046875e+02
2.242019999999999982e+02 7.500000000000000000e+01 1.310551757812500000e+02
2.245380000000000109e+02 7.600000000000000000e+01 1.310593109130859375e+02
2.248750000000000000e+02 9.000000000000000000e+01 1.310561065673828125e+02
