4.327669999999999959e+02 4.130000000000000000e+02 6.002801513671875000e+02
4.331030000000000086e+02 3.860000000000000000e+02 6.002904052734375000e+02
4.334399999999999977e+02 4.550000000000000000e+02 6.002840576171875000e+02
4.337760000000000105e+02 4.460000000000000000e+02 6.002804565429687500e+02
4.341120000000000232e+02 3.650000000000000000e+02 6.002813110351562500e+02
4.344490000000000123e+02 5.180000000000000000e+02 6.002833251953125000e+02
4.347850000000000250e+02 3.910000000000000000e+02 6.002813720703125000e+02
4.351209999999999809e+02 2.300000000000000000e+02 6.002951049804687500e+02
4.354580000000000268e+02 3.970000000000000000e+02 6.002904052734375000e+02
4.357939999999999827e+02 7.900000000000000000e+01 6.002960205078125000e+02
4.361299999999999955e+02 1.980000000000000000e+02 6.002703247070312500e+02
4.364660000000000082e+02 1.070000000000000000e+02 6.002712402343750000e+02
4.368029999999999973e+02 1.050000000000000000e+02 6.002776489257812500e+02
4.371390000000000100e+02 1.390000000000000000e+02 6.002722167968750000e+02
