3.483349999999999795e+02 3.650000000000000000e+02 3.731423950195312500e+02
3.486709999999999923e+02 3.640000000000000000e+02 3.731456909179687500e+02
3.490090000000000146e+02 6.940000000000000000e+02 3.731445007324218750e+02
3.493460000000000036e+02 1.420000000000000000e+03 3.731451110839843750e+02
3.496820000000000164e+02 1.792000000000000000e+03 3.731390075683593750e+02
3.500179999999999723e+02 2.681000000000000000e+03 3.731405639648437500e+02
3.503550000000000182e+02 2.675000000000000000e+03 3.731417846679687500e+02
3.506909999999999741e+02 4.019000000000000000e+03 3.731415405273437500e+02
3.510280000000000200e+02 3.871000000000000000e+03 3.731407470703125000e+02
3.513639999999999759e+02 3.569000000000000000e+03 3.731411132812500000e+02
3.516999999999999886e+02 3.429000000000000000e+03 3.731409912109375000e+02
3.520360000000000014e+02 2.705000000000000000e+03 3.731418762207031250e+02
3.523729999999999905e+02 1.968000000000000000e+03 3.731425170898437500e+02
3.527090000000000032e+02 1.675000000000000000e+03 3.731461181640625000e+02
3.530450000000000159e+02 1.649000000000000000e+03 3.731448364257812500e+02
3.533820000000000050e+02 1.010000000000000000e+03 3.731457519531250000e+02
3.537180000000000177e+02 6.160000000000000000e+02 3.731384582519531250e+02
3.540550000000000068e+02 6.110000000000000000e+02 3.731393737792968750e+02
3.543910000000000196e+02 4.890000000000000000e+02 3.731456604003906250e+02
3.547269999999999754e+02 4.490000000000000000e+02 3.731428222656250000e+02
3.550640000000000214e+02 3.740000000000000000e+02 3.731476440429687500e+02
