5.394009999999999536e+02 1.230000000000000000e+02 2.870787048339843750e+02
5.397369999999999663e+02 3.080000000000000000e+02 2.870798950195312500e+02
5.400739999999999554e+02 4.620000000000000000e+02 2.870745239257812500e+02
5.404099999999999682e+02 8.910000000000000000e+02 2.870799865722656250e+02
5.407480000000000473e+02 1.337000000000000000e+03 2.870752563476562500e+02
5.410839999999999463e+02 2.077000000000000000e+03 2.870743103027343750e+02
5.414210000000000491e+02 2.615000000000000000e+03 2.870765991210937500e+02
5.417569999999999482e+02 2.899000000000000000e+03 2.870763244628906250e+02
5.420929999999999609e+02 2.992000000000000000e+03 2.870772705078125000e+02
5.424299999999999500e+02 3.940000000000000000e+03 2.870761718750000000e+02
5.427659999999999627e+02 3.484000000000000000e+03 2.870758056640625000e+02
5.431019999999999754e+02 2.848000000000000000e+03 2.870758361816406250e+02
5.434389999999999645e+02 2.661000000000000000e+03 2.870749511718750000e+02
5.437749999999999773e+02 2.526000000000000000e+03 2.870757141113281250e+02
5.441109999999999900e+02 2.245000000000000000e+03 2.870761718750000000e+02
5.444470000000000027e+02 1.769000000000000000e+03 2.870765380859375000e+02
5.447839999999999918e+02 1.324000000000000000e+03 2.870752563476562500e+02
5.451200000000000045e+02 1.143000000000000000e+03 2.870789184570312500e+02
5.454560000000000173e+02 8.620000000000000000e+02 2.870749511718750000e+02
5.457930000000000064e+02 6.380000000000000000e+02 2.870786132812500000e+02
5.461290000000000191e+02 4.340000000000000000e+02 2.870846557617187500e+02
5.464650000000000318e+02 2.700000000000000000e+02 2.870814514160156250e+02
5.468020000000000209e+02 2.330000000000000000e+02 2.870804443359375000e+02
5.471380000000000337e+02 1.430000000000000000e+02 2.870824279785156250e+02
5.474740000000000464e+02 1.580000000000000000e+02 2.870759887695312500e+02
5.478110000000000355e+02 1.170000000000000000e+02 2.870807189941406250e+02
5.481480000000000246e+02 1.490000000000000000e+02 2.870798034667968750e+02
