6.460380000000000109e+02 2.480000000000000000e+02 5.754891967773437500e+02
6.463740000000000236e+02 2.090000000000000000e+02 5.755003051757812500e+02
6.467100000000000364e+02 3.870000000000000000e+02 5.754849853515625000e+02
6.470460000000000491e+02 1.730000000000000000e+02 5.754840087890625000e+02
6.473819999999999482e+02 1.940000000000000000e+02 5.754931640625000000e+02
6.477179999999999609e+02 3.480000000000000000e+02 5.754906005859375000e+02
6.480539999999999736e+02 2.110000000000000000e+02 5.754922485351562500e+02
6.483899999999999864e+02 3.690000000000000000e+02 5.754876098632812500e+02
6.487259999999999991e+02 2.110000000000000000e+02 5.754963989257812500e+02
6.490620000000000118e+02 3.760000000000000000e+02 5.754880371093750000e+02
6.493980000000000246e+02 3.040000000000000000e+02 5.754901123046875000e+02
6.497340000000000373e+02 2.840000000000000000e+02 5.754900512695312500e+02
6.500760000000000218e+02 3.320000000000000000e+02 5.754904785156250000e+02
6.504120000000000346e+02 2.220000000000000000e+02 5.754952392578125000e+02
6.507480000000000473e+02 3.200000000000000000e+02 5.754943237304687500e+02
6.510839999999999463e+02 2.390000000000000000e+02 5.754878540039062500e+02
6.514199999999999591e+02 3.410000000000000000e+02 5.754957885742187500e+02
6.517559999999999718e+02 2.190000000000000000e+02 5.755053100585937500e+02
6.520919999999999845e+02 2.490000000000000000e+02 5.755038452148437500e+02
6.524279999999999973e+02 2.790000000000000000e+02 5.754923095703125000e+02
6.527640000000000100e+02 2.530000000000000000e+02 5.754843139648437500e+02
6.531000000000000227e+02 3.230000000000000000e+02 5.754956054687500000e+02
6.534360000000000355e+02 3.660000000000000000e+02 5.754898681640625000e+02
6.537720000000000482e+02 2.810000000000000000e+02 5.754859619140625000e+02
6.541079999999999472e+02 2.460000000000000000e+02 5.754967041015625000e+02
6.544500000000000455e+02 2.380000000000000000e+02 5.755009155273437500e+02
6.547859999999999445e+02 2.180000000000000000e+02 5.754924316406250000e+02
6.551219999999999573e+02 3.000000000000000000e+02 5.754855346679687500e+02
6.554579999999999700e+02 2.330000000000000000e+02 5.754968261718750000e+02
6.557939999999999827e+02 4.320000000000000000e+02 5.754820556640625000e+02
6.561299999999999955e+02 2.470000000000000000e+02 5.754906616210937500e+02
6.564660000000000082e+02 2.750000000000000000e+02 5.754850463867187500e+02
6.568020000000000209e+02 2.390000000000000000e+02 5.754872436523437500e+02
6.571380000000000337e+02 2.090000000000000000e+02 5.754992065429687500e+02
6.574740000000000464e+02 2.890000000000000000e+02 5.754941406250000000e+02
6.578099999999999454e+02 2.750000000000000000e+02 5.754957275390625000e+02
6.581459999999999582e+02 2.160000000000000000e+02 5.754998168945312500e+02
6.584819999999999709e+02 2.970000000000000000e+02 5.754938354492187500e+02
6.588179999999999836e+02 2.470000000000000000e+02 5.754965820312500000e+02
6.591539999999999964e+02 2.820000000000000000e+02 5.754934082031250000e+02
6.594900000000000091e+02 3.150000000000000000e+02 5.754948120117187500e+02
6.598260000000000218e+02 2.620000000000000000e+02 5.754942626953125000e+02
6.601620000000000346e+02 3.350000000000000000e+02 5.754840698242187500e+02
6.604980000000000473e+02 2.120000000000000000e+02 5.754941406250000000e+02
6.608339999999999463e+02 4.720000000000000000e+02 5.754866943359375000e+02
6.611760000000000446e+02 3.000000000000000000e+02 5.754869995117187500e+02
6.615119999999999436e+02 2.370000000000000000e+02 5.754901123046875000e+02
6.618479999999999563e+02 3.540000000000000000e+02 5.754982910156250000e+02
6.621839999999999691e+02 2.790000000000000000e+02 5.754896850585937500e+02
6.625199999999999818e+02 3.870000000000000000e+02 5.754995117187500000e+02
6.628559999999999945e+02 3.470000000000000000e+02 5.754884643554687500e+02
6.631920000000000073e+02 1.810000000000000000e+02 5.755026245117187500e+02
6.635280000000000200e+02 2.470000000000000000e+02 5.754902954101562500e+02
6.638640000000000327e+02 3.430000000000000000e+02 5.754974365234375000e+02
6.642000000000000455e+02 3.270000000000000000e+02 5.754950561523437500e+02
6.645359999999999445e+02 2.140000000000000000e+02 5.754916381835937500e+02
6.648719999999999573e+02 2.300000000000000000e+02 5.754904785156250000e+02
6.652079999999999700e+02 3.190000000000000000e+02 5.754960937500000000e+02
6.655439999999999827e+02 2.610000000000000000e+02 5.755032958984375000e+02
6.658859999999999673e+02 2.000000000000000000e+02 5.754822998046875000e+02
6.662219999999999800e+02 3.090000000000000000e+02 5.754885253906250000e+02
6.665579999999999927e+02 3.030000000000000000e+02 5.754882202148437500e+02
6.668940000000000055e+02 3.180000000000000000e+02 5.754910888671875000e+02
6.672300000000000182e+02 1.610000000000000000e+02 5.755013427734375000e+02
6.675660000000000309e+02 3.370000000000000000e+02 5.754903564453125000e+02
6.679020000000000437e+02 2.000000000000000000e+02 5.754948730468750000e+02
6.682380000000000564e+02 4.570000000000000000e+02 5.754843750000000000e+02
6.685739999999999554e+02 2.780000000000000000e+02 5.754975585937500000e+02
6.689099999999999682e+02 3.440000000000000000e+02 5.754896240234375000e+02
6.692459999999999809e+02 2.980000000000000000e+02 5.754935913085937500e+02
6.695819999999999936e+02 3.140000000000000000e+02 5.754906616210937500e+02
6.699180000000000064e+02 3.160000000000000000e+02 5.754884643554687500e+02
6.702540000000000191e+02 2.660000000000000000e+02 5.754984130859375000e+02
6.705900000000000318e+02 2.860000000000000000e+02 5.754910888671875000e+02
6.709260000000000446e+02 3.250000000000000000e+02 5.754893798828125000e+02
6.712619999999999436e+02 3.140000000000000000e+02 5.754932861328125000e+02
6.716040000000000418e+02 3.360000000000000000e+02 5.754887695312500000e+02
6.719400000000000546e+02 2.900000000000000000e+02 5.754926147460937500e+02
6.722759999999999536e+02 3.320000000000000000e+02 5.754906616210937500e+02
6.726119999999999663e+02 2.210000000000000000e+02 5.754989624023437500e+02
6.729479999999999791e+02 2.490000000000000000e+02 5.754946899414062500e+02
6.732839999999999918e+02 5.330000000000000000e+02 5.754884033203125000e+02
6.736200000000000045e+02 4.220000000000000000e+02 5.754942016601562500e+02
6.739560000000000173e+02 3.450000000000000000e+02 5.754847412109375000e+02
6.742920000000000300e+02 4.460000000000000000e+02 5.754871215820312500e+02
6.746280000000000427e+02 3.380000000000000000e+02 5.754911499023437500e+02
6.749640000000000555e+02 3.850000000000000000e+02 5.754890747070312500e+02
6.752999999999999545e+02 2.460000000000000000e+02 5.754956665039062500e+02
