3.833199999999999932e+02 1.520000000000000000e+02 2.581065063476562500e+02
3.836569999999999823e+02 1.980000000000000000e+02 2.581200256347656250e+02
3.839929999999999950e+02 2.420000000000000000e+02 2.581212768554687500e+02
3.843290000000000077e+02 2.520000000000000000e+02 2.581199645996093750e+02
3.846650000000000205e+02 3.350000000000000000e+02 2.581242370605468750e+02
3.850020000000000095e+02 4.250000000000000000e+02 2.581244506835937500e+02
3.853380000000000223e+02 3.780000000000000000e+02 2.581253356933593750e+02
3.856739999999999782e+02 3.120000000000000000e+02 2.581276245117187500e+02
3.860110000000000241e+02 2.520000000000000000e+02 2.581258239746093750e+02
3.863469999999999800e+02 1.480000000000000000e+02 2.581172485351562500e+02
3.866829999999999927e+02 1.740000000000000000e+02 2.581114501953125000e+02
