3.328620000000000232e+02 1.730000000000000000e+02 2.130472106933593750e+02
3.331979999999999791e+02 2.650000000000000000e+02 2.130423889160156250e+02
3.335350000000000250e+02 1.950000000000000000e+02 2.130428314208984375e+02
3.338709999999999809e+02 2.870000000000000000e+02 2.130400390625000000e+02
3.342069999999999936e+02 2.960000000000000000e+02 2.130341339111328125e+02
3.345439999999999827e+02 3.640000000000000000e+02 2.130357971191406250e+02
3.348809999999999718e+02 2.150000000000000000e+02 2.130302734375000000e+02
3.352169999999999845e+02 4.070000000000000000e+02 2.130358428955078125e+02
3.355539999999999736e+02 3.630000000000000000e+02 2.130413665771484375e+02
3.358899999999999864e+02 1.870000000000000000e+02 2.130442962646484375e+02
3.362269999999999754e+02 2.240000000000000000e+02 2.130343017578125000e+02
3.365629999999999882e+02 2.310000000000000000e+02 2.130381622314453125e+02
3.368990000000000009e+02 1.580000000000000000e+02 2.130456085205078125e+02
3.372359999999999900e+02 2.120000000000000000e+02 2.130429992675781250e+02
3.375720000000000027e+02 3.360000000000000000e+02 2.130428009033203125e+02
3.379080000000000155e+02 2.280000000000000000e+02 2.130455627441406250e+02
3.382440000000000282e+02 3.150000000000000000e+02 2.130372924804687500e+02
3.385810000000000173e+02 1.640000000000000000e+02 2.130448913574218750e+02
3.389189999999999827e+02 2.430000000000000000e+02 2.130415191650390625e+02
3.392549999999999955e+02 1.610000000000000000e+02 2.130504302978515625e+02
3.395910000000000082e+02 1.290000000000000000e+02 2.130423431396484375e+02
3.399279999999999973e+02 1.560000000000000000e+02 2.130367889404296875e+02
3.402640000000000100e+02 1.750000000000000000e+02 2.130361022949218750e+02
3.406000000000000227e+02 9.100000000000000000e+01 2.130521240234375000e+02
