1.347239999999999895e+02 6.000000000000000000e+01 3.640679321289062500e+02
1.350600000000000023e+02 8.300000000000000000e+01 3.640748596191406250e+02
1.353969999999999914e+02 2.840000000000000000e+02 3.640717163085937500e+02
1.357330000000000041e+02 4.680000000000000000e+02 3.640849304199218750e+02
1.360689999999999884e+02 8.540000000000000000e+02 3.640775146484375000e+02
1.364060000000000059e+02 1.154000000000000000e+03 3.640765380859375000e+02
1.367419999999999902e+02 1.670000000000000000e+03 3.640769348144531250e+02
1.370800000000000125e+02 2.157000000000000000e+03 3.640764465332031250e+02
1.374159999999999968e+02 2.367000000000000000e+03 3.640773315429687500e+02
1.377520000000000095e+02 2.248000000000000000e+03 3.640759277343750000e+02
1.380889999999999986e+02 2.457000000000000000e+03 3.640746459960937500e+02
1.384250000000000114e+02 2.131000000000000000e+03 3.640777893066406250e+02
1.387609999999999957e+02 2.619000000000000000e+03 3.640777282714843750e+02
1.390980000000000132e+02 2.928000000000000000e+03 3.640773620605468750e+02
1.394339999999999975e+02 2.438000000000000000e+03 3.640782775878906250e+02
1.397700000000000102e+02 2.881000000000000000e+03 3.640790405273437500e+02
1.401059999999999945e+02 2.720000000000000000e+03 3.640789184570312500e+02
1.404430000000000121e+02 2.458000000000000000e+03 3.640779113769531250e+02
1.407789999999999964e+02 2.766000000000000000e+03 3.640765380859375000e+02
1.411150000000000091e+02 2.383000000000000000e+03 3.640793762207031250e+02
1.414519999999999982e+02 2.717000000000000000e+03 3.640771484375000000e+02
1.417880000000000109e+02 2.306000000000000000e+03 3.640767211914062500e+02
1.421239999999999952e+02 2.551000000000000000e+03 3.640768432617187500e+02
1.424610000000000127e+02 2.554000000000000000e+03 3.640753784179687500e+02
1.427969999999999970e+02 2.107000000000000000e+03 3.640795288085937500e+02
1.431330000000000098e+02 2.139000000000000000e+03 3.640760803222656250e+02
1.434699999999999989e+02 2.085000000000000000e+03 3.640767517089843750e+02
1.438060000000000116e+02 2.173000000000000000e+03 3.640798034667968750e+02
1.441419999999999959e+02 2.023000000000000000e+03 3.640772705078125000e+02
1.444780000000000086e+02 1.693000000000000000e+03 3.640769042968750000e+02
1.448149999999999977e+02 2.265000000000000000e+03 3.640743103027343750e+02
1.451510000000000105e+02 1.660000000000000000e+03 3.640770874023437500e+02
1.454869999999999948e+02 1.790000000000000000e+03 3.640767211914062500e+02
1.458240000000000123e+02 1.506000000000000000e+03 3.640768737792968750e+02
1.461599999999999966e+02 1.703000000000000000e+03 3.640753784179687500e+02
1.464970000000000141e+02 1.337000000000000000e+03 3.640767822265625000e+02
1.468329999999999984e+02 1.217000000000000000e+03 3.640745544433593750e+02
1.471709999999999923e+02 9.570000000000000000e+02 3.640811157226562500e+02
1.475070000000000050e+02 9.170000000000000000e+02 3.640764465332031250e+02
1.478439999999999941e+02 7.330000000000000000e+02 3.640787353515625000e+02
1.481800000000000068e+02 6.000000000000000000e+02 3.640775756835937500e+02
1.485159999999999911e+02 6.410000000000000000e+02 3.640797119140625000e+02
1.488530000000000086e+02 5.820000000000000000e+02 3.640802001953125000e+02
1.491889999999999930e+02 3.780000000000000000e+02 3.640672302246093750e+02
1.495250000000000057e+02 4.140000000000000000e+02 3.640740051269531250e+02
1.498609999999999900e+02 2.970000000000000000e+02 3.640765686035156250e+02
1.501980000000000075e+02 1.940000000000000000e+02 3.640770874023437500e+02
1.505339999999999918e+02 2.180000000000000000e+02 3.640768432617187500e+02
1.508700000000000045e+02 1.430000000000000000e+02 3.640921325683593750e+02
1.512069999999999936e+02 2.520000000000000000e+02 3.640746765136718750e+02
1.515430000000000064e+02 2.660000000000000000e+02 3.640762329101562500e+02
1.518789999999999907e+02 1.900000000000000000e+02 3.640668640136718750e+02
