2.861050000000000182e+02 4.500000000000000000e+01 1.570264434814453125e+02
2.864409999999999741e+02 2.740000000000000000e+02 1.570095367431640625e+02
2.867769999999999868e+02 8.260000000000000000e+02 1.570079498291015625e+02
2.871139999999999759e+02 1.629000000000000000e+03 1.570112152099609375e+02
2.874499999999999886e+02 1.973000000000000000e+03 1.570083312988281250e+02
2.877869999999999777e+02 1.912000000000000000e+03 1.570115356445312500e+02
2.881229999999999905e+02 2.279000000000000000e+03 1.570107727050781250e+02
2.884610000000000127e+02 1.944000000000000000e+03 1.570099945068359375e+02
2.887980000000000018e+02 2.204000000000000000e+03 1.570109558105468750e+02
2.891340000000000146e+02 1.460000000000000000e+03 1.570099029541015625e+02
2.894700000000000273e+02 1.566000000000000000e+03 1.570118255615234375e+02
2.898070000000000164e+02 1.766000000000000000e+03 1.570117187500000000e+02
2.901429999999999723e+02 2.066000000000000000e+03 1.570094451904296875e+02
2.904789999999999850e+02 2.414000000000000000e+03 1.570087432861328125e+02
2.908159999999999741e+02 2.448000000000000000e+03 1.570094146728515625e+02
2.911519999999999868e+02 2.412000000000000000e+03 1.570092315673828125e+02
2.914879999999999995e+02 2.240000000000000000e+03 1.570122985839843750e+02
2.918249999999999886e+02 2.488000000000000000e+03 1.570088348388671875e+02
2.921610000000000014e+02 2.639000000000000000e+03 1.570093078613281250e+02
2.924970000000000141e+02 2.645000000000000000e+03 1.570101013183593750e+02
2.928330000000000268e+02 2.709000000000000000e+03 1.570114440917968750e+02
2.931700000000000159e+02 2.876000000000000000e+03 1.570086364746093750e+02
2.935059999999999718e+02 2.664000000000000000e+03 1.570106811523437500e+02
2.938419999999999845e+02 2.404000000000000000e+03 1.570099182128906250e+02
2.941789999999999736e+02 1.898000000000000000e+03 1.570096130371093750e+02
2.945149999999999864e+02 1.940000000000000000e+03 1.570129394531250000e+02
2.948509999999999991e+02 1.810000000000000000e+03 1.570071868896484375e+02
2.951879999999999882e+02 1.176000000000000000e+03 1.570094909667968750e+02
2.955240000000000009e+02 1.264000000000000000e+03 1.570108184814453125e+02
2.958600000000000136e+02 1.007000000000000000e+03 1.570085906982421875e+02
2.961970000000000027e+02 7.310000000000000000e+02 1.570101470947265625e+02
2.965330000000000155e+02 5.600000000000000000e+02 1.570111694335937500e+02
2.968690000000000282e+02 4.940000000000000000e+02 1.570097961425781250e+02
2.972049999999999841e+02 3.060000000000000000e+02 1.570124359130859375e+02
2.975419999999999732e+02 2.740000000000000000e+02 1.570095825195312500e+02
2.978779999999999859e+02 3.380000000000000000e+02 1.570137939453125000e+02
2.982139999999999986e+02 2.240000000000000000e+02 1.570093078613281250e+02
2.985520000000000209e+02 3.020000000000000000e+02 1.570105285644531250e+02
2.988890000000000100e+02 2.000000000000000000e+02 1.570181884765625000e+02
2.992250000000000227e+02 2.110000000000000000e+02 1.570099029541015625e+02
2.995609999999999786e+02 2.990000000000000000e+02 1.570100860595703125e+02
2.998980000000000246e+02 1.670000000000000000e+02 1.570203704833984375e+02
3.002339999999999804e+02 1.860000000000000000e+02 1.570058898925781250e+02
3.005699999999999932e+02 2.130000000000000000e+02 1.570121002197265625e+02
3.009069999999999823e+02 2.300000000000000000e+02 1.570068359375000000e+02
3.012429999999999950e+02 2.260000000000000000e+02 1.570101318359375000e+02
3.015790000000000077e+02 6.400000000000000000e+01 1.570040588378906250e+02
3.019159999999999968e+02 2.690000000000000000e+02 1.570076141357421875e+02
3.022520000000000095e+02 9.600000000000000000e+01 1.570067901611328125e+02
3.025880000000000223e+02 1.440000000000000000e+02 1.570153503417968750e+02
3.029250000000000114e+02 1.100000000000000000e+02 1.570082702636718750e+02
3.032610000000000241e+02 1.030000000000000000e+02 1.570118560791015625e+02
