2.336100000000000065e+01 5.100000000000000000e+01 2.159250793457031250e+02
2.369699999999999918e+01 6.800000000000000000e+01 2.159169311523437500e+02
2.403399999999999892e+01 3.200000000000000000e+02 2.159152984619140625e+02
2.437000000000000099e+01 3.280000000000000000e+02 2.159165649414062500e+02
2.470700000000000074e+01 8.290000000000000000e+02 2.159145355224609375e+02
2.504400000000000048e+01 9.170000000000000000e+02 2.159149322509765625e+02
2.537999999999999901e+01 1.188000000000000000e+03 2.159151000976562500e+02
2.571600000000000108e+01 1.105000000000000000e+03 2.159153137207031250e+02
2.605399999999999849e+01 1.141000000000000000e+03 2.159157562255859375e+02
2.639099999999999824e+01 1.220000000000000000e+03 2.159133300781250000e+02
2.672700000000000031e+01 1.106000000000000000e+03 2.159153137207031250e+02
2.706299999999999883e+01 1.041000000000000000e+03 2.159174346923828125e+02
2.739900000000000091e+01 9.670000000000000000e+02 2.159157409667968750e+02
2.773600000000000065e+01 1.116000000000000000e+03 2.159231414794921875e+02
2.807199999999999918e+01 1.421000000000000000e+03 2.159215240478515625e+02
2.840899999999999892e+01 1.830000000000000000e+03 2.159227752685546875e+02
2.874500000000000099e+01 1.681000000000000000e+03 2.159266052246093750e+02
2.908099999999999952e+01 1.598000000000000000e+03 2.159261779785156250e+02
2.941700000000000159e+01 1.723000000000000000e+03 2.159243621826171875e+02
2.975400000000000134e+01 1.444000000000000000e+03 2.159272766113281250e+02
3.008999999999999986e+01 9.890000000000000000e+02 2.159253540039062500e+02
3.042599999999999838e+01 1.154000000000000000e+03 2.159264068603515625e+02
3.076300000000000168e+01 1.146000000000000000e+03 2.159252929687500000e+02
3.109900000000000020e+01 5.600000000000000000e+02 2.159270935058593750e+02
3.143499999999999872e+01 4.900000000000000000e+02 2.159248046875000000e+02
