3.739010000000000105e+02 2.170000000000000000e+02 6.151577758789062500e+02
3.742379999999999995e+02 2.120000000000000000e+02 6.151683349609375000e+02
3.745740000000000123e+02 2.770000000000000000e+02 6.151648559570312500e+02
3.749100000000000250e+02 3.210000000000000000e+02 6.151640014648437500e+02
3.752470000000000141e+02 2.490000000000000000e+02 6.151704711914062500e+02
3.755830000000000268e+02 3.430000000000000000e+02 6.151601562500000000e+02
3.759189999999999827e+02 4.850000000000000000e+02 6.151605224609375000e+02
3.762559999999999718e+02 4.890000000000000000e+02 6.151636352539062500e+02
3.765919999999999845e+02 7.570000000000000000e+02 6.151603393554687500e+02
3.769279999999999973e+02 8.660000000000000000e+02 6.151522827148437500e+02
3.772640000000000100e+02 1.081000000000000000e+03 6.151585693359375000e+02
3.776009999999999991e+02 1.336000000000000000e+03 6.151536254882812500e+02
3.779370000000000118e+02 1.472000000000000000e+03 6.151598510742187500e+02
3.782730000000000246e+02 1.439000000000000000e+03 6.151550292968750000e+02
3.786100000000000136e+02 1.585000000000000000e+03 6.151552734375000000e+02
3.789460000000000264e+02 1.109000000000000000e+03 6.151536254882812500e+02
3.792839999999999918e+02 9.530000000000000000e+02 6.151644897460937500e+02
3.796200000000000045e+02 6.940000000000000000e+02 6.151589355468750000e+02
3.799560000000000173e+02 6.410000000000000000e+02 6.151577148437500000e+02
3.802930000000000064e+02 5.490000000000000000e+02 6.151550292968750000e+02
3.806290000000000191e+02 4.940000000000000000e+02 6.151592407226562500e+02
3.809649999999999750e+02 4.850000000000000000e+02 6.151626586914062500e+02
3.813020000000000209e+02 4.550000000000000000e+02 6.151605834960937500e+02
3.816379999999999768e+02 2.760000000000000000e+02 6.151637573242187500e+02
3.819739999999999895e+02 3.020000000000000000e+02 6.151558227539062500e+02
3.823109999999999786e+02 2.470000000000000000e+02 6.151627197265625000e+02
3.826480000000000246e+02 1.470000000000000000e+02 6.151708984375000000e+02
3.829839999999999804e+02 3.170000000000000000e+02 6.151717529296875000e+02
