8.122979999999999734e+01 5.400000000000000000e+01 1.660841217041015625e+02
8.156579999999999586e+01 1.060000000000000000e+02 1.660823211669921875e+02
8.190300000000000580e+01 1.480000000000000000e+02 1.660843811035156250e+02
8.223900000000000432e+01 3.030000000000000000e+02 1.660804901123046875e+02
8.257500000000000284e+01 4.690000000000000000e+02 1.660848388671875000e+02
8.291219999999999857e+01 4.040000000000000000e+02 1.660818328857421875e+02
8.324819999999999709e+01 8.820000000000000000e+02 1.660834350585937500e+02
8.358480000000000132e+01 1.081000000000000000e+03 1.660827636718750000e+02
8.392079999999999984e+01 7.530000000000000000e+02 1.660811767578125000e+02
8.425799999999999557e+01 1.371000000000000000e+03 1.660830230712890625e+02
8.459399999999999409e+01 1.257000000000000000e+03 1.660814514160156250e+02
8.493000000000000682e+01 1.464000000000000000e+03 1.660840148925781250e+02
8.526600000000000534e+01 1.203000000000000000e+03 1.660847778320312500e+02
8.560320000000000107e+01 1.572000000000000000e+03 1.660829315185546875e+02
8.593919999999999959e+01 1.561000000000000000e+03 1.660828704833984375e+02
8.627519999999999811e+01 1.571000000000000000e+03 1.660830535888671875e+02
8.661299999999999955e+01 1.563000000000000000e+03 1.660816955566406250e+02
8.695019999999999527e+01 1.326000000000000000e+03 1.660811462402343750e+02
8.728619999999999379e+01 1.493000000000000000e+03 1.660829620361328125e+02
8.762220000000000653e+01 1.422000000000000000e+03 1.660834960937500000e+02
8.795820000000000505e+01 1.168000000000000000e+03 1.660852508544921875e+02
8.829479999999999507e+01 1.415000000000000000e+03 1.660833435058593750e+02
8.863079999999999359e+01 9.300000000000000000e+02 1.660844573974609375e+02
8.896680000000000632e+01 1.014000000000000000e+03 1.660836639404296875e+02
8.930400000000000205e+01 5.960000000000000000e+02 1.660821533203125000e+02
8.964000000000000057e+01 8.080000000000000000e+02 1.660819549560546875e+02
8.997599999999999909e+01 7.910000000000000000e+02 1.660845489501953125e+02
9.031319999999999482e+01 6.490000000000000000e+02 1.660832214355468750e+02
9.064919999999999334e+01 4.730000000000000000e+02 1.660821685791015625e+02
9.098579999999999757e+01 4.440000000000000000e+02 1.660835723876953125e+02
9.132299999999999329e+01 2.560000000000000000e+02 1.660785217285156250e+02
9.165900000000000603e+01 3.220000000000000000e+02 1.660837402343750000e+02
9.199500000000000455e+01 2.830000000000000000e+02 1.660839843750000000e+02
9.233220000000000027e+01 1.900000000000000000e+02 1.660774688720703125e+02
9.266819999999999879e+01 1.920000000000000000e+02 1.660823364257812500e+02
9.300419999999999732e+01 1.870000000000000000e+02 1.660765533447265625e+02
9.334019999999999584e+01 2.280000000000000000e+02 1.660828857421875000e+02
9.367680000000000007e+01 8.800000000000000000e+01 1.660810699462890625e+02
9.401279999999999859e+01 4.800000000000000000e+01 1.660791015625000000e+02
9.434879999999999711e+01 4.700000000000000000e+01 1.660700836181640625e+02
9.468600000000000705e+01 1.260000000000000000e+02 1.660835571289062500e+02
9.502200000000000557e+01 1.000000000000000000e+02 1.660796508789062500e+02
9.535800000000000409e+01 5.900000000000000000e+01 1.660773620605468750e+02
9.569519999999999982e+01 1.010000000000000000e+02 1.660852355957031250e+02
