2.864409999999999741e+02 7.500000000000000000e+01 1.290326995849609375e+02
2.867769999999999868e+02 2.020000000000000000e+02 1.290302734375000000e+02
2.871139999999999759e+02 4.190000000000000000e+02 1.290330047607421875e+02
2.874499999999999886e+02 6.460000000000000000e+02 1.290319824218750000e+02
2.877869999999999777e+02 8.390000000000000000e+02 1.290349273681640625e+02
2.881229999999999905e+02 1.151000000000000000e+03 1.290350036621093750e+02
2.884610000000000127e+02 1.570000000000000000e+03 1.290362243652343750e+02
2.887980000000000018e+02 1.477000000000000000e+03 1.290359497070312500e+02
2.891340000000000146e+02 1.254000000000000000e+03 1.290354003906250000e+02
2.894700000000000273e+02 1.452000000000000000e+03 1.290351562500000000e+02
2.898070000000000164e+02 1.342000000000000000e+03 1.290345153808593750e+02
2.901429999999999723e+02 1.114000000000000000e+03 1.290365600585937500e+02
2.904789999999999850e+02 1.303000000000000000e+03 1.290347595214843750e+02
2.908159999999999741e+02 1.132000000000000000e+03 1.290351257324218750e+02
2.911519999999999868e+02 8.900000000000000000e+02 1.290326843261718750e+02
2.914879999999999995e+02 1.176000000000000000e+03 1.290357055664062500e+02
2.918249999999999886e+02 8.160000000000000000e+02 1.290352172851562500e+02
2.921610000000000014e+02 1.183000000000000000e+03 1.290337219238281250e+02
2.924970000000000141e+02 7.300000000000000000e+02 1.290369873046875000e+02
2.928330000000000268e+02 9.070000000000000000e+02 1.290343322753906250e+02
2.931700000000000159e+02 1.095000000000000000e+03 1.290330352783203125e+02
2.935059999999999718e+02 9.000000000000000000e+02 1.290354919433593750e+02
2.938419999999999845e+02 1.018000000000000000e+03 1.290341339111328125e+02
2.941789999999999736e+02 6.950000000000000000e+02 1.290325469970703125e+02
2.945149999999999864e+02 9.240000000000000000e+02 1.290330352783203125e+02
2.948509999999999991e+02 4.330000000000000000e+02 1.290330963134765625e+02
2.951879999999999882e+02 3.230000000000000000e+02 1.290307006835937500e+02
2.955240000000000009e+02 4.530000000000000000e+02 1.290314025878906250e+02
2.958600000000000136e+02 1.780000000000000000e+02 1.290363006591796875e+02
2.961970000000000027e+02 2.130000000000000000e+02 1.290366058349609375e+02
2.965330000000000155e+02 7.000000000000000000e+01 1.290320129394531250e+02
2.968690000000000282e+02 1.340000000000000000e+02 1.290372924804687500e+02
2.972049999999999841e+02 1.850000000000000000e+02 1.290335235595703125e+02
2.975419999999999732e+02 6.600000000000000000e+01 1.290445556640625000e+02
2.978779999999999859e+02 8.300000000000000000e+01 1.290230255126953125e+02
2.982139999999999986e+02 4.200000000000000000e+01 1.290235900878906250e+02
2.985520000000000209e+02 6.500000000000000000e+01 1.290415344238281250e+02
2.988890000000000100e+02 3.200000000000000000e+01 1.290179595947265625e+02
2.992250000000000227e+02 8.300000000000000000e+01 1.290311889648437500e+02
2.995609999999999786e+02 5.900000000000000000e+01 1.290364990234375000e+02
2.998980000000000246e+02 5.700000000000000000e+01 1.290396423339843750e+02
3.002339999999999804e+02 6.700000000000000000e+01 1.290199890136718750e+02
