9.625739999999999554e+02 6.400000000000000000e+01 5.183144531250000000e+02
9.629099999999999682e+02 5.400000000000000000e+01 5.183278808593750000e+02
9.632459999999999809e+02 4.300000000000000000e+01 5.183232421875000000e+02
9.635819999999999936e+02 3.000000000000000000e+01 5.183182373046875000e+02
9.639180000000000064e+02 9.400000000000000000e+01 5.183232421875000000e+02
9.642540000000000191e+02 1.430000000000000000e+02 5.183313598632812500e+02
9.645960000000000036e+02 1.280000000000000000e+02 5.183361816406250000e+02
9.649320000000000164e+02 1.500000000000000000e+02 5.183323974609375000e+02
9.652680000000000291e+02 8.200000000000000000e+01 5.183392333984375000e+02
9.656040000000000418e+02 1.410000000000000000e+02 5.183189697265625000e+02
9.659400000000000546e+02 1.130000000000000000e+02 5.183265380859375000e+02
9.662759999999999536e+02 7.700000000000000000e+01 5.183344726562500000e+02
9.666119999999999663e+02 1.220000000000000000e+02 5.183276977539062500e+02
9.669479999999999791e+02 1.280000000000000000e+02 5.183250122070312500e+02
9.672839999999999918e+02 1.630000000000000000e+02 5.183129272460937500e+02
9.676200000000000045e+02 2.490000000000000000e+02 5.183253173828125000e+02
9.679560000000000173e+02 3.590000000000000000e+02 5.183306274414062500e+02
9.682920000000000300e+02 4.110000000000000000e+02 5.183241577148437500e+02
9.686280000000000427e+02 5.770000000000000000e+02 5.183208618164062500e+02
9.689640000000000555e+02 5.800000000000000000e+02 5.183177490234375000e+02
9.692999999999999545e+02 6.330000000000000000e+02 5.183291015625000000e+02
9.696359999999999673e+02 1.339000000000000000e+03 5.183213500976562500e+02
9.699719999999999800e+02 1.073000000000000000e+03 5.183226928710937500e+02
9.703079999999999927e+02 1.344000000000000000e+03 5.183236694335937500e+02
9.706499999999999773e+02 1.384000000000000000e+03 5.183259887695312500e+02
9.709859999999999900e+02 1.379000000000000000e+03 5.183264160156250000e+02
9.713220000000000027e+02 1.302000000000000000e+03 5.183275146484375000e+02
9.716580000000000155e+02 1.429000000000000000e+03 5.183273315429687500e+02
9.719940000000000282e+02 1.543000000000000000e+03 5.183269653320312500e+02
9.723300000000000409e+02 1.131000000000000000e+03 5.183254394531250000e+02
9.726660000000000537e+02 1.126000000000000000e+03 5.183233642578125000e+02
9.730019999999999527e+02 8.690000000000000000e+02 5.183262939453125000e+02
9.733379999999999654e+02 7.340000000000000000e+02 5.183330078125000000e+02
9.736739999999999782e+02 7.540000000000000000e+02 5.183234863281250000e+02
9.740099999999999909e+02 7.670000000000000000e+02 5.183314819335937500e+02
9.743460000000000036e+02 6.170000000000000000e+02 5.183237304687500000e+02
9.746820000000000164e+02 4.990000000000000000e+02 5.183223266601562500e+02
9.750240000000000009e+02 3.880000000000000000e+02 5.183280029296875000e+02
9.753540000000000418e+02 3.220000000000000000e+02 5.183248291015625000e+02
9.756960000000000264e+02 2.880000000000000000e+02 5.183262939453125000e+02
9.760320000000000391e+02 1.750000000000000000e+02 5.183250732421875000e+02
9.763680000000000518e+02 1.160000000000000000e+02 5.183271484375000000e+02
9.767039999999999509e+02 1.490000000000000000e+02 5.183262939453125000e+02
9.770399999999999636e+02 9.700000000000000000e+01 5.183217773437500000e+02
9.773759999999999764e+02 1.020000000000000000e+02 5.183316040039062500e+02
9.777119999999999891e+02 1.200000000000000000e+02 5.183185424804687500e+02
9.780480000000000018e+02 2.800000000000000000e+01 5.183301391601562500e+02
9.783840000000000146e+02 5.800000000000000000e+01 5.183263549804687500e+02
