1.350600000000000023e+02 5.600000000000000000e+01 1.320386199951171875e+02
1.353969999999999914e+02 1.280000000000000000e+02 1.320491180419921875e+02
1.357330000000000041e+02 8.400000000000000000e+01 1.320525054931640625e+02
1.360689999999999884e+02 2.700000000000000000e+02 1.320453643798828125e+02
1.364060000000000059e+02 5.090000000000000000e+02 1.320478515625000000e+02
1.367419999999999902e+02 7.250000000000000000e+02 1.320458526611328125e+02
1.370800000000000125e+02 6.330000000000000000e+02 1.320482482910156250e+02
1.374159999999999968e+02 9.420000000000000000e+02 1.320472259521484375e+02
1.377520000000000095e+02 1.036000000000000000e+03 1.320465240478515625e+02
1.380889999999999986e+02 1.277000000000000000e+03 1.320471038818359375e+02
1.384250000000000114e+02 1.005000000000000000e+03 1.320487060546875000e+02
1.387609999999999957e+02 1.159000000000000000e+03 1.320469818115234375e+02
1.390980000000000132e+02 1.199000000000000000e+03 1.320467834472656250e+02
1.394339999999999975e+02 1.103000000000000000e+03 1.320466003417968750e+02
1.397700000000000102e+02 9.970000000000000000e+02 1.320491790771484375e+02
1.401059999999999945e+02 1.386000000000000000e+03 1.320461883544921875e+02
1.404430000000000121e+02 1.118000000000000000e+03 1.320472259521484375e+02
1.407789999999999964e+02 1.467000000000000000e+03 1.320465698242187500e+02
1.411150000000000091e+02 9.720000000000000000e+02 1.320482482910156250e+02
1.414519999999999982e+02 1.401000000000000000e+03 1.320468750000000000e+02
1.417880000000000109e+02 9.590000000000000000e+02 1.320471496582031250e+02
1.421239999999999952e+02 7.650000000000000000e+02 1.320465850830078125e+02
1.424610000000000127e+02 1.444000000000000000e+03 1.320470123291015625e+02
1.427969999999999970e+02 1.158000000000000000e+03 1.320447845458984375e+02
1.431330000000000098e+02 1.071000000000000000e+03 1.320476684570312500e+02
1.434699999999999989e+02 1.204000000000000000e+03 1.320453186035156250e+02
1.438060000000000116e+02 1.008000000000000000e+03 1.320480041503906250e+02
1.441419999999999959e+02 6.970000000000000000e+02 1.320465087890625000e+02
1.444780000000000086e+02 9.530000000000000000e+02 1.320476684570312500e+02
1.448149999999999977e+02 8.620000000000000000e+02 1.320481109619140625e+02
1.451510000000000105e+02 7.370000000000000000e+02 1.320445861816406250e+02
1.454869999999999948e+02 9.160000000000000000e+02 1.320468444824218750e+02
1.458240000000000123e+02 6.750000000000000000e+02 1.320456390380859375e+02
1.461599999999999966e+02 6.270000000000000000e+02 1.320486450195312500e+02
1.464970000000000141e+02 6.460000000000000000e+02 1.320458221435546875e+02
1.468329999999999984e+02 3.270000000000000000e+02 1.320470581054687500e+02
1.471709999999999923e+02 4.250000000000000000e+02 1.320472717285156250e+02
1.475070000000000050e+02 3.970000000000000000e+02 1.320466461181640625e+02
1.478439999999999941e+02 2.790000000000000000e+02 1.320448150634765625e+02
1.481800000000000068e+02 1.900000000000000000e+02 1.320480041503906250e+02
1.485159999999999911e+02 7.800000000000000000e+01 1.320514526367187500e+02
1.488530000000000086e+02 1.440000000000000000e+02 1.320509033203125000e+02
1.491889999999999930e+02 2.330000000000000000e+02 1.320464935302734375e+02
1.495250000000000057e+02 1.790000000000000000e+02 1.320436859130859375e+02
1.498609999999999900e+02 2.280000000000000000e+02 1.320453033447265625e+02
1.501980000000000075e+02 1.610000000000000000e+02 1.320407104492187500e+02
1.505339999999999918e+02 5.800000000000000000e+01 1.320460510253906250e+02
1.508700000000000045e+02 1.370000000000000000e+02 1.320456390380859375e+02
1.512069999999999936e+02 1.350000000000000000e+02 1.320433197021484375e+02
1.515430000000000064e+02 9.000000000000000000e+01 1.320452117919921875e+02
1.518789999999999907e+02 1.230000000000000000e+02 1.320437927246093750e+02
1.522160000000000082e+02 2.700000000000000000e+01 1.320526885986328125e+02
1.525519999999999925e+02 7.900000000000000000e+01 1.320461425781250000e+02
1.528880000000000052e+02 6.000000000000000000e+01 1.320475769042968750e+02
