2.898070000000000164e+02 9.530000000000000000e+02 5.130738525390625000e+02
2.901429999999999723e+02 9.270000000000000000e+02 5.130689086914062500e+02
2.904789999999999850e+02 1.122000000000000000e+03 5.130628662109375000e+02
2.908159999999999741e+02 9.890000000000000000e+02 5.130654296875000000e+02
2.911519999999999868e+02 1.078000000000000000e+03 5.130696411132812500e+02
2.914879999999999995e+02 1.338000000000000000e+03 5.130676879882812500e+02
2.918249999999999886e+02 1.049000000000000000e+03 5.130635986328125000e+02
2.921610000000000014e+02 1.337000000000000000e+03 5.130594482421875000e+02
2.924970000000000141e+02 1.054000000000000000e+03 5.130697021484375000e+02
2.928330000000000268e+02 1.203000000000000000e+03 5.130615844726562500e+02
2.931700000000000159e+02 9.810000000000000000e+02 5.130615234375000000e+02
2.935059999999999718e+02 1.433000000000000000e+03 5.130549316406250000e+02
2.938419999999999845e+02 8.300000000000000000e+02 5.130557250976562500e+02
2.941789999999999736e+02 1.141000000000000000e+03 5.130525512695312500e+02
2.945149999999999864e+02 9.170000000000000000e+02 5.130558471679687500e+02
2.948509999999999991e+02 8.280000000000000000e+02 5.130527343750000000e+02
2.951879999999999882e+02 5.880000000000000000e+02 5.130520019531250000e+02
2.955240000000000009e+02 4.900000000000000000e+02 5.130495605468750000e+02
