5.343550000000000182e+02 2.410000000000000000e+02 4.251419982910156250e+02
5.346910000000000309e+02 4.870000000000000000e+02 4.251272277832031250e+02
5.350280000000000200e+02 9.860000000000000000e+02 4.251326904296875000e+02
5.353640000000000327e+02 1.826000000000000000e+03 4.251298217773437500e+02
5.357000000000000455e+02 3.321000000000000000e+03 4.251283874511718750e+02
5.360370000000000346e+02 4.996000000000000000e+03 4.251297607421875000e+02
5.363730000000000473e+02 7.130000000000000000e+03 4.251281738281250000e+02
5.367089999999999463e+02 8.856000000000000000e+03 4.251282958984375000e+02
5.370460000000000491e+02 1.057500000000000000e+04 4.251291503906250000e+02
5.373819999999999482e+02 9.950000000000000000e+03 4.251275329589843750e+02
5.377190000000000509e+02 1.144700000000000000e+04 4.251280822753906250e+02
5.380549999999999500e+02 1.098400000000000000e+04 4.251289062500000000e+02
5.383909999999999627e+02 1.112300000000000000e+04 4.251284484863281250e+02
5.387279999999999518e+02 1.025800000000000000e+04 4.251279296875000000e+02
5.390639999999999645e+02 9.315000000000000000e+03 4.251276550292968750e+02
5.394009999999999536e+02 7.593000000000000000e+03 4.251284790039062500e+02
5.397369999999999663e+02 6.216000000000000000e+03 4.251288452148437500e+02
5.400739999999999554e+02 4.150000000000000000e+03 4.251294555664062500e+02
5.404099999999999682e+02 2.679000000000000000e+03 4.251340026855468750e+02
5.407480000000000473e+02 1.396000000000000000e+03 4.251298828125000000e+02
5.410839999999999463e+02 9.100000000000000000e+02 4.251280212402343750e+02
5.414210000000000491e+02 5.050000000000000000e+02 4.251287841796875000e+02
5.417569999999999482e+02 3.810000000000000000e+02 4.251311035156250000e+02
5.420929999999999609e+02 2.500000000000000000e+02 4.251357116699218750e+02
5.424299999999999500e+02 1.690000000000000000e+02 4.251295166015625000e+02
5.427659999999999627e+02 1.830000000000000000e+02 4.251425781250000000e+02
5.431019999999999754e+02 1.100000000000000000e+02 4.251280212402343750e+02
5.434389999999999645e+02 1.280000000000000000e+02 4.251351928710937500e+02
