7.069199999999999591e+02 8.300000000000000000e+01 3.171841430664062500e+02
7.072559999999999718e+02 1.930000000000000000e+02 3.171971130371093750e+02
7.075919999999999845e+02 1.330000000000000000e+02 3.171795349121093750e+02
7.079279999999999973e+02 1.720000000000000000e+02 3.172005615234375000e+02
7.082640000000000100e+02 1.680000000000000000e+02 3.172011718750000000e+02
7.086000000000000227e+02 3.160000000000000000e+02 3.171902770996093750e+02
7.089420000000000073e+02 5.020000000000000000e+02 3.172055358886718750e+02
7.092720000000000482e+02 5.800000000000000000e+02 3.172015075683593750e+02
7.096140000000000327e+02 8.970000000000000000e+02 3.171979064941406250e+02
7.099500000000000455e+02 9.870000000000000000e+02 3.172021179199218750e+02
7.102859999999999445e+02 1.133000000000000000e+03 3.172016296386718750e+02
7.106219999999999573e+02 8.130000000000000000e+02 3.171999816894531250e+02
7.109579999999999700e+02 1.280000000000000000e+03 3.171990356445312500e+02
7.112939999999999827e+02 1.188000000000000000e+03 3.171990661621093750e+02
7.116299999999999955e+02 1.070000000000000000e+03 3.172012329101562500e+02
7.119660000000000082e+02 6.160000000000000000e+02 3.172028198242187500e+02
7.123020000000000209e+02 6.210000000000000000e+02 3.172008056640625000e+02
7.126380000000000337e+02 6.610000000000000000e+02 3.171991271972656250e+02
7.129740000000000464e+02 4.910000000000000000e+02 3.171943359375000000e+02
7.133160000000000309e+02 4.380000000000000000e+02 3.171970520019531250e+02
7.136520000000000437e+02 2.680000000000000000e+02 3.172003784179687500e+02
7.139880000000000564e+02 2.700000000000000000e+02 3.172029724121093750e+02
7.143239999999999554e+02 1.480000000000000000e+02 3.172000732421875000e+02
7.146599999999999682e+02 1.600000000000000000e+02 3.171880187988281250e+02
7.149959999999999809e+02 2.790000000000000000e+02 3.171967773437500000e+02
7.153319999999999936e+02 3.370000000000000000e+02 3.172015686035156250e+02
7.156680000000000064e+02 3.800000000000000000e+02 3.171945800781250000e+02
7.160040000000000191e+02 4.430000000000000000e+02 3.172063598632812500e+02
7.163400000000000318e+02 5.550000000000000000e+02 3.171987609863281250e+02
7.166760000000000446e+02 3.610000000000000000e+02 3.172012634277343750e+02
7.170119999999999436e+02 4.190000000000000000e+02 3.172055053710937500e+02
7.173479999999999563e+02 2.980000000000000000e+02 3.172054443359375000e+02
7.176839999999999691e+02 5.110000000000000000e+02 3.172002563476562500e+02
7.180199999999999818e+02 4.720000000000000000e+02 3.172003173828125000e+02
7.183559999999999945e+02 3.410000000000000000e+02 3.171986083984375000e+02
7.186920000000000073e+02 2.680000000000000000e+02 3.171917114257812500e+02
7.190280000000000200e+02 2.680000000000000000e+02 3.171888427734375000e+02
7.193700000000000045e+02 2.250000000000000000e+02 3.172018737792968750e+02
7.197000000000000455e+02 2.090000000000000000e+02 3.171911621093750000e+02
7.200420000000000300e+02 1.530000000000000000e+02 3.171920776367187500e+02
7.203780000000000427e+02 1.170000000000000000e+02 3.171968994140625000e+02
7.207140000000000555e+02 1.390000000000000000e+02 3.171838989257812500e+02
7.210499999999999545e+02 1.350000000000000000e+02 3.171839599609375000e+02
7.213859999999999673e+02 1.770000000000000000e+02 3.171878967285156250e+02
7.217219999999999800e+02 2.180000000000000000e+02 3.171991271972656250e+02
7.220579999999999927e+02 2.600000000000000000e+02 3.172010498046875000e+02
7.223940000000000055e+02 1.810000000000000000e+02 3.171869506835937500e+02
7.227300000000000182e+02 1.870000000000000000e+02 3.171939086914062500e+02
