1.347239999999999895e+02 6.800000000000000000e+01 4.779937744140625000e+02
1.350600000000000023e+02 7.500000000000000000e+01 4.779891052246093750e+02
1.353969999999999914e+02 1.160000000000000000e+02 4.780076599121093750e+02
1.357330000000000041e+02 2.560000000000000000e+02 4.779967041015625000e+02
1.360689999999999884e+02 2.580000000000000000e+02 4.779996948242187500e+02
1.364060000000000059e+02 4.930000000000000000e+02 4.779941101074218750e+02
1.367419999999999902e+02 5.130000000000000000e+02 4.780041809082031250e+02
1.370800000000000125e+02 6.290000000000000000e+02 4.780036010742187500e+02
1.374159999999999968e+02 6.530000000000000000e+02 4.780007934570312500e+02
1.377520000000000095e+02 6.870000000000000000e+02 4.780074462890625000e+02
1.380889999999999986e+02 7.170000000000000000e+02 4.780000305175781250e+02
1.384250000000000114e+02 7.890000000000000000e+02 4.779961547851562500e+02
1.387609999999999957e+02 7.550000000000000000e+02 4.780065307617187500e+02
1.390980000000000132e+02 1.132000000000000000e+03 4.779998474121093750e+02
1.394339999999999975e+02 7.890000000000000000e+02 4.780027465820312500e+02
1.397700000000000102e+02 8.360000000000000000e+02 4.780054626464843750e+02
1.401059999999999945e+02 8.260000000000000000e+02 4.780025634765625000e+02
1.404430000000000121e+02 7.890000000000000000e+02 4.780028991699218750e+02
1.407789999999999964e+02 9.910000000000000000e+02 4.779992675781250000e+02
1.411150000000000091e+02 7.460000000000000000e+02 4.779974365234375000e+02
1.414519999999999982e+02 8.320000000000000000e+02 4.780028076171875000e+02
1.417880000000000109e+02 6.920000000000000000e+02 4.780035095214843750e+02
1.421239999999999952e+02 6.000000000000000000e+02 4.780012207031250000e+02
1.424610000000000127e+02 7.330000000000000000e+02 4.780061645507812500e+02
1.427969999999999970e+02 7.010000000000000000e+02 4.780043334960937500e+02
1.431330000000000098e+02 5.590000000000000000e+02 4.780026855468750000e+02
1.434699999999999989e+02 7.250000000000000000e+02 4.780063171386718750e+02
1.438060000000000116e+02 5.530000000000000000e+02 4.780007934570312500e+02
1.441419999999999959e+02 6.810000000000000000e+02 4.780017700195312500e+02
1.444780000000000086e+02 5.670000000000000000e+02 4.779992065429687500e+02
1.448149999999999977e+02 6.070000000000000000e+02 4.780031127929687500e+02
1.451510000000000105e+02 6.720000000000000000e+02 4.780016784667968750e+02
1.454869999999999948e+02 3.800000000000000000e+02 4.780074157714843750e+02
1.458240000000000123e+02 5.680000000000000000e+02 4.779955444335937500e+02
1.461599999999999966e+02 5.100000000000000000e+02 4.779990234375000000e+02
1.464970000000000141e+02 4.340000000000000000e+02 4.780032958984375000e+02
1.468329999999999984e+02 5.620000000000000000e+02 4.780053710937500000e+02
1.471709999999999923e+02 2.530000000000000000e+02 4.780152587890625000e+02
1.475070000000000050e+02 3.730000000000000000e+02 4.779939880371093750e+02
1.478439999999999941e+02 2.900000000000000000e+02 4.780046691894531250e+02
1.481800000000000068e+02 2.830000000000000000e+02 4.780032653808593750e+02
1.485159999999999911e+02 2.400000000000000000e+02 4.780073242187500000e+02
1.488530000000000086e+02 2.600000000000000000e+02 4.779967041015625000e+02
1.491889999999999930e+02 2.480000000000000000e+02 4.780013122558593750e+02
1.495250000000000057e+02 1.040000000000000000e+02 4.779923706054687500e+02
1.498609999999999900e+02 1.750000000000000000e+02 4.780007629394531250e+02
1.501980000000000075e+02 1.070000000000000000e+02 4.779942626953125000e+02
1.505339999999999918e+02 9.700000000000000000e+01 4.779935607910156250e+02
1.508700000000000045e+02 7.500000000000000000e+01 4.779815979003906250e+02
1.512069999999999936e+02 5.200000000000000000e+01 4.780081481933593750e+02
