2.468040000000000020e+02 3.620000000000000000e+02 3.390718383789062500e+02
2.471399999999999864e+02 3.500000000000000000e+02 3.390831909179687500e+02
2.474770000000000039e+02 6.730000000000000000e+02 3.390762329101562500e+02
2.478129999999999882e+02 6.900000000000000000e+02 3.390686645507812500e+02
2.481490000000000009e+02 1.019000000000000000e+03 3.390727844238281250e+02
2.484859999999999900e+02 1.138000000000000000e+03 3.390751342773437500e+02
2.488220000000000027e+02 1.174000000000000000e+03 3.390695495605468750e+02
2.491579999999999870e+02 1.095000000000000000e+03 3.390726623535156250e+02
2.494950000000000045e+02 9.180000000000000000e+02 3.390739440917968750e+02
2.498309999999999889e+02 8.080000000000000000e+02 3.390726013183593750e+02
2.501670000000000016e+02 9.470000000000000000e+02 3.390738220214843750e+02
2.505039999999999907e+02 7.650000000000000000e+02 3.390693969726562500e+02
2.508400000000000034e+02 7.190000000000000000e+02 3.390733642578125000e+02
2.511759999999999877e+02 5.090000000000000000e+02 3.390865173339843750e+02
