1.001389999999999958e+02 8.410000000000000000e+02 3.651026306152343750e+02
1.004749999999999943e+02 1.216000000000000000e+03 3.650930480957031250e+02
1.008119999999999976e+02 9.580000000000000000e+02 3.650958557128906250e+02
1.011479999999999961e+02 6.790000000000000000e+02 3.650939331054687500e+02
1.014839999999999947e+02 9.730000000000000000e+02 3.650962829589843750e+02
1.018209999999999980e+02 1.230000000000000000e+03 3.650972290039062500e+02
1.021569999999999965e+02 1.168000000000000000e+03 3.650941162109375000e+02
1.024950000000000045e+02 9.620000000000000000e+02 3.650988159179687500e+02
1.028310000000000031e+02 9.410000000000000000e+02 3.650965270996093750e+02
1.031670000000000016e+02 1.108000000000000000e+03 3.650951843261718750e+02
1.035040000000000049e+02 1.164000000000000000e+03 3.650954589843750000e+02
1.038400000000000034e+02 1.102000000000000000e+03 3.650948181152343750e+02
1.041760000000000019e+02 9.980000000000000000e+02 3.650944824218750000e+02
1.045130000000000052e+02 8.790000000000000000e+02 3.650935974121093750e+02
1.048490000000000038e+02 1.010000000000000000e+03 3.650964660644531250e+02
1.051860000000000070e+02 1.173000000000000000e+03 3.650952453613281250e+02
1.055220000000000056e+02 1.074000000000000000e+03 3.650963134765625000e+02
1.058589999999999947e+02 9.300000000000000000e+02 3.650972900390625000e+02
1.061949999999999932e+02 1.043000000000000000e+03 3.650925598144531250e+02
1.065310000000000059e+02 8.670000000000000000e+02 3.650986633300781250e+02
1.068679999999999950e+02 7.730000000000000000e+02 3.650955505371093750e+02
1.072039999999999935e+02 9.420000000000000000e+02 3.650963745117187500e+02
1.075400000000000063e+02 1.136000000000000000e+03 3.650950012207031250e+02
1.078769999999999953e+02 9.270000000000000000e+02 3.650999145507812500e+02
1.082129999999999939e+02 1.004000000000000000e+03 3.650976257324218750e+02
1.085490000000000066e+02 8.510000000000000000e+02 3.650934143066406250e+02
1.088850000000000051e+02 9.810000000000000000e+02 3.650984191894531250e+02
1.092219999999999942e+02 9.020000000000000000e+02 3.651006164550781250e+02
1.095580000000000069e+02 6.610000000000000000e+02 3.650951538085937500e+02
1.098940000000000055e+02 1.189000000000000000e+03 3.650968627929687500e+02
1.102309999999999945e+02 1.038000000000000000e+03 3.650983581542968750e+02
1.105669999999999931e+02 9.760000000000000000e+02 3.650966796875000000e+02
1.109030000000000058e+02 8.910000000000000000e+02 3.650990905761718750e+02
1.112390000000000043e+02 1.034000000000000000e+03 3.650933837890625000e+02
1.115759999999999934e+02 8.370000000000000000e+02 3.650958862304687500e+02
1.119120000000000061e+02 8.090000000000000000e+02 3.650938720703125000e+02
1.122480000000000047e+02 8.880000000000000000e+02 3.650929260253906250e+02
1.125859999999999985e+02 8.310000000000000000e+02 3.651003417968750000e+02
1.129230000000000018e+02 8.110000000000000000e+02 3.650937805175781250e+02
1.132590000000000003e+02 7.830000000000000000e+02 3.650948791503906250e+02
1.135949999999999989e+02 6.830000000000000000e+02 3.650969543457031250e+02
1.139309999999999974e+02 9.070000000000000000e+02 3.650962829589843750e+02
1.142680000000000007e+02 9.120000000000000000e+02 3.650960998535156250e+02
1.146039999999999992e+02 5.470000000000000000e+02 3.650952148437500000e+02
1.149399999999999977e+02 1.016000000000000000e+03 3.650957336425781250e+02
1.152770000000000010e+02 7.400000000000000000e+02 3.650932312011718750e+02
1.156129999999999995e+02 9.420000000000000000e+02 3.650993957519531250e+02
1.159489999999999981e+02 7.620000000000000000e+02 3.650959777832031250e+02
1.162860000000000014e+02 7.200000000000000000e+02 3.650963134765625000e+02
1.166219999999999999e+02 5.890000000000000000e+02 3.650984497070312500e+02
1.169579999999999984e+02 8.270000000000000000e+02 3.650941772460937500e+02
1.172939999999999969e+02 7.320000000000000000e+02 3.650951538085937500e+02
1.176310000000000002e+02 7.290000000000000000e+02 3.650995788574218750e+02
1.179669999999999987e+02 5.730000000000000000e+02 3.650945739746093750e+02
1.183029999999999973e+02 6.590000000000000000e+02 3.650964050292968750e+02
1.186400000000000006e+02 4.780000000000000000e+02 3.650962219238281250e+02
1.189759999999999991e+02 7.730000000000000000e+02 3.650904846191406250e+02
1.193119999999999976e+02 6.100000000000000000e+02 3.650978393554687500e+02
1.196490000000000009e+02 6.730000000000000000e+02 3.650978088378906250e+02
1.199849999999999994e+02 8.390000000000000000e+02 3.650983886718750000e+02
1.203209999999999980e+02 7.730000000000000000e+02 3.650957641601562500e+02
1.206580000000000013e+02 5.440000000000000000e+02 3.650927429199218750e+02
1.209950000000000045e+02 6.830000000000000000e+02 3.650942077636718750e+02
1.213310000000000031e+02 6.080000000000000000e+02 3.650874938964843750e+02
1.216680000000000064e+02 6.140000000000000000e+02 3.650921325683593750e+02
1.220040000000000049e+02 5.140000000000000000e+02 3.650941162109375000e+02
1.223400000000000034e+02 4.760000000000000000e+02 3.650894165039062500e+02
1.226779999999999973e+02 5.050000000000000000e+02 3.650950622558593750e+02
1.230139999999999958e+02 5.530000000000000000e+02 3.650975036621093750e+02
1.233509999999999991e+02 5.710000000000000000e+02 3.650921630859375000e+02
1.236869999999999976e+02 5.940000000000000000e+02 3.650923461914062500e+02
1.240229999999999961e+02 4.950000000000000000e+02 3.650970764160156250e+02
1.243599999999999994e+02 4.800000000000000000e+02 3.650948486328125000e+02
1.246959999999999980e+02 3.920000000000000000e+02 3.651001892089843750e+02
1.250319999999999965e+02 4.800000000000000000e+02 3.650975036621093750e+02
1.253689999999999998e+02 4.480000000000000000e+02 3.650954895019531250e+02
1.257049999999999983e+02 4.750000000000000000e+02 3.650966186523437500e+02
1.260409999999999968e+02 3.250000000000000000e+02 3.650942993164062500e+02
1.263769999999999953e+02 5.020000000000000000e+02 3.650945739746093750e+02
1.267139999999999986e+02 5.080000000000000000e+02 3.650905456542968750e+02
1.270499999999999972e+02 4.390000000000000000e+02 3.650949096679687500e+02
1.273859999999999957e+02 3.660000000000000000e+02 3.650941772460937500e+02
1.277229999999999990e+02 4.120000000000000000e+02 3.650964355468750000e+02
1.280589999999999975e+02 4.110000000000000000e+02 3.651046752929687500e+02
1.283950000000000102e+02 5.070000000000000000e+02 3.650960388183593750e+02
1.287309999999999945e+02 4.550000000000000000e+02 3.650985717773437500e+02
1.290680000000000121e+02 4.510000000000000000e+02 3.650938110351562500e+02
1.294039999999999964e+02 4.370000000000000000e+02 3.650999755859375000e+02
