2.740509999999999877e+02 2.380000000000000000e+02 4.191485900878906250e+02
2.743870000000000005e+02 2.730000000000000000e+02 4.191497802734375000e+02
2.747239999999999895e+02 2.560000000000000000e+02 4.191523742675781250e+02
2.750600000000000023e+02 2.450000000000000000e+02 4.191424560546875000e+02
2.753960000000000150e+02 3.160000000000000000e+02 4.191415405273437500e+02
2.757330000000000041e+02 6.400000000000000000e+02 4.191339721679687500e+02
2.760690000000000168e+02 7.460000000000000000e+02 4.191446533203125000e+02
2.764049999999999727e+02 7.890000000000000000e+02 4.191400146484375000e+02
2.767420000000000186e+02 1.011000000000000000e+03 4.191355590820312500e+02
2.770779999999999745e+02 9.770000000000000000e+02 4.191394653320312500e+02
2.774139999999999873e+02 9.240000000000000000e+02 4.191462707519531250e+02
2.777509999999999764e+02 8.680000000000000000e+02 4.191406860351562500e+02
2.780869999999999891e+02 5.790000000000000000e+02 4.191347351074218750e+02
2.784239999999999782e+02 7.050000000000000000e+02 4.191414489746093750e+02
2.787599999999999909e+02 5.640000000000000000e+02 4.191356811523437500e+02
2.790960000000000036e+02 4.350000000000000000e+02 4.191428222656250000e+02
2.794329999999999927e+02 3.470000000000000000e+02 4.191452941894531250e+02
2.797690000000000055e+02 4.840000000000000000e+02 4.191394958496093750e+02
2.801050000000000182e+02 3.430000000000000000e+02 4.191433715820312500e+02
2.804420000000000073e+02 3.740000000000000000e+02 4.191416931152343750e+02
2.807780000000000200e+02 4.550000000000000000e+02 4.191394653320312500e+02
2.811139999999999759e+02 2.480000000000000000e+02 4.191326904296875000e+02
2.814510000000000218e+02 3.170000000000000000e+02 4.191391601562500000e+02
2.817869999999999777e+02 2.760000000000000000e+02 4.191421508789062500e+02
2.821229999999999905e+02 2.120000000000000000e+02 4.191319885253906250e+02
