3.387299999999999756e+01 1.750000000000000000e+02 1.390144500732421875e+02
3.420900000000000318e+01 2.570000000000000000e+02 1.390115051269531250e+02
3.454599999999999937e+01 2.930000000000000000e+02 1.390025329589843750e+02
3.488199999999999790e+01 2.650000000000000000e+02 1.390049285888671875e+02
3.521800000000000352e+01 2.610000000000000000e+02 1.390055389404296875e+02
3.555499999999999972e+01 3.130000000000000000e+02 1.390204010009765625e+02
3.589099999999999824e+01 2.090000000000000000e+02 1.390110473632812500e+02
3.622699999999999676e+01 3.520000000000000000e+02 1.390066528320312500e+02
3.656400000000000006e+01 1.460000000000000000e+02 1.390094757080078125e+02
3.689999999999999858e+01 1.880000000000000000e+02 1.390023193359375000e+02
3.723599999999999710e+01 2.860000000000000000e+02 1.390110168457031250e+02
3.757200000000000273e+01 2.950000000000000000e+02 1.390129394531250000e+02
3.790899999999999892e+01 2.380000000000000000e+02 1.390220336914062500e+02
3.824499999999999744e+01 3.170000000000000000e+02 1.390165405273437500e+02
3.858100000000000307e+01 3.250000000000000000e+02 1.390177459716796875e+02
3.891799999999999926e+01 1.600000000000000000e+02 1.390163574218750000e+02
3.925399999999999778e+01 2.630000000000000000e+02 1.390233306884765625e+02
3.959000000000000341e+01 1.010000000000000000e+02 1.390190734863281250e+02
3.992699999999999960e+01 2.800000000000000000e+02 1.390146026611328125e+02
4.026299999999999812e+01 2.360000000000000000e+02 1.390183868408203125e+02
4.059899999999999665e+01 1.870000000000000000e+02 1.390156707763671875e+02
4.093500000000000227e+01 1.380000000000000000e+02 1.390117492675781250e+02
4.127199999999999847e+01 2.180000000000000000e+02 1.390153808593750000e+02
4.160799999999999699e+01 1.760000000000000000e+02 1.390226287841796875e+02
4.194599999999999795e+01 1.460000000000000000e+02 1.390148925781250000e+02
4.228300000000000125e+01 2.030000000000000000e+02 1.390102386474609375e+02
4.261999999999999744e+01 1.810000000000000000e+02 1.390025939941406250e+02
4.295600000000000307e+01 3.820000000000000000e+02 1.390078735351562500e+02
4.329200000000000159e+01 7.590000000000000000e+02 1.390004425048828125e+02
4.362899999999999778e+01 7.220000000000000000e+02 1.390101165771484375e+02
4.396500000000000341e+01 1.099000000000000000e+03 1.390061340332031250e+02
4.430100000000000193e+01 8.860000000000000000e+02 1.390073699951171875e+02
4.463799999999999812e+01 1.041000000000000000e+03 1.390104370117187500e+02
4.497399999999999665e+01 8.080000000000000000e+02 1.390134429931640625e+02
4.531000000000000227e+01 9.930000000000000000e+02 1.390090789794921875e+02
4.564699999999999847e+01 6.520000000000000000e+02 1.390088348388671875e+02
4.598299999999999699e+01 6.690000000000000000e+02 1.390052642822265625e+02
4.631900000000000261e+01 4.480000000000000000e+02 1.390126342773437500e+02
4.665500000000000114e+01 4.570000000000000000e+02 1.390121459960937500e+02
4.699199999999999733e+01 4.690000000000000000e+02 1.390220336914062500e+02
4.732800000000000296e+01 3.540000000000000000e+02 1.389962615966796875e+02
4.766400000000000148e+01 2.350000000000000000e+02 1.390044860839843750e+02
4.800099999999999767e+01 2.110000000000000000e+02 1.389894866943359375e+02
4.833700000000000330e+01 2.290000000000000000e+02 1.389955749511718750e+02
