1.394960000000000093e+02 8.400000000000000000e+01 5.180312500000000000e+02
1.398329999999999984e+02 1.760000000000000000e+02 5.180346069335937500e+02
1.401690000000000111e+02 1.410000000000000000e+02 5.180280761718750000e+02
1.405049999999999955e+02 2.020000000000000000e+02 5.180284423828125000e+02
1.408420000000000130e+02 2.480000000000000000e+02 5.180337524414062500e+02
1.411790000000000020e+02 2.680000000000000000e+02 5.180242919921875000e+02
1.415159999999999911e+02 3.340000000000000000e+02 5.180305786132812500e+02
1.418520000000000039e+02 4.640000000000000000e+02 5.180339355468750000e+02
1.421879999999999882e+02 4.950000000000000000e+02 5.180342407226562500e+02
1.425250000000000057e+02 4.460000000000000000e+02 5.180375366210937500e+02
1.428619999999999948e+02 4.470000000000000000e+02 5.180364379882812500e+02
1.431990000000000123e+02 4.780000000000000000e+02 5.180307617187500000e+02
1.435349999999999966e+02 5.290000000000000000e+02 5.180375976562500000e+02
1.438710000000000093e+02 6.420000000000000000e+02 5.180360107421875000e+02
1.442079999999999984e+02 5.350000000000000000e+02 5.180339355468750000e+02
1.445440000000000111e+02 4.520000000000000000e+02 5.180405883789062500e+02
1.448799999999999955e+02 5.630000000000000000e+02 5.180328979492187500e+02
1.452170000000000130e+02 6.830000000000000000e+02 5.180360717773437500e+02
1.455529999999999973e+02 6.140000000000000000e+02 5.180291748046875000e+02
1.458890000000000100e+02 4.950000000000000000e+02 5.180317993164062500e+02
1.462249999999999943e+02 7.570000000000000000e+02 5.180343627929687500e+02
1.465620000000000118e+02 8.450000000000000000e+02 5.180296020507812500e+02
1.468979999999999961e+02 8.500000000000000000e+02 5.180338745117187500e+02
1.472340000000000089e+02 8.560000000000000000e+02 5.180322875976562500e+02
1.475709999999999980e+02 8.230000000000000000e+02 5.180331420898437500e+02
1.479070000000000107e+02 9.570000000000000000e+02 5.180284423828125000e+02
1.482429999999999950e+02 7.620000000000000000e+02 5.180337524414062500e+02
1.485800000000000125e+02 7.560000000000000000e+02 5.180369873046875000e+02
1.489159999999999968e+02 6.810000000000000000e+02 5.180360717773437500e+02
1.492520000000000095e+02 4.700000000000000000e+02 5.180288696289062500e+02
1.495879999999999939e+02 4.460000000000000000e+02 5.180292358398437500e+02
1.499250000000000114e+02 3.710000000000000000e+02 5.180392456054687500e+02
1.502609999999999957e+02 3.360000000000000000e+02 5.180263061523437500e+02
1.505970000000000084e+02 2.400000000000000000e+02 5.180285034179687500e+02
1.509339999999999975e+02 2.830000000000000000e+02 5.180432128906250000e+02
1.512700000000000102e+02 1.130000000000000000e+02 5.180232543945312500e+02
1.516059999999999945e+02 8.900000000000000000e+01 5.180323486328125000e+02
