2.387299999999999898e+02 1.290000000000000000e+02 2.490514373779296875e+02
2.390660000000000025e+02 2.250000000000000000e+02 2.490668487548828125e+02
2.394029999999999916e+02 2.460000000000000000e+02 2.490707092285156250e+02
2.397390000000000043e+02 2.570000000000000000e+02 2.490648956298828125e+02
2.400749999999999886e+02 6.060000000000000000e+02 2.490583496093750000e+02
2.404120000000000061e+02 6.850000000000000000e+02 2.490544891357421875e+02
2.407479999999999905e+02 8.360000000000000000e+02 2.490558929443359375e+02
2.410840000000000032e+02 9.070000000000000000e+02 2.490534973144531250e+02
2.414199999999999875e+02 7.860000000000000000e+02 2.490550994873046875e+02
2.417570000000000050e+02 6.970000000000000000e+02 2.490544738769531250e+02
2.420929999999999893e+02 6.600000000000000000e+02 2.490615081787109375e+02
2.424290000000000020e+02 4.850000000000000000e+02 2.490554046630859375e+02
2.427659999999999911e+02 4.270000000000000000e+02 2.490582427978515625e+02
2.431020000000000039e+02 3.720000000000000000e+02 2.490666351318359375e+02
2.434379999999999882e+02 3.580000000000000000e+02 2.490697174072265625e+02
2.437760000000000105e+02 3.160000000000000000e+02 2.490693511962890625e+02
2.441129999999999995e+02 2.880000000000000000e+02 2.490673675537109375e+02
2.444490000000000123e+02 4.360000000000000000e+02 2.490650787353515625e+02
2.447849999999999966e+02 2.850000000000000000e+02 2.490561523437500000e+02
