2.996159999999999854e+02 3.110000000000000000e+02 3.551199951171875000e+02
2.999519999999999982e+02 3.770000000000000000e+02 3.551185302734375000e+02
3.002880000000000109e+02 5.850000000000000000e+02 3.551055297851562500e+02
3.006250000000000000e+02 6.870000000000000000e+02 3.551042480468750000e+02
3.009610000000000127e+02 7.050000000000000000e+02 3.551062622070312500e+02
3.012970000000000255e+02 8.110000000000000000e+02 3.551112976074218750e+02
3.016340000000000146e+02 6.260000000000000000e+02 3.551165161132812500e+02
3.019700000000000273e+02 5.330000000000000000e+02 3.551138305664062500e+02
3.023059999999999832e+02 5.690000000000000000e+02 3.551170349121093750e+02
3.026429999999999723e+02 4.380000000000000000e+02 3.551118469238281250e+02
3.029789999999999850e+02 5.940000000000000000e+02 3.551160278320312500e+02
3.033149999999999977e+02 4.200000000000000000e+02 3.551122436523437500e+02
3.036510000000000105e+02 7.400000000000000000e+02 3.551161499023437500e+02
3.039879999999999995e+02 8.410000000000000000e+02 3.551062316894531250e+02
3.043260000000000218e+02 7.400000000000000000e+02 3.551127929687500000e+02
3.046619999999999777e+02 5.370000000000000000e+02 3.551185913085937500e+02
3.049979999999999905e+02 8.670000000000000000e+02 3.551148681640625000e+02
3.053349999999999795e+02 8.280000000000000000e+02 3.551163940429687500e+02
3.056709999999999923e+02 8.740000000000000000e+02 3.551094665527343750e+02
3.060070000000000050e+02 5.690000000000000000e+02 3.551099548339843750e+02
3.063430000000000177e+02 5.360000000000000000e+02 3.551099548339843750e+02
3.066800000000000068e+02 4.020000000000000000e+02 3.551126708984375000e+02
3.070160000000000196e+02 3.310000000000000000e+02 3.551105346679687500e+02
3.073519999999999754e+02 4.720000000000000000e+02 3.551130065917968750e+02
3.076890000000000214e+02 2.360000000000000000e+02 3.551101074218750000e+02
3.080249999999999773e+02 2.390000000000000000e+02 3.551133728027343750e+02
3.083609999999999900e+02 3.330000000000000000e+02 3.551123046875000000e+02
3.086979999999999791e+02 2.010000000000000000e+02 3.551299133300781250e+02
3.090339999999999918e+02 3.720000000000000000e+02 3.551163635253906250e+02
3.093709999999999809e+02 3.930000000000000000e+02 3.551054382324218750e+02
3.097069999999999936e+02 2.310000000000000000e+02 3.551305541992187500e+02
3.100430000000000064e+02 3.290000000000000000e+02 3.551286010742187500e+02
3.103799999999999955e+02 3.740000000000000000e+02 3.551227111816406250e+02
3.107160000000000082e+02 2.410000000000000000e+02 3.551237792968750000e+02
3.110520000000000209e+02 3.990000000000000000e+02 3.551146850585937500e+02
3.113890000000000100e+02 3.230000000000000000e+02 3.551209716796875000e+02
3.117259999999999991e+02 4.160000000000000000e+02 3.551199340820312500e+02
3.120620000000000118e+02 3.070000000000000000e+02 3.551226501464843750e+02
3.123990000000000009e+02 5.860000000000000000e+02 3.551082458496093750e+02
3.127350000000000136e+02 6.640000000000000000e+02 3.551070861816406250e+02
3.130710000000000264e+02 8.520000000000000000e+02 3.551079711914062500e+02
3.134069999999999823e+02 6.890000000000000000e+02 3.551131591796875000e+02
3.137440000000000282e+02 8.820000000000000000e+02 3.551130676269531250e+02
3.140799999999999841e+02 8.050000000000000000e+02 3.551087036132812500e+02
3.144180000000000064e+02 7.300000000000000000e+02 3.551123657226562500e+02
3.147540000000000191e+02 2.990000000000000000e+02 3.551187744140625000e+02
3.150910000000000082e+02 5.290000000000000000e+02 3.551099243164062500e+02
3.154270000000000209e+02 5.440000000000000000e+02 3.551058654785156250e+02
3.157629999999999768e+02 2.830000000000000000e+02 3.551219482421875000e+02
3.160989999999999895e+02 2.580000000000000000e+02 3.551290283203125000e+02
3.164359999999999786e+02 2.700000000000000000e+02 3.551154785156250000e+02
3.167719999999999914e+02 2.870000000000000000e+02 3.551054077148437500e+02
3.171080000000000041e+02 2.090000000000000000e+02 3.551209106445312500e+02
3.174449999999999932e+02 3.360000000000000000e+02 3.551089477539062500e+02
3.177810000000000059e+02 2.720000000000000000e+02 3.551070556640625000e+02
3.181170000000000186e+02 2.160000000000000000e+02 3.551135864257812500e+02
