3.648740000000000236e+02 2.500000000000000000e+02 2.711233520507812500e+02
3.652110000000000127e+02 1.650000000000000000e+02 2.711345825195312500e+02
3.655470000000000255e+02 2.490000000000000000e+02 2.711193542480468750e+02
3.658829999999999814e+02 1.500000000000000000e+02 2.711106567382812500e+02
3.662189999999999941e+02 2.560000000000000000e+02 2.711228942871093750e+02
3.665559999999999832e+02 3.610000000000000000e+02 2.711306762695312500e+02
3.668919999999999959e+02 2.180000000000000000e+02 2.711269531250000000e+02
3.672280000000000086e+02 3.770000000000000000e+02 2.711335144042968750e+02
3.675649999999999977e+02 3.400000000000000000e+02 2.711264038085937500e+02
3.679010000000000105e+02 3.040000000000000000e+02 2.711276245117187500e+02
3.682379999999999995e+02 3.060000000000000000e+02 2.711341857910156250e+02
3.685740000000000123e+02 2.000000000000000000e+02 2.711312866210937500e+02
3.689100000000000250e+02 1.570000000000000000e+02 2.711321716308593750e+02
3.692470000000000141e+02 2.220000000000000000e+02 2.711398620605468750e+02
3.695830000000000268e+02 4.330000000000000000e+02 2.711363830566406250e+02
3.699189999999999827e+02 5.190000000000000000e+02 2.711337890625000000e+02
3.702559999999999718e+02 3.800000000000000000e+02 2.711325988769531250e+02
3.705919999999999845e+02 6.940000000000000000e+02 2.711241149902343750e+02
3.709279999999999973e+02 3.620000000000000000e+02 2.711322021484375000e+02
3.712640000000000100e+02 2.910000000000000000e+02 2.711292419433593750e+02
3.716009999999999991e+02 2.410000000000000000e+02 2.711302490234375000e+02
3.719379999999999882e+02 2.450000000000000000e+02 2.711356811523437500e+02
3.722740000000000009e+02 1.700000000000000000e+02 2.711391906738281250e+02
3.726109999999999900e+02 2.560000000000000000e+02 2.711333312988281250e+02
3.729470000000000027e+02 1.920000000000000000e+02 2.711392822265625000e+02
3.732830000000000155e+02 1.490000000000000000e+02 2.711318054199218750e+02
3.736200000000000045e+02 2.180000000000000000e+02 2.711300048828125000e+02
3.739560000000000173e+02 2.720000000000000000e+02 2.711292724609375000e+02
3.742919999999999732e+02 1.760000000000000000e+02 2.711469421386718750e+02
3.746290000000000191e+02 1.990000000000000000e+02 2.711373901367187500e+02
3.749660000000000082e+02 3.320000000000000000e+02 2.711318359375000000e+02
3.753029999999999973e+02 1.050000000000000000e+02 2.711477966308593750e+02
3.756390000000000100e+02 3.510000000000000000e+02 2.711235351562500000e+02
3.759750000000000227e+02 3.070000000000000000e+02 2.711328125000000000e+02
3.763120000000000118e+02 3.810000000000000000e+02 2.711293029785156250e+02
3.766480000000000246e+02 3.210000000000000000e+02 2.711332702636718750e+02
3.769839999999999804e+02 5.350000000000000000e+02 2.711268615722656250e+02
3.773210000000000264e+02 4.380000000000000000e+02 2.711351623535156250e+02
3.776569999999999823e+02 4.510000000000000000e+02 2.711256713867187500e+02
3.779929999999999950e+02 5.300000000000000000e+02 2.711252136230468750e+02
3.783290000000000077e+02 6.670000000000000000e+02 2.711274719238281250e+02
3.786659999999999968e+02 5.700000000000000000e+02 2.711319580078125000e+02
3.790020000000000095e+02 5.250000000000000000e+02 2.711246032714843750e+02
3.793380000000000223e+02 8.020000000000000000e+02 2.711226196289062500e+02
3.796750000000000114e+02 8.530000000000000000e+02 2.711289978027343750e+02
3.800110000000000241e+02 7.110000000000000000e+02 2.711338806152343750e+02
3.803469999999999800e+02 4.230000000000000000e+02 2.711261291503906250e+02
3.806840000000000259e+02 5.380000000000000000e+02 2.711303100585937500e+02
3.810199999999999818e+02 7.290000000000000000e+02 2.711249084472656250e+02
3.813559999999999945e+02 5.060000000000000000e+02 2.711298522949218750e+02
3.816920000000000073e+02 4.210000000000000000e+02 2.711240844726562500e+02
3.820289999999999964e+02 2.500000000000000000e+02 2.711292114257812500e+02
3.823650000000000091e+02 3.040000000000000000e+02 2.711365051269531250e+02
3.827010000000000218e+02 3.070000000000000000e+02 2.711348571777343750e+02
3.830380000000000109e+02 1.880000000000000000e+02 2.711251525878906250e+02
3.833740000000000236e+02 3.310000000000000000e+02 2.711224670410156250e+02
3.837110000000000127e+02 1.960000000000000000e+02 2.711141967773437500e+02
3.840470000000000255e+02 2.030000000000000000e+02 2.711328430175781250e+02
3.843840000000000146e+02 1.910000000000000000e+02 2.711482238769531250e+02
3.847200000000000273e+02 2.070000000000000000e+02 2.711293334960937500e+02
3.850579999999999927e+02 2.900000000000000000e+02 2.711311950683593750e+02
3.853949999999999818e+02 2.590000000000000000e+02 2.711296081542968750e+02
3.857309999999999945e+02 1.720000000000000000e+02 2.711458435058593750e+02
3.860670000000000073e+02 3.750000000000000000e+02 2.711324462890625000e+02
3.864030000000000200e+02 3.150000000000000000e+02 2.711335144042968750e+02
3.867400000000000091e+02 2.500000000000000000e+02 2.711267700195312500e+02
3.870760000000000218e+02 2.870000000000000000e+02 2.711291503906250000e+02
3.874130000000000109e+02 2.090000000000000000e+02 2.711307678222656250e+02
3.877490000000000236e+02 3.900000000000000000e+02 2.711223144531250000e+02
3.880849999999999795e+02 7.110000000000000000e+02 2.711302185058593750e+02
3.884220000000000255e+02 4.160000000000000000e+02 2.711260375976562500e+02
3.887579999999999814e+02 4.430000000000000000e+02 2.711272583007812500e+02
3.890950000000000273e+02 3.530000000000000000e+02 2.711283569335937500e+02
3.894309999999999832e+02 3.460000000000000000e+02 2.711371459960937500e+02
3.897669999999999959e+02 3.300000000000000000e+02 2.711355590820312500e+02
3.901039999999999850e+02 3.560000000000000000e+02 2.711276855468750000e+02
3.904409999999999741e+02 3.120000000000000000e+02 2.711288146972656250e+02
3.907769999999999868e+02 2.480000000000000000e+02 2.711309814453125000e+02
3.911129999999999995e+02 2.480000000000000000e+02 2.711325683593750000e+02
3.914499999999999886e+02 1.810000000000000000e+02 2.711351928710937500e+02
3.917860000000000014e+02 1.730000000000000000e+02 2.711308593750000000e+02
3.921220000000000141e+02 2.220000000000000000e+02 2.711338195800781250e+02
3.924590000000000032e+02 1.600000000000000000e+02 2.711344604492187500e+02
3.927950000000000159e+02 1.250000000000000000e+02 2.711318664550781250e+02
3.931309999999999718e+02 1.250000000000000000e+02 2.711436767578125000e+02
3.934680000000000177e+02 1.370000000000000000e+02 2.711455688476562500e+02
3.938039999999999736e+02 1.490000000000000000e+02 2.711240539550781250e+02
3.941399999999999864e+02 1.750000000000000000e+02 2.711275024414062500e+02
