1.351229999999999905e+02 2.410000000000000000e+02 4.679990234375000000e+02
1.354600000000000080e+02 1.740000000000000000e+02 4.680088500976562500e+02
1.357959999999999923e+02 4.470000000000000000e+02 4.680019226074218750e+02
1.361330000000000098e+02 4.670000000000000000e+02 4.680057373046875000e+02
1.364689999999999941e+02 4.310000000000000000e+02 4.680023498535156250e+02
1.368060000000000116e+02 5.490000000000000000e+02 4.680057983398437500e+02
1.371419999999999959e+02 7.040000000000000000e+02 4.680024414062500000e+02
1.374780000000000086e+02 5.990000000000000000e+02 4.680093688964843750e+02
1.378149999999999977e+02 6.140000000000000000e+02 4.679988403320312500e+02
1.381510000000000105e+02 5.560000000000000000e+02 4.679988098144531250e+02
1.384869999999999948e+02 5.890000000000000000e+02 4.680073242187500000e+02
1.388240000000000123e+02 6.640000000000000000e+02 4.680057067871093750e+02
1.391599999999999966e+02 6.860000000000000000e+02 4.680080261230468750e+02
1.394960000000000093e+02 7.180000000000000000e+02 4.680080261230468750e+02
1.398329999999999984e+02 6.630000000000000000e+02 4.679999084472656250e+02
1.401690000000000111e+02 6.420000000000000000e+02 4.680033569335937500e+02
1.405049999999999955e+02 6.690000000000000000e+02 4.680058288574218750e+02
1.408420000000000130e+02 5.430000000000000000e+02 4.680078125000000000e+02
1.411790000000000020e+02 5.420000000000000000e+02 4.680078735351562500e+02
1.415159999999999911e+02 8.330000000000000000e+02 4.680004882812500000e+02
1.418520000000000039e+02 5.660000000000000000e+02 4.680109252929687500e+02
1.421879999999999882e+02 4.990000000000000000e+02 4.680062561035156250e+02
1.425250000000000057e+02 5.510000000000000000e+02 4.680112304687500000e+02
1.428619999999999948e+02 3.850000000000000000e+02 4.679970703125000000e+02
1.431990000000000123e+02 5.670000000000000000e+02 4.680049438476562500e+02
1.435349999999999966e+02 5.310000000000000000e+02 4.680014648437500000e+02
1.438710000000000093e+02 5.900000000000000000e+02 4.680030822753906250e+02
1.442079999999999984e+02 4.860000000000000000e+02 4.680035400390625000e+02
1.445440000000000111e+02 3.920000000000000000e+02 4.680141296386718750e+02
1.448799999999999955e+02 4.110000000000000000e+02 4.680139160156250000e+02
1.452170000000000130e+02 4.510000000000000000e+02 4.680078430175781250e+02
1.455529999999999973e+02 4.360000000000000000e+02 4.680074157714843750e+02
1.458890000000000100e+02 3.900000000000000000e+02 4.680019226074218750e+02
1.462249999999999943e+02 3.090000000000000000e+02 4.680003356933593750e+02
1.465620000000000118e+02 1.650000000000000000e+02 4.680091857910156250e+02
1.468979999999999961e+02 4.310000000000000000e+02 4.680097351074218750e+02
1.472340000000000089e+02 1.640000000000000000e+02 4.680190734863281250e+02
1.475709999999999980e+02 2.280000000000000000e+02 4.680031738281250000e+02
1.479070000000000107e+02 1.640000000000000000e+02 4.680113830566406250e+02
1.482429999999999950e+02 2.030000000000000000e+02 4.680043029785156250e+02
1.485800000000000125e+02 1.750000000000000000e+02 4.680036621093750000e+02
1.489159999999999968e+02 1.730000000000000000e+02 4.680040893554687500e+02
1.492520000000000095e+02 1.480000000000000000e+02 4.680008544921875000e+02
1.495879999999999939e+02 1.150000000000000000e+02 4.679949951171875000e+02
1.499250000000000114e+02 1.080000000000000000e+02 4.680189514160156250e+02
1.502609999999999957e+02 5.600000000000000000e+01 4.680083618164062500e+02
1.505970000000000084e+02 1.180000000000000000e+02 4.680036315917968750e+02
1.509339999999999975e+02 1.390000000000000000e+02 4.680146484375000000e+02
