9.646499999999999773e+02 9.730000000000000000e+02 7.364613647460937500e+02
9.649859999999999900e+02 1.105000000000000000e+03 7.364586791992187500e+02
9.653220000000000027e+02 9.060000000000000000e+02 7.364635009765625000e+02
9.656580000000000155e+02 9.060000000000000000e+02 7.364723510742187500e+02
9.659940000000000282e+02 8.260000000000000000e+02 7.364704589843750000e+02
9.663300000000000409e+02 9.130000000000000000e+02 7.364671630859375000e+02
9.666660000000000537e+02 7.890000000000000000e+02 7.364661254882812500e+02
9.670019999999999527e+02 8.800000000000000000e+02 7.364666137695312500e+02
9.673379999999999654e+02 9.360000000000000000e+02 7.364722900390625000e+02
9.676739999999999782e+02 7.010000000000000000e+02 7.364670410156250000e+02
9.680099999999999909e+02 7.740000000000000000e+02 7.364673461914062500e+02
9.683460000000000036e+02 9.280000000000000000e+02 7.364616088867187500e+02
9.686820000000000164e+02 8.290000000000000000e+02 7.364616088867187500e+02
9.690180000000000291e+02 7.740000000000000000e+02 7.364674682617187500e+02
9.693600000000000136e+02 7.690000000000000000e+02 7.364570312500000000e+02
9.696900000000000546e+02 8.690000000000000000e+02 7.364645996093750000e+02
9.700259999999999536e+02 7.130000000000000000e+02 7.364672851562500000e+02
9.703680000000000518e+02 7.380000000000000000e+02 7.364703369140625000e+02
9.707039999999999509e+02 6.650000000000000000e+02 7.364648437500000000e+02
9.710399999999999636e+02 7.330000000000000000e+02 7.364705200195312500e+02
9.713759999999999764e+02 6.610000000000000000e+02 7.364671020507812500e+02
9.717119999999999891e+02 7.930000000000000000e+02 7.364623413085937500e+02
9.720480000000000018e+02 7.270000000000000000e+02 7.364641113281250000e+02
9.723840000000000146e+02 5.710000000000000000e+02 7.364631347656250000e+02
9.727200000000000273e+02 6.950000000000000000e+02 7.364703979492187500e+02
9.730560000000000400e+02 6.970000000000000000e+02 7.364657592773437500e+02
9.733920000000000528e+02 7.950000000000000000e+02 7.364653930664062500e+02
9.737279999999999518e+02 7.210000000000000000e+02 7.364609375000000000e+02
9.740639999999999645e+02 7.070000000000000000e+02 7.364641113281250000e+02
9.744059999999999491e+02 7.040000000000000000e+02 7.364631347656250000e+02
9.747419999999999618e+02 5.810000000000000000e+02 7.364648437500000000e+02
9.750720000000000027e+02 8.300000000000000000e+02 7.364629516601562500e+02
9.754139999999999873e+02 6.620000000000000000e+02 7.364660644531250000e+02
9.757500000000000000e+02 6.270000000000000000e+02 7.364698486328125000e+02
9.760860000000000127e+02 7.030000000000000000e+02 7.364742431640625000e+02
9.764220000000000255e+02 5.000000000000000000e+02 7.364703369140625000e+02
9.767580000000000382e+02 5.860000000000000000e+02 7.364671020507812500e+02
9.770940000000000509e+02 6.120000000000000000e+02 7.364660034179687500e+02
9.774299999999999500e+02 5.520000000000000000e+02 7.364652099609375000e+02
9.777659999999999627e+02 5.360000000000000000e+02 7.364673461914062500e+02
9.781019999999999754e+02 8.260000000000000000e+02 7.364618530273437500e+02
9.784379999999999882e+02 5.220000000000000000e+02 7.364739990234375000e+02
9.787740000000000009e+02 5.500000000000000000e+02 7.364730224609375000e+02
9.791100000000000136e+02 5.620000000000000000e+02 7.364628906250000000e+02
9.794460000000000264e+02 6.150000000000000000e+02 7.364675903320312500e+02
9.797820000000000391e+02 5.130000000000000000e+02 7.364697875976562500e+02
9.801180000000000518e+02 7.000000000000000000e+02 7.364602661132812500e+02
9.804600000000000364e+02 5.730000000000000000e+02 7.364675292968750000e+02
9.807960000000000491e+02 6.060000000000000000e+02 7.364634399414062500e+02
9.811319999999999482e+02 6.000000000000000000e+02 7.364703369140625000e+02
9.814679999999999609e+02 4.840000000000000000e+02 7.364691772460937500e+02
9.818039999999999736e+02 5.060000000000000000e+02 7.364713745117187500e+02
9.821399999999999864e+02 4.970000000000000000e+02 7.364660644531250000e+02
9.824759999999999991e+02 5.420000000000000000e+02 7.364683837890625000e+02
9.828120000000000118e+02 5.090000000000000000e+02 7.364769287109375000e+02
9.831480000000000246e+02 4.630000000000000000e+02 7.364683227539062500e+02
9.834840000000000373e+02 4.310000000000000000e+02 7.364642333984375000e+02
9.838200000000000500e+02 4.430000000000000000e+02 7.364683837890625000e+02
9.841559999999999491e+02 5.990000000000000000e+02 7.364587402343750000e+02
9.844919999999999618e+02 4.840000000000000000e+02 7.364714965820312500e+02
9.848279999999999745e+02 3.760000000000000000e+02 7.364642333984375000e+02
9.851699999999999591e+02 5.230000000000000000e+02 7.364691162109375000e+02
9.855000000000000000e+02 5.610000000000000000e+02 7.364586791992187500e+02
9.858419999999999845e+02 4.340000000000000000e+02 7.364683227539062500e+02
9.861779999999999973e+02 5.880000000000000000e+02 7.364631958007812500e+02
9.865140000000000100e+02 4.270000000000000000e+02 7.364564208984375000e+02
9.868500000000000227e+02 4.270000000000000000e+02 7.364711914062500000e+02
9.871860000000000355e+02 4.970000000000000000e+02 7.364632568359375000e+02
9.875220000000000482e+02 4.240000000000000000e+02 7.364540405273437500e+02
9.878579999999999472e+02 4.710000000000000000e+02 7.364754638671875000e+02
9.881939999999999600e+02 4.340000000000000000e+02 7.364640502929687500e+02
9.885299999999999727e+02 4.970000000000000000e+02 7.364618530273437500e+02
9.888659999999999854e+02 4.820000000000000000e+02 7.364661865234375000e+02
9.892019999999999982e+02 5.760000000000000000e+02 7.364651489257812500e+02
9.895380000000000109e+02 5.480000000000000000e+02 7.364614868164062500e+02
9.898740000000000236e+02 4.490000000000000000e+02 7.364628906250000000e+02
9.902100000000000364e+02 4.320000000000000000e+02 7.364644775390625000e+02
9.905460000000000491e+02 4.220000000000000000e+02 7.364658203125000000e+02
9.908880000000000337e+02 3.930000000000000000e+02 7.364741821289062500e+02
9.912240000000000464e+02 4.070000000000000000e+02 7.364716186523437500e+02
9.915599999999999454e+02 6.100000000000000000e+02 7.364661865234375000e+02
9.918959999999999582e+02 4.210000000000000000e+02 7.364663696289062500e+02
9.922319999999999709e+02 4.690000000000000000e+02 7.364642944335937500e+02
9.925679999999999836e+02 3.310000000000000000e+02 7.364686889648437500e+02
