8.586839999999999691e+02 5.220000000000000000e+02 7.605628051757812500e+02
8.590199999999999818e+02 5.850000000000000000e+02 7.605556640625000000e+02
8.593559999999999945e+02 6.050000000000000000e+02 7.605618896484375000e+02
8.596920000000000073e+02 6.150000000000000000e+02 7.605639038085937500e+02
8.600280000000000200e+02 7.300000000000000000e+02 7.605587768554687500e+02
8.603640000000000327e+02 5.030000000000000000e+02 7.605706787109375000e+02
8.607000000000000455e+02 6.300000000000000000e+02 7.605604248046875000e+02
8.610420000000000300e+02 5.490000000000000000e+02 7.605599365234375000e+02
8.613719999999999573e+02 5.190000000000000000e+02 7.605589599609375000e+02
8.617140000000000555e+02 5.070000000000000000e+02 7.605569458007812500e+02
8.620499999999999545e+02 6.100000000000000000e+02 7.605613403320312500e+02
8.623859999999999673e+02 5.860000000000000000e+02 7.605593872070312500e+02
8.627219999999999800e+02 6.070000000000000000e+02 7.605543212890625000e+02
8.630579999999999927e+02 6.540000000000000000e+02 7.605582275390625000e+02
8.633940000000000055e+02 7.590000000000000000e+02 7.605577392578125000e+02
8.637300000000000182e+02 5.580000000000000000e+02 7.605588378906250000e+02
8.640660000000000309e+02 8.100000000000000000e+02 7.605626831054687500e+02
8.644020000000000437e+02 6.920000000000000000e+02 7.605577392578125000e+02
8.647380000000000564e+02 6.600000000000000000e+02 7.605546875000000000e+02
8.650739999999999554e+02 6.360000000000000000e+02 7.605610351562500000e+02
8.654099999999999682e+02 6.520000000000000000e+02 7.605551147460937500e+02
8.657459999999999809e+02 5.700000000000000000e+02 7.605558471679687500e+02
8.660819999999999936e+02 7.250000000000000000e+02 7.605601806640625000e+02
8.664180000000000064e+02 6.820000000000000000e+02 7.605565185546875000e+02
8.667540000000000191e+02 7.060000000000000000e+02 7.605603637695312500e+02
8.670900000000000318e+02 7.380000000000000000e+02 7.605563964843750000e+02
8.674260000000000446e+02 7.250000000000000000e+02 7.605599975585937500e+02
8.677680000000000291e+02 6.830000000000000000e+02 7.605556640625000000e+02
8.680979999999999563e+02 7.620000000000000000e+02 7.605522460937500000e+02
8.684400000000000546e+02 7.320000000000000000e+02 7.605583496093750000e+02
8.687759999999999536e+02 7.090000000000000000e+02 7.605535278320312500e+02
8.691119999999999663e+02 6.960000000000000000e+02 7.605545654296875000e+02
8.694479999999999791e+02 6.920000000000000000e+02 7.605521850585937500e+02
8.697839999999999918e+02 8.330000000000000000e+02 7.605585327148437500e+02
8.701200000000000045e+02 6.630000000000000000e+02 7.605643310546875000e+02
8.704560000000000173e+02 6.270000000000000000e+02 7.605610351562500000e+02
8.707920000000000300e+02 5.910000000000000000e+02 7.605667114257812500e+02
8.711280000000000427e+02 6.710000000000000000e+02 7.605648193359375000e+02
8.714640000000000555e+02 9.660000000000000000e+02 7.605576171875000000e+02
8.717999999999999545e+02 7.360000000000000000e+02 7.605562744140625000e+02
8.721420000000000528e+02 6.480000000000000000e+02 7.605568847656250000e+02
8.724779999999999518e+02 7.440000000000000000e+02 7.605564575195312500e+02
8.728139999999999645e+02 7.570000000000000000e+02 7.605582885742187500e+02
8.731499999999999773e+02 7.410000000000000000e+02 7.605546264648437500e+02
8.734859999999999900e+02 7.600000000000000000e+02 7.605612182617187500e+02
8.738220000000000027e+02 7.270000000000000000e+02 7.605576171875000000e+02
8.741580000000000155e+02 7.030000000000000000e+02 7.605615234375000000e+02
8.744940000000000282e+02 7.970000000000000000e+02 7.605573730468750000e+02
8.748300000000000409e+02 6.620000000000000000e+02 7.605629882812500000e+02
8.751660000000000537e+02 8.620000000000000000e+02 7.605599975585937500e+02
8.755019999999999527e+02 9.330000000000000000e+02 7.605621948242187500e+02
8.758379999999999654e+02 7.460000000000000000e+02 7.605603027343750000e+02
8.761739999999999782e+02 7.700000000000000000e+02 7.605578613281250000e+02
8.765099999999999909e+02 7.510000000000000000e+02 7.605559082031250000e+02
8.768460000000000036e+02 7.460000000000000000e+02 7.605579223632812500e+02
8.771820000000000164e+02 9.140000000000000000e+02 7.605610961914062500e+02
8.775180000000000291e+02 7.120000000000000000e+02 7.605580444335937500e+02
8.778540000000000418e+02 7.810000000000000000e+02 7.605604858398437500e+02
8.781960000000000264e+02 6.390000000000000000e+02 7.605610961914062500e+02
8.785259999999999536e+02 7.850000000000000000e+02 7.605594482421875000e+02
