3.211440000000000055e+02 1.210000000000000000e+02 3.370881347656250000e+02
3.214800000000000182e+02 2.170000000000000000e+02 3.370996398925781250e+02
3.218170000000000073e+02 3.150000000000000000e+02 3.371057434082031250e+02
3.221530000000000200e+02 2.130000000000000000e+02 3.371008605957031250e+02
3.224889999999999759e+02 2.540000000000000000e+02 3.371002502441406250e+02
3.228260000000000218e+02 4.320000000000000000e+02 3.370971679687500000e+02
3.231619999999999777e+02 3.570000000000000000e+02 3.371066589355468750e+02
3.234979999999999905e+02 7.120000000000000000e+02 3.370950317382812500e+02
3.238349999999999795e+02 4.820000000000000000e+02 3.371038513183593750e+02
3.241709999999999923e+02 4.380000000000000000e+02 3.370978393554687500e+02
3.245090000000000146e+02 5.040000000000000000e+02 3.371054077148437500e+02
3.248450000000000273e+02 3.760000000000000000e+02 3.371045837402343750e+02
3.251820000000000164e+02 2.960000000000000000e+02 3.370962219238281250e+02
3.255179999999999723e+02 3.450000000000000000e+02 3.371000061035156250e+02
3.258550000000000182e+02 3.520000000000000000e+02 3.370983276367187500e+02
3.261909999999999741e+02 2.750000000000000000e+02 3.371029357910156250e+02
3.265269999999999868e+02 2.180000000000000000e+02 3.370874938964843750e+02
3.268629999999999995e+02 3.320000000000000000e+02 3.370889587402343750e+02
