9.451319999999999482e+02 2.990000000000000000e+02 5.744730224609375000e+02
9.454679999999999609e+02 3.540000000000000000e+02 5.744707641601562500e+02
9.458039999999999736e+02 3.470000000000000000e+02 5.744722290039062500e+02
9.461399999999999864e+02 3.440000000000000000e+02 5.744739379882812500e+02
9.464759999999999991e+02 2.790000000000000000e+02 5.744794311523437500e+02
9.468120000000000118e+02 2.320000000000000000e+02 5.744746704101562500e+02
9.471539999999999964e+02 2.670000000000000000e+02 5.744680175781250000e+02
9.474900000000000091e+02 2.580000000000000000e+02 5.744719238281250000e+02
9.478260000000000218e+02 3.380000000000000000e+02 5.744725952148437500e+02
9.481680000000000064e+02 3.760000000000000000e+02 5.744808349609375000e+02
9.484980000000000473e+02 4.230000000000000000e+02 5.744731445312500000e+02
9.488400000000000318e+02 3.880000000000000000e+02 5.744662475585937500e+02
9.491760000000000446e+02 4.830000000000000000e+02 5.744680175781250000e+02
9.495119999999999436e+02 4.610000000000000000e+02 5.744656372070312500e+02
9.498479999999999563e+02 3.590000000000000000e+02 5.744738159179687500e+02
9.501839999999999691e+02 4.910000000000000000e+02 5.744699707031250000e+02
9.505199999999999818e+02 4.710000000000000000e+02 5.744701538085937500e+02
9.508559999999999945e+02 4.840000000000000000e+02 5.744774169921875000e+02
9.511920000000000073e+02 5.550000000000000000e+02 5.744730224609375000e+02
9.515280000000000200e+02 4.440000000000000000e+02 5.744741821289062500e+02
9.518640000000000327e+02 3.570000000000000000e+02 5.744789428710937500e+02
9.522000000000000455e+02 5.190000000000000000e+02 5.744645385742187500e+02
9.525359999999999445e+02 4.210000000000000000e+02 5.744705200195312500e+02
9.528780000000000427e+02 5.080000000000000000e+02 5.744721069335937500e+02
9.532140000000000555e+02 6.240000000000000000e+02 5.744711303710937500e+02
9.535499999999999545e+02 4.770000000000000000e+02 5.744806518554687500e+02
9.538859999999999673e+02 4.520000000000000000e+02 5.744679565429687500e+02
9.542219999999999800e+02 5.200000000000000000e+02 5.744697265625000000e+02
9.545579999999999927e+02 5.610000000000000000e+02 5.744650268554687500e+02
9.548940000000000055e+02 4.510000000000000000e+02 5.744780883789062500e+02
9.552300000000000182e+02 5.320000000000000000e+02 5.744695434570312500e+02
9.555660000000000309e+02 5.420000000000000000e+02 5.744726562500000000e+02
9.559020000000000437e+02 6.050000000000000000e+02 5.744733276367187500e+02
9.562380000000000564e+02 4.960000000000000000e+02 5.744730834960937500e+02
9.565739999999999554e+02 7.000000000000000000e+02 5.744724121093750000e+02
9.569099999999999682e+02 6.200000000000000000e+02 5.744770507812500000e+02
9.572459999999999809e+02 4.730000000000000000e+02 5.744746704101562500e+02
9.575819999999999936e+02 6.030000000000000000e+02 5.744682006835937500e+02
9.579180000000000064e+02 5.590000000000000000e+02 5.744743652343750000e+02
9.582540000000000191e+02 6.540000000000000000e+02 5.744722900390625000e+02
9.585960000000000036e+02 4.660000000000000000e+02 5.744685058593750000e+02
9.589260000000000446e+02 6.740000000000000000e+02 5.744728393554687500e+02
9.592680000000000291e+02 6.650000000000000000e+02 5.744697875976562500e+02
9.596040000000000418e+02 3.980000000000000000e+02 5.744822387695312500e+02
9.599400000000000546e+02 5.710000000000000000e+02 5.744624633789062500e+02
9.602759999999999536e+02 7.150000000000000000e+02 5.744656982421875000e+02
9.606119999999999663e+02 5.980000000000000000e+02 5.744727172851562500e+02
9.609479999999999791e+02 3.420000000000000000e+02 5.744765014648437500e+02
9.612839999999999918e+02 8.090000000000000000e+02 5.744691162109375000e+02
9.616200000000000045e+02 3.970000000000000000e+02 5.744758911132812500e+02
9.619560000000000173e+02 4.990000000000000000e+02 5.744616088867187500e+02
9.622920000000000300e+02 4.460000000000000000e+02 5.744736328125000000e+02
9.626280000000000427e+02 5.130000000000000000e+02 5.744679565429687500e+02
9.629640000000000555e+02 4.760000000000000000e+02 5.744728393554687500e+02
9.632999999999999545e+02 5.500000000000000000e+02 5.744769897460937500e+02
9.636359999999999673e+02 4.980000000000000000e+02 5.744739990234375000e+02
9.639779999999999518e+02 5.590000000000000000e+02 5.744776000976562500e+02
9.643139999999999645e+02 5.320000000000000000e+02 5.744788818359375000e+02
9.646499999999999773e+02 5.480000000000000000e+02 5.744723510742187500e+02
9.649859999999999900e+02 3.280000000000000000e+02 5.744846801757812500e+02
9.653220000000000027e+02 4.240000000000000000e+02 5.744683227539062500e+02
9.656580000000000155e+02 5.310000000000000000e+02 5.744813232421875000e+02
9.659940000000000282e+02 4.860000000000000000e+02 5.744798583984375000e+02
9.663300000000000409e+02 3.740000000000000000e+02 5.744677124023437500e+02
9.666660000000000537e+02 5.360000000000000000e+02 5.744685058593750000e+02
9.670019999999999527e+02 3.790000000000000000e+02 5.744815673828125000e+02
9.673379999999999654e+02 4.570000000000000000e+02 5.744768676757812500e+02
9.676739999999999782e+02 4.370000000000000000e+02 5.744733886718750000e+02
9.680099999999999909e+02 5.810000000000000000e+02 5.744661254882812500e+02
9.683460000000000036e+02 3.140000000000000000e+02 5.744772338867187500e+02
9.686820000000000164e+02 3.910000000000000000e+02 5.744761352539062500e+02
9.690180000000000291e+02 4.160000000000000000e+02 5.744778442382812500e+02
9.693600000000000136e+02 5.580000000000000000e+02 5.744746093750000000e+02
9.696900000000000546e+02 4.040000000000000000e+02 5.744765625000000000e+02
9.700259999999999536e+02 4.400000000000000000e+02 5.744758911132812500e+02
9.703680000000000518e+02 3.260000000000000000e+02 5.744671630859375000e+02
9.707039999999999509e+02 3.900000000000000000e+02 5.744769897460937500e+02
9.710399999999999636e+02 4.690000000000000000e+02 5.744794311523437500e+02
