2.145120000000000005e+02 3.120000000000000000e+02 3.731638793945312500e+02
2.148480000000000132e+02 4.980000000000000000e+02 3.731671447753906250e+02
2.151850000000000023e+02 5.570000000000000000e+02 3.731661376953125000e+02
2.155209999999999866e+02 3.310000000000000000e+02 3.731592102050781250e+02
2.158569999999999993e+02 5.300000000000000000e+02 3.731622314453125000e+02
2.161939999999999884e+02 3.460000000000000000e+02 3.731551818847656250e+02
2.165300000000000011e+02 6.720000000000000000e+02 3.731675109863281250e+02
2.168660000000000139e+02 4.570000000000000000e+02 3.731709289550781250e+02
2.172030000000000030e+02 5.490000000000000000e+02 3.731644287109375000e+02
2.175389999999999873e+02 5.380000000000000000e+02 3.731602478027343750e+02
2.178750000000000000e+02 4.870000000000000000e+02 3.731624145507812500e+02
2.182110000000000127e+02 4.650000000000000000e+02 3.731593933105468750e+02
2.185480000000000018e+02 3.120000000000000000e+02 3.731561279296875000e+02
