3.578100000000000023e+02 2.380000000000000000e+02 3.271336975097656250e+02
3.581460000000000150e+02 3.710000000000000000e+02 3.271164855957031250e+02
3.584830000000000041e+02 5.300000000000000000e+02 3.271178283691406250e+02
3.588190000000000168e+02 6.140000000000000000e+02 3.271191101074218750e+02
3.591549999999999727e+02 5.390000000000000000e+02 3.271217041015625000e+02
3.594920000000000186e+02 5.900000000000000000e+02 3.271209716796875000e+02
3.598279999999999745e+02 6.670000000000000000e+02 3.271188964843750000e+02
3.601639999999999873e+02 3.060000000000000000e+02 3.271258239746093750e+02
3.605000000000000000e+02 3.620000000000000000e+02 3.271134643554687500e+02
3.608369999999999891e+02 4.430000000000000000e+02 3.271192626953125000e+02
3.611730000000000018e+02 3.350000000000000000e+02 3.271190185546875000e+02
3.615090000000000146e+02 2.940000000000000000e+02 3.271247253417968750e+02
3.618460000000000036e+02 2.720000000000000000e+02 3.271311645507812500e+02
3.621820000000000164e+02 2.620000000000000000e+02 3.271139831542968750e+02
