4.839540000000000077e+02 4.180000000000000000e+02 1.680429534912109375e+02
4.842900000000000205e+02 5.960000000000000000e+02 1.680425109863281250e+02
4.846270000000000095e+02 4.860000000000000000e+02 1.680407409667968750e+02
4.849630000000000223e+02 5.040000000000000000e+02 1.680404052734375000e+02
4.852989999999999782e+02 3.110000000000000000e+02 1.680426788330078125e+02
4.856349999999999909e+02 4.430000000000000000e+02 1.680440673828125000e+02
4.859730000000000132e+02 4.390000000000000000e+02 1.680422058105468750e+02
4.863100000000000023e+02 3.840000000000000000e+02 1.680412139892578125e+02
4.866460000000000150e+02 5.270000000000000000e+02 1.680385437011718750e+02
4.869820000000000277e+02 5.620000000000000000e+02 1.680416564941406250e+02
4.873190000000000168e+02 2.700000000000000000e+02 1.680415039062500000e+02
4.876549999999999727e+02 4.340000000000000000e+02 1.680406951904296875e+02
4.879909999999999854e+02 4.710000000000000000e+02 1.680432739257812500e+02
4.883269999999999982e+02 4.170000000000000000e+02 1.680380401611328125e+02
4.886639999999999873e+02 4.770000000000000000e+02 1.680417022705078125e+02
4.890000000000000000e+02 5.230000000000000000e+02 1.680432739257812500e+02
4.893360000000000127e+02 5.350000000000000000e+02 1.680404968261718750e+02
4.896730000000000018e+02 5.880000000000000000e+02 1.680402832031250000e+02
4.900090000000000146e+02 4.360000000000000000e+02 1.680415496826171875e+02
4.903450000000000273e+02 3.880000000000000000e+02 1.680402069091796875e+02
4.906820000000000164e+02 4.550000000000000000e+02 1.680412597656250000e+02
4.910179999999999723e+02 6.090000000000000000e+02 1.680417480468750000e+02
4.913539999999999850e+02 2.900000000000000000e+02 1.680447540283203125e+02
4.916899999999999977e+02 4.150000000000000000e+02 1.680402832031250000e+02
4.920269999999999868e+02 4.200000000000000000e+02 1.680415649414062500e+02
4.923629999999999995e+02 5.230000000000000000e+02 1.680423431396484375e+02
4.926990000000000123e+02 4.730000000000000000e+02 1.680421905517578125e+02
4.930360000000000014e+02 4.210000000000000000e+02 1.680402526855468750e+02
4.933720000000000141e+02 5.750000000000000000e+02 1.680394592285156250e+02
4.937080000000000268e+02 3.750000000000000000e+02 1.680387878417968750e+02
4.940450000000000159e+02 5.220000000000000000e+02 1.680429992675781250e+02
4.943809999999999718e+02 5.910000000000000000e+02 1.680390930175781250e+02
4.947169999999999845e+02 3.240000000000000000e+02 1.680416259765625000e+02
4.950529999999999973e+02 5.340000000000000000e+02 1.680407714843750000e+02
4.953899999999999864e+02 5.820000000000000000e+02 1.680390472412109375e+02
4.957269999999999754e+02 5.190000000000000000e+02 1.680400848388671875e+02
4.960649999999999977e+02 3.310000000000000000e+02 1.680394744873046875e+02
4.964010000000000105e+02 2.510000000000000000e+02 1.680461273193359375e+02
4.967379999999999995e+02 5.470000000000000000e+02 1.680411376953125000e+02
4.970740000000000123e+02 2.740000000000000000e+02 1.680451354980468750e+02
4.974100000000000250e+02 3.680000000000000000e+02 1.680412902832031250e+02
4.977470000000000141e+02 3.730000000000000000e+02 1.680417327880859375e+02
4.980830000000000268e+02 4.830000000000000000e+02 1.680408935546875000e+02
4.984200000000000159e+02 4.650000000000000000e+02 1.680374755859375000e+02
4.987559999999999718e+02 6.400000000000000000e+02 1.680425415039062500e+02
4.990919999999999845e+02 4.820000000000000000e+02 1.680394744873046875e+02
4.994289999999999736e+02 4.790000000000000000e+02 1.680391082763671875e+02
4.997649999999999864e+02 4.630000000000000000e+02 1.680424499511718750e+02
5.001009999999999991e+02 5.740000000000000000e+02 1.680406951904296875e+02
5.004379999999999882e+02 3.870000000000000000e+02 1.680397186279296875e+02
5.007740000000000009e+02 3.850000000000000000e+02 1.680416107177734375e+02
5.011100000000000136e+02 3.950000000000000000e+02 1.680407562255859375e+02
5.014470000000000027e+02 5.180000000000000000e+02 1.680399932861328125e+02
5.017830000000000155e+02 5.550000000000000000e+02 1.680390319824218750e+02
5.021190000000000282e+02 4.640000000000000000e+02 1.680395965576171875e+02
5.024560000000000173e+02 5.340000000000000000e+02 1.680393371582031250e+02
5.027919999999999732e+02 3.420000000000000000e+02 1.680425262451171875e+02
5.031279999999999859e+02 3.710000000000000000e+02 1.680415496826171875e+02
5.034639999999999986e+02 4.810000000000000000e+02 1.680385131835937500e+02
5.038009999999999877e+02 4.190000000000000000e+02 1.680406799316406250e+02
5.041370000000000005e+02 5.310000000000000000e+02 1.680393829345703125e+02
5.044730000000000132e+02 3.820000000000000000e+02 1.680396118164062500e+02
5.048100000000000023e+02 3.940000000000000000e+02 1.680415496826171875e+02
5.051460000000000150e+02 3.820000000000000000e+02 1.680435943603515625e+02
5.054820000000000277e+02 4.810000000000000000e+02 1.680404968261718750e+02
5.058190000000000168e+02 4.620000000000000000e+02 1.680422210693359375e+02
5.061569999999999823e+02 5.520000000000000000e+02 1.680410614013671875e+02
5.064929999999999950e+02 3.840000000000000000e+02 1.680421600341796875e+02
5.068290000000000077e+02 3.790000000000000000e+02 1.680440673828125000e+02
5.071650000000000205e+02 3.730000000000000000e+02 1.680404968261718750e+02
5.075020000000000095e+02 4.750000000000000000e+02 1.680413208007812500e+02
5.078380000000000223e+02 3.390000000000000000e+02 1.680436248779296875e+02
5.081739999999999782e+02 4.360000000000000000e+02 1.680416259765625000e+02
5.085110000000000241e+02 4.020000000000000000e+02 1.680417938232421875e+02
5.088469999999999800e+02 4.710000000000000000e+02 1.680403594970703125e+02
5.091829999999999927e+02 4.000000000000000000e+02 1.680387725830078125e+02
5.095199999999999818e+02 4.180000000000000000e+02 1.680417633056640625e+02
5.098559999999999945e+02 5.200000000000000000e+02 1.680411529541015625e+02
5.101920000000000073e+02 3.650000000000000000e+02 1.680446929931640625e+02
5.105280000000000200e+02 3.830000000000000000e+02 1.680424957275390625e+02
5.108650000000000091e+02 5.870000000000000000e+02 1.680405883789062500e+02
5.112010000000000218e+02 3.160000000000000000e+02 1.680421447753906250e+02
5.115369999999999777e+02 6.630000000000000000e+02 1.680373840332031250e+02
5.118740000000000236e+02 4.650000000000000000e+02 1.680420227050781250e+02
5.122100000000000364e+02 3.860000000000000000e+02 1.680386657714843750e+02
5.125460000000000491e+02 4.730000000000000000e+02 1.680427246093750000e+02
5.128830000000000382e+02 4.520000000000000000e+02 1.680453491210937500e+02
5.132190000000000509e+02 6.290000000000000000e+02 1.680422668457031250e+02
