7.379220000000000255e+02 1.150000000000000000e+02 3.351257019042968750e+02
7.382580000000000382e+02 1.390000000000000000e+02 3.351159973144531250e+02
7.385940000000000509e+02 1.860000000000000000e+02 3.351215515136718750e+02
7.389360000000000355e+02 3.070000000000000000e+02 3.351224060058593750e+02
7.392659999999999627e+02 3.190000000000000000e+02 3.351192016601562500e+02
7.396079999999999472e+02 4.250000000000000000e+02 3.351124572753906250e+02
7.399439999999999600e+02 4.550000000000000000e+02 3.351119384765625000e+02
7.402799999999999727e+02 4.330000000000000000e+02 3.351188354492187500e+02
7.406159999999999854e+02 5.060000000000000000e+02 3.351203613281250000e+02
7.409519999999999982e+02 4.060000000000000000e+02 3.351184692382812500e+02
7.412880000000000109e+02 6.360000000000000000e+02 3.351150207519531250e+02
7.416240000000000236e+02 5.960000000000000000e+02 3.351163024902343750e+02
7.419600000000000364e+02 5.230000000000000000e+02 3.351168823242187500e+02
7.422960000000000491e+02 4.100000000000000000e+02 3.351135864257812500e+02
7.426319999999999482e+02 2.790000000000000000e+02 3.351215515136718750e+02
7.429679999999999609e+02 2.820000000000000000e+02 3.351181640625000000e+02
7.433039999999999736e+02 2.060000000000000000e+02 3.351217346191406250e+02
7.436399999999999864e+02 1.540000000000000000e+02 3.351279296875000000e+02
7.439759999999999991e+02 1.730000000000000000e+02 3.351249389648437500e+02
