7.581059999999999945e+02 2.020000000000000000e+02 3.631911621093750000e+02
7.584420000000000073e+02 1.790000000000000000e+02 3.631926574707031250e+02
7.587780000000000200e+02 2.190000000000000000e+02 3.631981201171875000e+02
7.591140000000000327e+02 3.480000000000000000e+02 3.632024841308593750e+02
7.594500000000000455e+02 3.220000000000000000e+02 3.631967468261718750e+02
7.597859999999999445e+02 4.820000000000000000e+02 3.631986694335937500e+02
7.601219999999999573e+02 4.470000000000000000e+02 3.632015991210937500e+02
7.604640000000000555e+02 6.160000000000000000e+02 3.631993713378906250e+02
7.607999999999999545e+02 5.360000000000000000e+02 3.632029418945312500e+02
7.611359999999999673e+02 4.770000000000000000e+02 3.632064208984375000e+02
7.614719999999999800e+02 3.650000000000000000e+02 3.632016906738281250e+02
7.618079999999999927e+02 4.010000000000000000e+02 3.632031555175781250e+02
7.621440000000000055e+02 2.670000000000000000e+02 3.632061767578125000e+02
7.624800000000000182e+02 2.020000000000000000e+02 3.631955261230468750e+02
7.628160000000000309e+02 2.310000000000000000e+02 3.631938781738281250e+02
7.631520000000000437e+02 2.160000000000000000e+02 3.631954650878906250e+02
7.634880000000000564e+02 1.290000000000000000e+02 3.631930541992187500e+02
7.638239999999999554e+02 9.900000000000000000e+01 3.632000427246093750e+02
7.641599999999999682e+02 2.900000000000000000e+01 3.632114562988281250e+02
7.644959999999999809e+02 4.500000000000000000e+01 3.632133178710937500e+02
7.648319999999999936e+02 3.800000000000000000e+01 3.631823425292968750e+02
