7.120980000000000132e+01 4.120000000000000000e+02 2.430398559570312500e+02
7.154579999999999984e+01 5.130000000000000000e+02 2.430399475097656250e+02
7.188299999999999557e+01 4.220000000000000000e+02 2.430413818359375000e+02
7.222079999999999700e+01 5.390000000000000000e+02 2.430547637939453125e+02
7.255679999999999552e+01 4.880000000000000000e+02 2.430514373779296875e+02
7.289279999999999404e+01 4.850000000000000000e+02 2.430464172363281250e+02
7.323000000000000398e+01 5.210000000000000000e+02 2.430456848144531250e+02
7.356600000000000250e+01 5.010000000000000000e+02 2.430431365966796875e+02
7.390319999999999823e+01 2.980000000000000000e+02 2.430408630371093750e+02
7.423919999999999675e+01 4.730000000000000000e+02 2.430490112304687500e+02
7.457580000000000098e+01 5.880000000000000000e+02 2.430463409423828125e+02
7.491179999999999950e+01 5.300000000000000000e+02 2.430455780029296875e+02
7.524779999999999802e+01 4.280000000000000000e+02 2.430462341308593750e+02
7.558499999999999375e+01 4.290000000000000000e+02 2.430423889160156250e+02
7.592100000000000648e+01 5.130000000000000000e+02 2.430507507324218750e+02
7.625700000000000500e+01 5.170000000000000000e+02 2.430428009033203125e+02
7.659420000000000073e+01 4.000000000000000000e+02 2.430469818115234375e+02
7.693019999999999925e+01 3.060000000000000000e+02 2.430432586669921875e+02
7.726619999999999777e+01 3.900000000000000000e+02 2.430546112060546875e+02
7.760219999999999629e+01 4.150000000000000000e+02 2.430506286621093750e+02
7.793880000000000052e+01 3.360000000000000000e+02 2.430538024902343750e+02
7.827479999999999905e+01 2.440000000000000000e+02 2.430414123535156250e+02
7.861079999999999757e+01 3.680000000000000000e+02 2.430443115234375000e+02
7.894799999999999329e+01 2.500000000000000000e+02 2.430525817871093750e+02
7.928400000000000603e+01 3.920000000000000000e+02 2.430401916503906250e+02
7.962000000000000455e+01 1.590000000000000000e+02 2.430536651611328125e+02
7.995720000000000027e+01 1.920000000000000000e+02 2.430365753173828125e+02
