2.020649999999999977e+02 1.090000000000000000e+02 2.130428771972656250e+02
2.024010000000000105e+02 3.430000000000000000e+02 2.130337371826171875e+02
2.027379999999999995e+02 1.870000000000000000e+02 2.130457763671875000e+02
2.030740000000000123e+02 2.280000000000000000e+02 2.130351257324218750e+02
2.034120000000000061e+02 2.960000000000000000e+02 2.130406951904296875e+02
2.037479999999999905e+02 5.510000000000000000e+02 2.130381774902343750e+02
2.040840000000000032e+02 4.450000000000000000e+02 2.130391082763671875e+02
2.044209999999999923e+02 1.150000000000000000e+02 2.130480194091796875e+02
2.047570000000000050e+02 4.270000000000000000e+02 2.130396270751953125e+02
2.050929999999999893e+02 2.270000000000000000e+02 2.130384521484375000e+02
2.054300000000000068e+02 1.640000000000000000e+02 2.130336303710937500e+02
2.057659999999999911e+02 2.530000000000000000e+02 2.130376129150390625e+02
2.061020000000000039e+02 1.010000000000000000e+02 2.130392761230468750e+02
