7.390319999999999823e+01 2.500000000000000000e+02 2.490232238769531250e+02
7.423919999999999675e+01 2.060000000000000000e+02 2.490338897705078125e+02
7.457580000000000098e+01 3.700000000000000000e+02 2.490333862304687500e+02
7.491179999999999950e+01 4.420000000000000000e+02 2.490283966064453125e+02
7.524779999999999802e+01 2.380000000000000000e+02 2.490325317382812500e+02
7.558499999999999375e+01 5.240000000000000000e+02 2.490375366210937500e+02
7.592100000000000648e+01 3.970000000000000000e+02 2.490390625000000000e+02
7.625700000000000500e+01 2.620000000000000000e+02 2.490463714599609375e+02
7.659420000000000073e+01 3.730000000000000000e+02 2.490331115722656250e+02
7.693019999999999925e+01 2.380000000000000000e+02 2.490255432128906250e+02
7.726619999999999777e+01 4.190000000000000000e+02 2.490357818603515625e+02
7.760219999999999629e+01 3.480000000000000000e+02 2.490370483398437500e+02
7.793880000000000052e+01 2.800000000000000000e+02 2.490184326171875000e+02
7.827479999999999905e+01 2.460000000000000000e+02 2.490252075195312500e+02
7.861079999999999757e+01 3.740000000000000000e+02 2.490437774658203125e+02
7.894799999999999329e+01 3.380000000000000000e+02 2.490307159423828125e+02
7.928400000000000603e+01 2.870000000000000000e+02 2.490291900634765625e+02
7.962000000000000455e+01 2.690000000000000000e+02 2.490326385498046875e+02
7.995720000000000027e+01 2.180000000000000000e+02 2.490238342285156250e+02
8.029319999999999879e+01 3.080000000000000000e+02 2.490285339355468750e+02
8.062919999999999732e+01 3.870000000000000000e+02 2.490383148193359375e+02
8.096519999999999584e+01 4.160000000000000000e+02 2.490362701416015625e+02
8.130180000000000007e+01 3.600000000000000000e+02 2.490396423339843750e+02
8.163779999999999859e+01 1.930000000000000000e+02 2.490295715332031250e+02
8.197379999999999711e+01 3.610000000000000000e+02 2.490319061279296875e+02
8.231220000000000425e+01 1.310000000000000000e+02 2.490315093994140625e+02
8.264879999999999427e+01 2.110000000000000000e+02 2.490298919677734375e+02
8.298480000000000700e+01 2.110000000000000000e+02 2.490279083251953125e+02
8.332080000000000553e+01 2.800000000000000000e+02 2.490212860107421875e+02
