2.700129999999999768e+02 2.900000000000000000e+01 1.780393676757812500e+02
2.703489999999999895e+02 4.500000000000000000e+01 1.780470581054687500e+02
2.706850000000000023e+02 7.600000000000000000e+01 1.780432891845703125e+02
2.710219999999999914e+02 7.700000000000000000e+01 1.780398864746093750e+02
2.713580000000000041e+02 3.280000000000000000e+02 1.780301666259765625e+02
2.716940000000000168e+02 3.220000000000000000e+02 1.780274200439453125e+02
2.720310000000000059e+02 4.690000000000000000e+02 1.780325164794921875e+02
2.723670000000000186e+02 4.800000000000000000e+02 1.780285644531250000e+02
2.727029999999999745e+02 4.700000000000000000e+02 1.780341796875000000e+02
2.730400000000000205e+02 5.240000000000000000e+02 1.780334777832031250e+02
2.733759999999999764e+02 4.440000000000000000e+02 1.780353088378906250e+02
2.737130000000000223e+02 3.850000000000000000e+02 1.780335235595703125e+02
2.740509999999999877e+02 4.230000000000000000e+02 1.780308685302734375e+02
2.743870000000000005e+02 3.070000000000000000e+02 1.780297088623046875e+02
2.747239999999999895e+02 2.300000000000000000e+02 1.780292053222656250e+02
2.750600000000000023e+02 1.660000000000000000e+02 1.780251464843750000e+02
2.753960000000000150e+02 1.840000000000000000e+02 1.780321350097656250e+02
2.757330000000000041e+02 1.370000000000000000e+02 1.780347595214843750e+02
2.760690000000000168e+02 5.200000000000000000e+01 1.780363922119140625e+02
