2.656410000000000196e+02 3.420000000000000000e+02 2.890588378906250000e+02
2.659769999999999754e+02 3.560000000000000000e+02 2.890469055175781250e+02
2.663129999999999882e+02 3.540000000000000000e+02 2.890624084472656250e+02
2.666499999999999773e+02 5.160000000000000000e+02 2.890540771484375000e+02
2.669859999999999900e+02 4.050000000000000000e+02 2.890555114746093750e+02
2.673220000000000027e+02 5.020000000000000000e+02 2.890563354492187500e+02
2.676589999999999918e+02 4.270000000000000000e+02 2.890584106445312500e+02
2.679950000000000045e+02 3.730000000000000000e+02 2.890487976074218750e+02
2.683310000000000173e+02 2.900000000000000000e+02 2.890616455078125000e+02
2.686680000000000064e+02 2.810000000000000000e+02 2.890572204589843750e+02
