5.069100000000000250e+01 1.255000000000000000e+03 2.170035705566406250e+02
5.102700000000000102e+01 1.821000000000000000e+03 2.170028533935546875e+02
5.136399999999999721e+01 1.832000000000000000e+03 2.170031585693359375e+02
5.170000000000000284e+01 1.303000000000000000e+03 2.170041809082031250e+02
5.203799999999999670e+01 1.451000000000000000e+03 2.170039672851562500e+02
5.237400000000000233e+01 1.118000000000000000e+03 2.170041198730468750e+02
5.271000000000000085e+01 1.060000000000000000e+03 2.170060119628906250e+02
5.304699999999999704e+01 1.058000000000000000e+03 2.170011138916015625e+02
5.338300000000000267e+01 1.072000000000000000e+03 2.170058288574218750e+02
5.371900000000000119e+01 7.600000000000000000e+02 2.170005645751953125e+02
5.405599999999999739e+01 1.027000000000000000e+03 2.170048370361328125e+02
5.439200000000000301e+01 8.580000000000000000e+02 2.170050048828125000e+02
5.472800000000000153e+01 6.690000000000000000e+02 2.170088653564453125e+02
5.506499999999999773e+01 6.770000000000000000e+02 2.170083007812500000e+02
5.540100000000000335e+01 7.200000000000000000e+02 2.170082550048828125e+02
5.573700000000000188e+01 5.960000000000000000e+02 2.170077362060546875e+02
5.607399999999999807e+01 4.530000000000000000e+02 2.170062713623046875e+02
5.640999999999999659e+01 3.860000000000000000e+02 2.170050048828125000e+02
5.674600000000000222e+01 3.260000000000000000e+02 2.170092926025390625e+02
5.708299999999999841e+01 2.820000000000000000e+02 2.170175323486328125e+02
5.741899999999999693e+01 3.550000000000000000e+02 2.170195922851562500e+02
5.775600000000000023e+01 4.870000000000000000e+02 2.170147857666015625e+02
5.809199999999999875e+01 3.860000000000000000e+02 2.170237884521484375e+02
5.842900000000000205e+01 4.830000000000000000e+02 2.170184326171875000e+02
5.876500000000000057e+01 4.660000000000000000e+02 2.170222778320312500e+02
5.910199999999999676e+01 3.580000000000000000e+02 2.170128936767578125e+02
5.943800000000000239e+01 3.180000000000000000e+02 2.170154418945312500e+02
5.977400000000000091e+01 3.450000000000000000e+02 2.170051879882812500e+02
6.010979999999999990e+01 4.870000000000000000e+02 2.170051116943359375e+02
6.044700000000000273e+01 2.850000000000000000e+02 2.170089721679687500e+02
6.078300000000000125e+01 5.200000000000000000e+02 2.170085296630859375e+02
6.111899999999999977e+01 3.860000000000000000e+02 2.170089874267578125e+02
6.145620000000000260e+01 3.780000000000000000e+02 2.170163726806640625e+02
6.179220000000000113e+01 4.740000000000000000e+02 2.170090332031250000e+02
6.213000000000000256e+01 4.910000000000000000e+02 2.170139923095703125e+02
6.246600000000000108e+01 2.950000000000000000e+02 2.170074310302734375e+02
6.280199999999999960e+01 3.770000000000000000e+02 2.170074157714843750e+02
6.313920000000000243e+01 2.970000000000000000e+02 2.170061798095703125e+02
6.347520000000000095e+01 3.700000000000000000e+02 2.169989471435546875e+02
6.381119999999999948e+01 4.240000000000000000e+02 2.170165405273437500e+02
6.414780000000000371e+01 2.450000000000000000e+02 2.170112304687500000e+02
6.448380000000000223e+01 3.550000000000000000e+02 2.170052947998046875e+02
6.481980000000000075e+01 3.860000000000000000e+02 2.170090637207031250e+02
6.515699999999999648e+01 3.200000000000000000e+02 2.170170745849609375e+02
6.549299999999999500e+01 5.130000000000000000e+02 2.170140991210937500e+02
6.582899999999999352e+01 4.300000000000000000e+02 2.169992370605468750e+02
6.616500000000000625e+01 1.960000000000000000e+02 2.170109405517578125e+02
6.650220000000000198e+01 2.390000000000000000e+02 2.170164947509765625e+02
6.683820000000000050e+01 3.630000000000000000e+02 2.170112762451171875e+02
6.717419999999999902e+01 4.090000000000000000e+02 2.170077972412109375e+02
6.751080000000000325e+01 3.230000000000000000e+02 2.170108642578125000e+02
6.784680000000000177e+01 3.000000000000000000e+02 2.170125427246093750e+02
6.818280000000000030e+01 3.760000000000000000e+02 2.170112915039062500e+02
6.851999999999999602e+01 4.050000000000000000e+02 2.170057525634765625e+02
6.885599999999999454e+01 3.050000000000000000e+02 2.170077209472656250e+02
6.919199999999999307e+01 2.950000000000000000e+02 2.170116119384765625e+02
6.952800000000000580e+01 5.090000000000000000e+02 2.170132904052734375e+02
6.986520000000000152e+01 2.960000000000000000e+02 2.170096435546875000e+02
7.020120000000000005e+01 1.370000000000000000e+02 2.170044860839843750e+02
7.053719999999999857e+01 2.810000000000000000e+02 2.169995880126953125e+02
7.087380000000000280e+01 2.530000000000000000e+02 2.170115509033203125e+02
7.120980000000000132e+01 3.200000000000000000e+02 2.170078430175781250e+02
7.154579999999999984e+01 2.190000000000000000e+02 2.170022125244140625e+02
7.188299999999999557e+01 3.480000000000000000e+02 2.170089416503906250e+02
7.222079999999999700e+01 3.100000000000000000e+02 2.169996490478515625e+02
