5.607399999999999807e+01 1.460000000000000000e+02 1.890159301757812500e+02
5.640999999999999659e+01 2.920000000000000000e+02 1.890183868408203125e+02
5.674600000000000222e+01 3.780000000000000000e+02 1.890100250244140625e+02
5.708299999999999841e+01 2.930000000000000000e+02 1.890154266357421875e+02
5.741899999999999693e+01 2.380000000000000000e+02 1.890191802978515625e+02
5.775600000000000023e+01 3.370000000000000000e+02 1.890194854736328125e+02
5.809199999999999875e+01 3.620000000000000000e+02 1.890134582519531250e+02
5.842900000000000205e+01 3.290000000000000000e+02 1.890191955566406250e+02
5.876500000000000057e+01 2.000000000000000000e+02 1.890146789550781250e+02
5.910199999999999676e+01 4.210000000000000000e+02 1.890137176513671875e+02
5.943800000000000239e+01 2.460000000000000000e+02 1.890153961181640625e+02
5.977400000000000091e+01 2.740000000000000000e+02 1.890185546875000000e+02
6.010979999999999990e+01 3.200000000000000000e+02 1.890180664062500000e+02
6.044700000000000273e+01 2.750000000000000000e+02 1.890180053710937500e+02
6.078300000000000125e+01 3.190000000000000000e+02 1.890148315429687500e+02
6.111899999999999977e+01 2.690000000000000000e+02 1.890195159912109375e+02
6.145620000000000260e+01 2.490000000000000000e+02 1.890193786621093750e+02
6.179220000000000113e+01 1.760000000000000000e+02 1.890069732666015625e+02
6.213000000000000256e+01 2.120000000000000000e+02 1.890113067626953125e+02
6.246600000000000108e+01 2.250000000000000000e+02 1.890159149169921875e+02
6.280199999999999960e+01 2.500000000000000000e+02 1.890160064697265625e+02
6.313920000000000243e+01 2.100000000000000000e+02 1.890276947021484375e+02
6.347520000000000095e+01 3.060000000000000000e+02 1.890119171142578125e+02
6.381119999999999948e+01 3.560000000000000000e+02 1.890135345458984375e+02
6.414780000000000371e+01 3.700000000000000000e+02 1.890216674804687500e+02
6.448380000000000223e+01 3.190000000000000000e+02 1.890179748535156250e+02
6.481980000000000075e+01 3.030000000000000000e+02 1.890149993896484375e+02
6.515699999999999648e+01 2.750000000000000000e+02 1.890112304687500000e+02
6.549299999999999500e+01 2.660000000000000000e+02 1.890193023681640625e+02
6.582899999999999352e+01 4.240000000000000000e+02 1.890169067382812500e+02
6.616500000000000625e+01 3.670000000000000000e+02 1.890087585449218750e+02
6.650220000000000198e+01 2.820000000000000000e+02 1.890081481933593750e+02
6.683820000000000050e+01 4.290000000000000000e+02 1.890072937011718750e+02
6.717419999999999902e+01 3.870000000000000000e+02 1.890094299316406250e+02
6.751080000000000325e+01 2.280000000000000000e+02 1.890133056640625000e+02
6.784680000000000177e+01 3.960000000000000000e+02 1.890123596191406250e+02
6.818280000000000030e+01 3.120000000000000000e+02 1.890202026367187500e+02
6.851999999999999602e+01 2.990000000000000000e+02 1.890121307373046875e+02
6.885599999999999454e+01 5.050000000000000000e+02 1.890086669921875000e+02
6.919199999999999307e+01 2.780000000000000000e+02 1.890085296630859375e+02
6.952800000000000580e+01 2.570000000000000000e+02 1.890094451904296875e+02
6.986520000000000152e+01 3.450000000000000000e+02 1.890104370117187500e+02
7.020120000000000005e+01 1.790000000000000000e+02 1.890170288085937500e+02
7.053719999999999857e+01 3.690000000000000000e+02 1.890039367675781250e+02
7.087380000000000280e+01 2.040000000000000000e+02 1.890114746093750000e+02
7.120980000000000132e+01 2.790000000000000000e+02 1.890126647949218750e+02
7.154579999999999984e+01 4.370000000000000000e+02 1.890080871582031250e+02
7.188299999999999557e+01 1.860000000000000000e+02 1.890069580078125000e+02
7.222079999999999700e+01 1.940000000000000000e+02 1.890137329101562500e+02
7.255679999999999552e+01 2.350000000000000000e+02 1.890123901367187500e+02
7.289279999999999404e+01 2.160000000000000000e+02 1.890072326660156250e+02
7.323000000000000398e+01 2.390000000000000000e+02 1.890175781250000000e+02
7.356600000000000250e+01 2.000000000000000000e+02 1.890160522460937500e+02
7.390319999999999823e+01 9.600000000000000000e+01 1.890193023681640625e+02
7.423919999999999675e+01 1.300000000000000000e+02 1.890104980468750000e+02
7.457580000000000098e+01 1.910000000000000000e+02 1.890113372802734375e+02
7.491179999999999950e+01 2.480000000000000000e+02 1.890114898681640625e+02
7.524779999999999802e+01 1.230000000000000000e+02 1.890182189941406250e+02
7.558499999999999375e+01 1.310000000000000000e+02 1.890084533691406250e+02
7.592100000000000648e+01 2.640000000000000000e+02 1.890205535888671875e+02
7.625700000000000500e+01 1.540000000000000000e+02 1.890131988525390625e+02
7.659420000000000073e+01 1.980000000000000000e+02 1.890234985351562500e+02
7.693019999999999925e+01 2.310000000000000000e+02 1.890159912109375000e+02
7.726619999999999777e+01 2.490000000000000000e+02 1.890119323730468750e+02
7.760219999999999629e+01 1.920000000000000000e+02 1.890206756591796875e+02
7.793880000000000052e+01 1.400000000000000000e+02 1.890274047851562500e+02
7.827479999999999905e+01 2.090000000000000000e+02 1.890186309814453125e+02
7.861079999999999757e+01 1.580000000000000000e+02 1.890209045410156250e+02
7.894799999999999329e+01 1.990000000000000000e+02 1.890211334228515625e+02
7.928400000000000603e+01 2.020000000000000000e+02 1.890132293701171875e+02
7.962000000000000455e+01 1.880000000000000000e+02 1.890118865966796875e+02
7.995720000000000027e+01 1.630000000000000000e+02 1.890263824462890625e+02
8.029319999999999879e+01 1.180000000000000000e+02 1.890090026855468750e+02
8.062919999999999732e+01 1.950000000000000000e+02 1.890136871337890625e+02
8.096519999999999584e+01 1.220000000000000000e+02 1.890117187500000000e+02
8.130180000000000007e+01 1.910000000000000000e+02 1.890186462402343750e+02
8.163779999999999859e+01 1.560000000000000000e+02 1.890192871093750000e+02
8.197379999999999711e+01 9.100000000000000000e+01 1.890243225097656250e+02
8.231220000000000425e+01 2.150000000000000000e+02 1.890142974853515625e+02
8.264879999999999427e+01 1.660000000000000000e+02 1.890194702148437500e+02
8.298480000000000700e+01 1.140000000000000000e+02 1.890107116699218750e+02
8.332080000000000553e+01 7.400000000000000000e+01 1.890110626220703125e+02
