5.809199999999999875e+01 4.950000000000000000e+02 2.310056610107421875e+02
5.842900000000000205e+01 5.900000000000000000e+02 2.310103454589843750e+02
5.876500000000000057e+01 3.280000000000000000e+02 2.310158843994140625e+02
5.910199999999999676e+01 6.510000000000000000e+02 2.310216674804687500e+02
5.943800000000000239e+01 4.580000000000000000e+02 2.310204925537109375e+02
5.977400000000000091e+01 5.320000000000000000e+02 2.310149383544921875e+02
6.010979999999999990e+01 4.970000000000000000e+02 2.310105743408203125e+02
6.044700000000000273e+01 5.080000000000000000e+02 2.310187377929687500e+02
6.078300000000000125e+01 5.780000000000000000e+02 2.310060882568359375e+02
6.111899999999999977e+01 5.660000000000000000e+02 2.310203857421875000e+02
6.145620000000000260e+01 4.740000000000000000e+02 2.310127868652343750e+02
6.179220000000000113e+01 2.600000000000000000e+02 2.310133361816406250e+02
6.213000000000000256e+01 4.820000000000000000e+02 2.310213317871093750e+02
6.246600000000000108e+01 3.010000000000000000e+02 2.310230712890625000e+02
6.280199999999999960e+01 3.800000000000000000e+02 2.310180358886718750e+02
6.313920000000000243e+01 3.800000000000000000e+02 2.310198059082031250e+02
6.347520000000000095e+01 2.540000000000000000e+02 2.310028686523437500e+02
6.381119999999999948e+01 3.080000000000000000e+02 2.310026855468750000e+02
6.414780000000000371e+01 3.380000000000000000e+02 2.310047607421875000e+02
6.448380000000000223e+01 2.240000000000000000e+02 2.310087127685546875e+02
6.481980000000000075e+01 3.470000000000000000e+02 2.310079956054687500e+02
6.515699999999999648e+01 2.910000000000000000e+02 2.310099639892578125e+02
