2.938969999999999914e+02 2.450000000000000000e+02 4.961633300781250000e+02
2.942350000000000136e+02 2.610000000000000000e+02 4.961696777343750000e+02
2.945710000000000264e+02 3.470000000000000000e+02 4.961699523925781250e+02
2.949080000000000155e+02 1.900000000000000000e+02 4.961740722656250000e+02
2.952440000000000282e+02 4.060000000000000000e+02 4.961676330566406250e+02
2.955799999999999841e+02 3.520000000000000000e+02 4.961784973144531250e+02
2.959159999999999968e+02 2.630000000000000000e+02 4.961640930175781250e+02
2.962529999999999859e+02 4.670000000000000000e+02 4.961728820800781250e+02
2.965889999999999986e+02 3.790000000000000000e+02 4.961680297851562500e+02
2.969250000000000114e+02 4.450000000000000000e+02 4.961770324707031250e+02
2.972620000000000005e+02 3.370000000000000000e+02 4.961752624511718750e+02
2.975980000000000132e+02 4.720000000000000000e+02 4.961728820800781250e+02
2.979340000000000259e+02 2.910000000000000000e+02 4.961660766601562500e+02
2.982710000000000150e+02 2.060000000000000000e+02 4.961807861328125000e+02
2.986070000000000277e+02 2.090000000000000000e+02 4.961852722167968750e+02
2.989429999999999836e+02 1.760000000000000000e+02 4.961709899902343750e+02
2.992789999999999964e+02 9.200000000000000000e+01 4.961664123535156250e+02
2.996159999999999854e+02 1.460000000000000000e+02 4.961697998046875000e+02
2.999519999999999982e+02 1.360000000000000000e+02 4.961765136718750000e+02
3.002880000000000109e+02 8.900000000000000000e+01 4.961708068847656250e+02
3.006250000000000000e+02 1.410000000000000000e+02 4.961790771484375000e+02
