5.761209999999999809e+02 1.210000000000000000e+02 2.751739196777343750e+02
5.764579999999999700e+02 2.200000000000000000e+02 2.751945495605468750e+02
5.767960000000000491e+02 2.560000000000000000e+02 2.751838989257812500e+02
5.771319999999999482e+02 2.250000000000000000e+02 2.751907348632812500e+02
5.774690000000000509e+02 4.680000000000000000e+02 2.751892089843750000e+02
5.778049999999999500e+02 2.690000000000000000e+02 2.751900634765625000e+02
5.781409999999999627e+02 2.810000000000000000e+02 2.751911315917968750e+02
5.784779999999999518e+02 3.320000000000000000e+02 2.751898193359375000e+02
5.788139999999999645e+02 2.560000000000000000e+02 2.751824340820312500e+02
5.791499999999999773e+02 3.580000000000000000e+02 2.751895141601562500e+02
5.794859999999999900e+02 3.470000000000000000e+02 2.751815185546875000e+02
5.798229999999999791e+02 3.300000000000000000e+02 2.751988830566406250e+02
5.801589999999999918e+02 2.200000000000000000e+02 2.751898193359375000e+02
5.804950000000000045e+02 2.130000000000000000e+02 2.751876220703125000e+02
5.808319999999999936e+02 1.600000000000000000e+02 2.751879882812500000e+02
5.811680000000000064e+02 1.790000000000000000e+02 2.751871643066406250e+02
