5.809199999999999875e+01 3.510000000000000000e+02 3.990711975097656250e+02
5.842900000000000205e+01 2.450000000000000000e+02 3.990757141113281250e+02
5.876500000000000057e+01 3.300000000000000000e+02 3.990739135742187500e+02
5.910199999999999676e+01 2.570000000000000000e+02 3.990768737792968750e+02
5.943800000000000239e+01 3.690000000000000000e+02 3.990731506347656250e+02
5.977400000000000091e+01 4.570000000000000000e+02 3.990794067382812500e+02
6.010979999999999990e+01 4.300000000000000000e+02 3.990746459960937500e+02
6.044700000000000273e+01 3.970000000000000000e+02 3.990655212402343750e+02
6.078300000000000125e+01 3.840000000000000000e+02 3.990610351562500000e+02
6.111899999999999977e+01 4.450000000000000000e+02 3.990719604492187500e+02
