3.016340000000000146e+02 1.980000000000000000e+02 4.171453857421875000e+02
3.019700000000000273e+02 1.670000000000000000e+02 4.171667480468750000e+02
3.023059999999999832e+02 3.180000000000000000e+02 4.171438598632812500e+02
3.026429999999999723e+02 2.160000000000000000e+02 4.171437072753906250e+02
3.029789999999999850e+02 2.200000000000000000e+02 4.171634521484375000e+02
3.033149999999999977e+02 3.050000000000000000e+02 4.171565551757812500e+02
3.036510000000000105e+02 4.260000000000000000e+02 4.171625671386718750e+02
3.039879999999999995e+02 4.890000000000000000e+02 4.171562805175781250e+02
3.043260000000000218e+02 3.930000000000000000e+02 4.171704406738281250e+02
3.046619999999999777e+02 7.050000000000000000e+02 4.171614074707031250e+02
3.049979999999999905e+02 7.970000000000000000e+02 4.171596679687500000e+02
3.053349999999999795e+02 4.940000000000000000e+02 4.171696166992187500e+02
3.056709999999999923e+02 6.060000000000000000e+02 4.171570434570312500e+02
3.060070000000000050e+02 4.900000000000000000e+02 4.171661071777343750e+02
3.063430000000000177e+02 4.420000000000000000e+02 4.171567382812500000e+02
3.066800000000000068e+02 3.140000000000000000e+02 4.171652526855468750e+02
3.070160000000000196e+02 4.260000000000000000e+02 4.171641235351562500e+02
3.073519999999999754e+02 3.480000000000000000e+02 4.171559143066406250e+02
3.076890000000000214e+02 4.720000000000000000e+02 4.171565246582031250e+02
3.080249999999999773e+02 5.770000000000000000e+02 4.171585388183593750e+02
3.083609999999999900e+02 4.270000000000000000e+02 4.171521911621093750e+02
3.086979999999999791e+02 4.890000000000000000e+02 4.171506347656250000e+02
3.090339999999999918e+02 5.040000000000000000e+02 4.171561584472656250e+02
3.093709999999999809e+02 5.970000000000000000e+02 4.171581726074218750e+02
3.097069999999999936e+02 4.520000000000000000e+02 4.171579895019531250e+02
3.100430000000000064e+02 4.690000000000000000e+02 4.171572265625000000e+02
3.103799999999999955e+02 5.070000000000000000e+02 4.171465148925781250e+02
3.107160000000000082e+02 6.050000000000000000e+02 4.171544189453125000e+02
3.110520000000000209e+02 3.900000000000000000e+02 4.171555480957031250e+02
3.113890000000000100e+02 3.620000000000000000e+02 4.171546325683593750e+02
3.117259999999999991e+02 3.790000000000000000e+02 4.171632995605468750e+02
3.120620000000000118e+02 7.130000000000000000e+02 4.171584472656250000e+02
3.123990000000000009e+02 1.151000000000000000e+03 4.171606750488281250e+02
3.127350000000000136e+02 1.332000000000000000e+03 4.171650695800781250e+02
3.130710000000000264e+02 1.845000000000000000e+03 4.171662902832031250e+02
3.134069999999999823e+02 2.694000000000000000e+03 4.171602478027343750e+02
3.137440000000000282e+02 2.857000000000000000e+03 4.171645202636718750e+02
3.140799999999999841e+02 3.530000000000000000e+03 4.171616210937500000e+02
3.144180000000000064e+02 2.705000000000000000e+03 4.171616210937500000e+02
3.147540000000000191e+02 2.875000000000000000e+03 4.171636352539062500e+02
3.150910000000000082e+02 2.825000000000000000e+03 4.171655883789062500e+02
3.154270000000000209e+02 3.126000000000000000e+03 4.171622619628906250e+02
3.157629999999999768e+02 3.852000000000000000e+03 4.171600952148437500e+02
3.160989999999999895e+02 3.784000000000000000e+03 4.171635742187500000e+02
3.164359999999999786e+02 4.012000000000000000e+03 4.171622619628906250e+02
3.167719999999999914e+02 3.801000000000000000e+03 4.171615905761718750e+02
3.171080000000000041e+02 3.154000000000000000e+03 4.171624145507812500e+02
3.174449999999999932e+02 3.540000000000000000e+03 4.171610412597656250e+02
3.177810000000000059e+02 2.774000000000000000e+03 4.171633605957031250e+02
3.181170000000000186e+02 2.663000000000000000e+03 4.171635742187500000e+02
3.184540000000000077e+02 1.893000000000000000e+03 4.171612854003906250e+02
3.187900000000000205e+02 1.403000000000000000e+03 4.171644287109375000e+02
3.191259999999999764e+02 1.320000000000000000e+03 4.171585388183593750e+02
3.194630000000000223e+02 8.410000000000000000e+02 4.171574096679687500e+02
3.197989999999999782e+02 8.510000000000000000e+02 4.171594848632812500e+02
3.201349999999999909e+02 6.470000000000000000e+02 4.171591186523437500e+02
3.204719999999999800e+02 4.040000000000000000e+02 4.171585083007812500e+02
3.208079999999999927e+02 3.070000000000000000e+02 4.171584777832031250e+02
3.211440000000000055e+02 3.530000000000000000e+02 4.171598510742187500e+02
3.214800000000000182e+02 3.000000000000000000e+02 4.171731872558593750e+02
3.218170000000000073e+02 1.930000000000000000e+02 4.171514587402343750e+02
3.221530000000000200e+02 1.390000000000000000e+02 4.171643371582031250e+02
3.224889999999999759e+02 2.760000000000000000e+02 4.171670227050781250e+02
3.228260000000000218e+02 2.400000000000000000e+02 4.171684875488281250e+02
3.231619999999999777e+02 1.960000000000000000e+02 4.171559143066406250e+02
