8.903879999999999484e+01 1.060000000000000000e+02 2.000337371826171875e+02
8.937479999999999336e+01 2.870000000000000000e+02 2.000346374511718750e+02
8.971200000000000330e+01 3.510000000000000000e+02 2.000308990478515625e+02
9.004800000000000182e+01 1.110000000000000000e+02 2.000307312011718750e+02
9.038519999999999754e+01 1.300000000000000000e+02 2.000295715332031250e+02
9.072119999999999607e+01 4.350000000000000000e+02 2.000364990234375000e+02
9.105719999999999459e+01 3.250000000000000000e+02 2.000375061035156250e+02
9.139379999999999882e+01 2.390000000000000000e+02 2.000339355468750000e+02
9.172979999999999734e+01 1.370000000000000000e+02 2.000344390869140625e+02
9.206579999999999586e+01 2.390000000000000000e+02 2.000268402099609375e+02
9.240420000000000300e+01 2.220000000000000000e+02 2.000346221923828125e+02
9.274020000000000152e+01 2.580000000000000000e+02 2.000315399169921875e+02
9.307680000000000575e+01 1.760000000000000000e+02 2.000391540527343750e+02
9.341280000000000427e+01 2.710000000000000000e+02 2.000322113037109375e+02
9.374880000000000280e+01 2.320000000000000000e+02 2.000302734375000000e+02
9.408599999999999852e+01 1.570000000000000000e+02 2.000338745117187500e+02
9.442199999999999704e+01 1.810000000000000000e+02 2.000170593261718750e+02
9.475799999999999557e+01 3.780000000000000000e+02 2.000412902832031250e+02
9.509520000000000550e+01 1.460000000000000000e+02 2.000436096191406250e+02
9.543120000000000402e+01 2.560000000000000000e+02 2.000291290283203125e+02
9.576720000000000255e+01 1.080000000000000000e+02 2.000203247070312500e+02
9.610320000000000107e+01 2.290000000000000000e+02 2.000382690429687500e+02
9.643980000000000530e+01 2.160000000000000000e+02 2.000483703613281250e+02
9.677580000000000382e+01 1.840000000000000000e+02 2.000217742919921875e+02
9.711180000000000234e+01 2.500000000000000000e+02 2.000339508056640625e+02
