3.339259999999999877e+02 3.730000000000000000e+02 2.491018981933593750e+02
3.342620000000000005e+02 2.580000000000000000e+02 2.490975036621093750e+02
3.346000000000000227e+02 2.450000000000000000e+02 2.490801239013671875e+02
3.349359999999999786e+02 4.060000000000000000e+02 2.490941009521484375e+02
3.352730000000000246e+02 4.040000000000000000e+02 2.490965423583984375e+02
3.356089999999999804e+02 4.290000000000000000e+02 2.490927886962890625e+02
3.359449999999999932e+02 2.180000000000000000e+02 2.490889739990234375e+02
3.362819999999999823e+02 1.570000000000000000e+02 2.490740814208984375e+02
3.366179999999999950e+02 3.630000000000000000e+02 2.490858764648437500e+02
3.369540000000000077e+02 1.940000000000000000e+02 2.490809783935546875e+02
