7.893899999999999864e+02 1.730000000000000000e+02 7.825394287109375000e+02
7.897259999999999991e+02 2.400000000000000000e+02 7.825408935546875000e+02
7.900620000000000118e+02 2.140000000000000000e+02 7.825542602539062500e+02
7.903980000000000246e+02 2.610000000000000000e+02 7.825505981445312500e+02
7.907340000000000373e+02 1.990000000000000000e+02 7.825490722656250000e+02
7.910700000000000500e+02 2.190000000000000000e+02 7.825410156250000000e+02
7.914059999999999491e+02 1.440000000000000000e+02 7.825487060546875000e+02
7.917419999999999618e+02 1.700000000000000000e+02 7.825433959960937500e+02
7.920839999999999463e+02 2.230000000000000000e+02 7.825382080078125000e+02
7.924199999999999591e+02 2.670000000000000000e+02 7.825515136718750000e+02
7.927559999999999718e+02 2.230000000000000000e+02 7.825516967773437500e+02
7.930919999999999845e+02 1.910000000000000000e+02 7.825396728515625000e+02
7.934279999999999973e+02 1.620000000000000000e+02 7.825524291992187500e+02
7.937640000000000100e+02 2.350000000000000000e+02 7.825501708984375000e+02
7.941000000000000227e+02 2.140000000000000000e+02 7.825430908203125000e+02
7.944360000000000355e+02 1.640000000000000000e+02 7.825525512695312500e+02
7.947720000000000482e+02 1.610000000000000000e+02 7.825572509765625000e+02
7.951079999999999472e+02 2.510000000000000000e+02 7.825368652343750000e+02
7.954439999999999600e+02 3.230000000000000000e+02 7.825401000976562500e+02
7.957799999999999727e+02 1.750000000000000000e+02 7.825423583984375000e+02
7.961159999999999854e+02 2.920000000000000000e+02 7.825531616210937500e+02
7.964519999999999982e+02 2.420000000000000000e+02 7.825567626953125000e+02
7.967880000000000109e+02 2.020000000000000000e+02 7.825516967773437500e+02
7.971240000000000236e+02 1.970000000000000000e+02 7.825491943359375000e+02
7.974600000000000364e+02 1.890000000000000000e+02 7.825412597656250000e+02
7.977960000000000491e+02 1.690000000000000000e+02 7.825490722656250000e+02
7.981319999999999482e+02 2.560000000000000000e+02 7.825354614257812500e+02
7.984740000000000464e+02 1.300000000000000000e+02 7.825532226562500000e+02
7.988099999999999454e+02 2.240000000000000000e+02 7.825509033203125000e+02
7.991459999999999582e+02 3.060000000000000000e+02 7.825526733398437500e+02
7.994819999999999709e+02 1.520000000000000000e+02 7.825484619140625000e+02
7.998179999999999836e+02 1.500000000000000000e+02 7.825357055664062500e+02
8.001539999999999964e+02 2.660000000000000000e+02 7.825491333007812500e+02
8.004900000000000091e+02 1.320000000000000000e+02 7.825436401367187500e+02
8.008260000000000218e+02 1.540000000000000000e+02 7.825366821289062500e+02
8.011620000000000346e+02 2.840000000000000000e+02 7.825373535156250000e+02
8.014980000000000473e+02 1.780000000000000000e+02 7.825507202148437500e+02
8.018339999999999463e+02 2.020000000000000000e+02 7.825474243164062500e+02
8.021699999999999591e+02 2.030000000000000000e+02 7.825440063476562500e+02
8.025059999999999718e+02 1.750000000000000000e+02 7.825382080078125000e+02
8.028479999999999563e+02 2.910000000000000000e+02 7.825462646484375000e+02
8.031839999999999691e+02 1.880000000000000000e+02 7.825380859375000000e+02
8.035199999999999818e+02 2.190000000000000000e+02 7.825408935546875000e+02
8.038559999999999945e+02 2.130000000000000000e+02 7.825567626953125000e+02
8.041920000000000073e+02 4.290000000000000000e+02 7.825485839843750000e+02
8.045280000000000200e+02 2.270000000000000000e+02 7.825462646484375000e+02
8.048640000000000327e+02 2.840000000000000000e+02 7.825544433593750000e+02
8.052000000000000455e+02 1.620000000000000000e+02 7.825340576171875000e+02
8.055359999999999445e+02 2.380000000000000000e+02 7.825487060546875000e+02
8.058719999999999573e+02 2.020000000000000000e+02 7.825360107421875000e+02
8.062079999999999700e+02 2.880000000000000000e+02 7.825441894531250000e+02
8.065439999999999827e+02 2.050000000000000000e+02 7.825591430664062500e+02
8.068799999999999955e+02 2.080000000000000000e+02 7.825375366210937500e+02
8.072160000000000082e+02 1.890000000000000000e+02 7.825406494140625000e+02
8.075520000000000209e+02 2.830000000000000000e+02 7.825346679687500000e+02
8.078880000000000337e+02 1.880000000000000000e+02 7.825532836914062500e+02
8.082240000000000464e+02 2.340000000000000000e+02 7.825350341796875000e+02
8.085599999999999454e+02 1.440000000000000000e+02 7.825521240234375000e+02
8.089020000000000437e+02 1.800000000000000000e+02 7.825405883789062500e+02
8.092380000000000564e+02 1.980000000000000000e+02 7.825560302734375000e+02
8.095739999999999554e+02 4.050000000000000000e+02 7.825458984375000000e+02
8.099099999999999682e+02 2.290000000000000000e+02 7.825416870117187500e+02
8.102459999999999809e+02 2.290000000000000000e+02 7.825570068359375000e+02
8.105819999999999936e+02 2.170000000000000000e+02 7.825466918945312500e+02
8.109180000000000064e+02 2.570000000000000000e+02 7.825611572265625000e+02
8.112540000000000191e+02 3.070000000000000000e+02 7.825383300781250000e+02
8.115900000000000318e+02 3.480000000000000000e+02 7.825418701171875000e+02
8.119260000000000446e+02 3.210000000000000000e+02 7.825438842773437500e+02
8.122619999999999436e+02 1.800000000000000000e+02 7.825354003906250000e+02
8.125979999999999563e+02 3.270000000000000000e+02 7.825503540039062500e+02
8.129339999999999691e+02 3.140000000000000000e+02 7.825409545898437500e+02
8.132759999999999536e+02 3.690000000000000000e+02 7.825458984375000000e+02
8.136119999999999663e+02 2.070000000000000000e+02 7.825493164062500000e+02
8.139479999999999791e+02 3.100000000000000000e+02 7.825372924804687500e+02
8.142839999999999918e+02 2.320000000000000000e+02 7.825535888671875000e+02
8.146200000000000045e+02 2.190000000000000000e+02 7.825568237304687500e+02
8.149560000000000173e+02 2.950000000000000000e+02 7.825408325195312500e+02
8.152920000000000300e+02 2.210000000000000000e+02 7.825497436523437500e+02
8.156280000000000427e+02 2.550000000000000000e+02 7.825442504882812500e+02
8.159640000000000555e+02 2.540000000000000000e+02 7.825501708984375000e+02
8.162999999999999545e+02 1.670000000000000000e+02 7.825418701171875000e+02
8.166359999999999673e+02 3.510000000000000000e+02 7.825477294921875000e+02
8.169719999999999800e+02 3.250000000000000000e+02 7.825371704101562500e+02
8.173079999999999927e+02 2.100000000000000000e+02 7.825374145507812500e+02
8.176440000000000055e+02 2.200000000000000000e+02 7.825559082031250000e+02
8.179800000000000182e+02 2.900000000000000000e+02 7.825302124023437500e+02
8.183160000000000309e+02 3.040000000000000000e+02 7.825410766601562500e+02
