3.756390000000000100e+02 1.450000000000000000e+02 3.991474304199218750e+02
3.759750000000000227e+02 1.900000000000000000e+02 3.991484680175781250e+02
3.763120000000000118e+02 2.670000000000000000e+02 3.991497497558593750e+02
3.766480000000000246e+02 2.360000000000000000e+02 3.991633911132812500e+02
3.769839999999999804e+02 1.590000000000000000e+02 3.991582946777343750e+02
3.773210000000000264e+02 2.500000000000000000e+02 3.991599426269531250e+02
3.776569999999999823e+02 1.370000000000000000e+02 3.991574707031250000e+02
3.779929999999999950e+02 3.130000000000000000e+02 3.991614379882812500e+02
3.783290000000000077e+02 1.420000000000000000e+02 3.991760253906250000e+02
3.786659999999999968e+02 2.460000000000000000e+02 3.991707458496093750e+02
3.790020000000000095e+02 1.990000000000000000e+02 3.991617736816406250e+02
3.793380000000000223e+02 2.260000000000000000e+02 3.991611022949218750e+02
3.796750000000000114e+02 1.860000000000000000e+02 3.991792297363281250e+02
3.800110000000000241e+02 4.030000000000000000e+02 3.991622924804687500e+02
3.803469999999999800e+02 2.440000000000000000e+02 3.991624755859375000e+02
3.806840000000000259e+02 2.360000000000000000e+02 3.991622924804687500e+02
3.810199999999999818e+02 3.000000000000000000e+02 3.991564025878906250e+02
3.813559999999999945e+02 3.090000000000000000e+02 3.991637878417968750e+02
3.816920000000000073e+02 2.330000000000000000e+02 3.991600646972656250e+02
3.820289999999999964e+02 2.980000000000000000e+02 3.991596984863281250e+02
3.823650000000000091e+02 3.470000000000000000e+02 3.991465454101562500e+02
3.827010000000000218e+02 2.630000000000000000e+02 3.991605224609375000e+02
3.830380000000000109e+02 2.270000000000000000e+02 3.991599731445312500e+02
3.833740000000000236e+02 2.430000000000000000e+02 3.991682739257812500e+02
3.837110000000000127e+02 1.920000000000000000e+02 3.991580505371093750e+02
3.840470000000000255e+02 1.200000000000000000e+02 3.991682434082031250e+02
3.843840000000000146e+02 1.290000000000000000e+02 3.991697082519531250e+02
3.847200000000000273e+02 2.180000000000000000e+02 3.991674499511718750e+02
3.850579999999999927e+02 2.190000000000000000e+02 3.991508483886718750e+02
3.853949999999999818e+02 2.560000000000000000e+02 3.991646423339843750e+02
3.857309999999999945e+02 2.940000000000000000e+02 3.991580200195312500e+02
3.860670000000000073e+02 1.980000000000000000e+02 3.991726074218750000e+02
3.864030000000000200e+02 2.550000000000000000e+02 3.991702880859375000e+02
3.867400000000000091e+02 4.240000000000000000e+02 3.991599121093750000e+02
3.870760000000000218e+02 4.110000000000000000e+02 3.991563415527343750e+02
3.874130000000000109e+02 2.510000000000000000e+02 3.991535034179687500e+02
3.877490000000000236e+02 2.720000000000000000e+02 3.991471557617187500e+02
