3.261909999999999741e+02 1.040000000000000000e+02 2.380580749511718750e+02
3.265269999999999868e+02 3.040000000000000000e+02 2.380410308837890625e+02
3.268629999999999995e+02 8.590000000000000000e+02 2.380424041748046875e+02
3.271999999999999886e+02 1.391000000000000000e+03 2.380418090820312500e+02
3.275360000000000014e+02 2.464000000000000000e+03 2.380412292480468750e+02
3.278720000000000141e+02 2.801000000000000000e+03 2.380422515869140625e+02
3.282090000000000032e+02 3.501000000000000000e+03 2.380418853759765625e+02
3.285450000000000159e+02 3.441000000000000000e+03 2.380411987304687500e+02
3.288809999999999718e+02 3.789000000000000000e+03 2.380406036376953125e+02
3.292180000000000177e+02 3.516000000000000000e+03 2.380399780273437500e+02
3.295539999999999736e+02 3.668000000000000000e+03 2.380407562255859375e+02
3.298899999999999864e+02 2.966000000000000000e+03 2.380408935546875000e+02
3.302259999999999991e+02 2.808000000000000000e+03 2.380391540527343750e+02
3.305629999999999882e+02 2.669000000000000000e+03 2.380388336181640625e+02
3.308990000000000009e+02 2.581000000000000000e+03 2.380408630371093750e+02
3.312350000000000136e+02 1.835000000000000000e+03 2.380408020019531250e+02
3.315720000000000027e+02 2.099000000000000000e+03 2.380419921875000000e+02
3.319080000000000155e+02 1.045000000000000000e+03 2.380397033691406250e+02
3.322440000000000282e+02 6.500000000000000000e+02 2.380384216308593750e+02
3.325810000000000173e+02 4.370000000000000000e+02 2.380436401367187500e+02
3.329169999999999732e+02 4.460000000000000000e+02 2.380426940917968750e+02
3.332529999999999859e+02 4.960000000000000000e+02 2.380420379638671875e+02
3.335889999999999986e+02 3.120000000000000000e+02 2.380444488525390625e+02
3.339259999999999877e+02 1.130000000000000000e+02 2.380399932861328125e+02
3.342620000000000005e+02 3.720000000000000000e+02 2.380428924560546875e+02
