3.265269999999999868e+02 1.210000000000000000e+02 1.750432281494140625e+02
3.268629999999999995e+02 1.540000000000000000e+02 1.750303649902343750e+02
3.271999999999999886e+02 3.840000000000000000e+02 1.750394439697265625e+02
3.275360000000000014e+02 3.460000000000000000e+02 1.750343933105468750e+02
3.278720000000000141e+02 2.430000000000000000e+02 1.750351867675781250e+02
3.282090000000000032e+02 4.160000000000000000e+02 1.750366668701171875e+02
3.285450000000000159e+02 2.510000000000000000e+02 1.750376434326171875e+02
3.288809999999999718e+02 2.110000000000000000e+02 1.750317382812500000e+02
3.292180000000000177e+02 3.470000000000000000e+02 1.750356140136718750e+02
3.295539999999999736e+02 3.630000000000000000e+02 1.750347900390625000e+02
3.298899999999999864e+02 3.070000000000000000e+02 1.750310974121093750e+02
3.302259999999999991e+02 2.610000000000000000e+02 1.750365600585937500e+02
3.305629999999999882e+02 1.710000000000000000e+02 1.750406341552734375e+02
3.308990000000000009e+02 1.880000000000000000e+02 1.750383758544921875e+02
3.312350000000000136e+02 1.010000000000000000e+02 1.750485534667968750e+02
3.315720000000000027e+02 1.910000000000000000e+02 1.750314025878906250e+02
3.319080000000000155e+02 1.700000000000000000e+02 1.750345764160156250e+02
3.322440000000000282e+02 1.300000000000000000e+02 1.750292663574218750e+02
3.325810000000000173e+02 1.040000000000000000e+02 1.750238494873046875e+02
3.329169999999999732e+02 1.230000000000000000e+02 1.750271759033203125e+02
