3.050799999999999912e+01 3.950000000000000000e+02 5.159461059570312500e+02
3.084499999999999886e+01 1.215000000000000000e+03 5.159484252929687500e+02
3.118100000000000094e+01 2.241000000000000000e+03 5.159555664062500000e+02
3.151699999999999946e+01 2.758000000000000000e+03 5.159533691406250000e+02
3.185500000000000043e+01 2.940000000000000000e+03 5.159531860351562500e+02
3.219200000000000017e+01 3.223000000000000000e+03 5.159529418945312500e+02
3.252799999999999869e+01 2.157000000000000000e+03 5.159567871093750000e+02
3.286399999999999721e+01 2.392000000000000000e+03 5.159515380859375000e+02
3.320100000000000051e+01 1.622000000000000000e+03 5.159600830078125000e+02
3.353699999999999903e+01 1.638000000000000000e+03 5.159569091796875000e+02
3.387299999999999756e+01 1.251000000000000000e+03 5.159585571289062500e+02
3.420900000000000318e+01 1.159000000000000000e+03 5.159624023437500000e+02
3.454599999999999937e+01 9.520000000000000000e+02 5.159616088867187500e+02
3.488199999999999790e+01 8.340000000000000000e+02 5.159631347656250000e+02
3.521800000000000352e+01 7.800000000000000000e+02 5.159626464843750000e+02
3.555499999999999972e+01 6.000000000000000000e+02 5.159579467773437500e+02
