4.531000000000000227e+01 7.800000000000000000e+02 2.930238647460937500e+02
4.564699999999999847e+01 8.370000000000000000e+02 2.930180969238281250e+02
4.598299999999999699e+01 1.417000000000000000e+03 2.930143737792968750e+02
4.631900000000000261e+01 1.576000000000000000e+03 2.930139160156250000e+02
4.665500000000000114e+01 1.944000000000000000e+03 2.930115356445312500e+02
4.699199999999999733e+01 2.291000000000000000e+03 2.930097656250000000e+02
4.732800000000000296e+01 1.940000000000000000e+03 2.930080871582031250e+02
4.766400000000000148e+01 2.277000000000000000e+03 2.930082092285156250e+02
4.800099999999999767e+01 2.562000000000000000e+03 2.930099182128906250e+02
4.833700000000000330e+01 2.465000000000000000e+03 2.930053405761718750e+02
4.867300000000000182e+01 2.380000000000000000e+03 2.930065612792968750e+02
4.900999999999999801e+01 2.595000000000000000e+03 2.930042419433593750e+02
4.934599999999999653e+01 2.985000000000000000e+03 2.930078430175781250e+02
4.968200000000000216e+01 2.850000000000000000e+03 2.930057067871093750e+02
5.001800000000000068e+01 2.576000000000000000e+03 2.930096740722656250e+02
5.035499999999999687e+01 3.023000000000000000e+03 2.930076293945312500e+02
5.069100000000000250e+01 2.372000000000000000e+03 2.930077514648437500e+02
5.102700000000000102e+01 2.527000000000000000e+03 2.930058288574218750e+02
5.136399999999999721e+01 1.907000000000000000e+03 2.930045166015625000e+02
5.170000000000000284e+01 1.749000000000000000e+03 2.930074157714843750e+02
5.203799999999999670e+01 1.794000000000000000e+03 2.930084533691406250e+02
5.237400000000000233e+01 1.597000000000000000e+03 2.930079040527343750e+02
5.271000000000000085e+01 1.656000000000000000e+03 2.930034484863281250e+02
5.304699999999999704e+01 9.130000000000000000e+02 2.930129699707031250e+02
5.338300000000000267e+01 6.690000000000000000e+02 2.930101623535156250e+02
5.371900000000000119e+01 9.600000000000000000e+02 2.930152893066406250e+02
5.405599999999999739e+01 8.920000000000000000e+02 2.930119934082031250e+02
5.439200000000000301e+01 7.200000000000000000e+02 2.930091247558593750e+02
