4.186960000000000264e+02 6.650000000000000000e+02 4.011650085449218750e+02
4.190319999999999823e+02 8.750000000000000000e+02 4.011681823730468750e+02
4.193690000000000282e+02 7.320000000000000000e+02 4.011705932617187500e+02
4.197049999999999841e+02 1.211000000000000000e+03 4.011689147949218750e+02
4.200419999999999732e+02 7.330000000000000000e+02 4.011679077148437500e+02
4.203779999999999859e+02 8.160000000000000000e+02 4.011720275878906250e+02
4.207139999999999986e+02 9.770000000000000000e+02 4.011658935546875000e+02
4.210500000000000114e+02 9.640000000000000000e+02 4.011723937988281250e+02
4.213870000000000005e+02 8.100000000000000000e+02 4.011736450195312500e+02
4.217239999999999895e+02 9.000000000000000000e+02 4.011708068847656250e+02
4.220600000000000023e+02 6.070000000000000000e+02 4.011673278808593750e+02
4.223960000000000150e+02 8.340000000000000000e+02 4.011673278808593750e+02
4.227330000000000041e+02 5.430000000000000000e+02 4.011677246093750000e+02
4.230690000000000168e+02 6.930000000000000000e+02 4.011605529785156250e+02
4.234049999999999727e+02 7.210000000000000000e+02 4.011716918945312500e+02
4.237409999999999854e+02 5.870000000000000000e+02 4.011680297851562500e+02
4.240779999999999745e+02 9.610000000000000000e+02 4.011698303222656250e+02
4.244139999999999873e+02 9.410000000000000000e+02 4.011691589355468750e+02
4.247500000000000000e+02 1.204000000000000000e+03 4.011703491210937500e+02
4.250869999999999891e+02 1.452000000000000000e+03 4.011644897460937500e+02
4.254250000000000114e+02 1.376000000000000000e+03 4.011663208007812500e+02
4.257610000000000241e+02 1.748000000000000000e+03 4.011683959960937500e+02
4.260969999999999800e+02 1.753000000000000000e+03 4.011674194335937500e+02
4.264340000000000259e+02 1.464000000000000000e+03 4.011692199707031250e+02
4.267699999999999818e+02 1.543000000000000000e+03 4.011680297851562500e+02
4.271059999999999945e+02 1.315000000000000000e+03 4.011683654785156250e+02
4.274429999999999836e+02 1.329000000000000000e+03 4.011683654785156250e+02
4.277789999999999964e+02 1.212000000000000000e+03 4.011687316894531250e+02
4.281150000000000091e+02 1.041000000000000000e+03 4.011664123535156250e+02
4.284510000000000218e+02 1.098000000000000000e+03 4.011684570312500000e+02
4.287880000000000109e+02 8.950000000000000000e+02 4.011730651855468750e+02
4.291240000000000236e+02 6.700000000000000000e+02 4.011684875488281250e+02
4.294599999999999795e+02 6.280000000000000000e+02 4.011669921875000000e+02
4.297970000000000255e+02 6.570000000000000000e+02 4.011689147949218750e+02
4.301329999999999814e+02 5.060000000000000000e+02 4.011714782714843750e+02
4.304689999999999941e+02 7.190000000000000000e+02 4.011664123535156250e+02
4.308059999999999832e+02 1.276000000000000000e+03 4.011693420410156250e+02
4.311419999999999959e+02 2.323000000000000000e+03 4.011666870117187500e+02
4.314780000000000086e+02 3.799000000000000000e+03 4.011661987304687500e+02
4.318149999999999977e+02 6.639000000000000000e+03 4.011664733886718750e+02
4.321510000000000105e+02 9.718000000000000000e+03 4.011670532226562500e+02
4.324870000000000232e+02 1.328100000000000000e+04 4.011677246093750000e+02
4.328240000000000123e+02 1.463300000000000000e+04 4.011670227050781250e+02
4.331600000000000250e+02 1.703200000000000000e+04 4.011663818359375000e+02
4.334959999999999809e+02 1.865700000000000000e+04 4.011669921875000000e+02
4.338330000000000268e+02 1.793400000000000000e+04 4.011669311523437500e+02
4.341689999999999827e+02 1.633700000000000000e+04 4.011688232421875000e+02
4.345049999999999955e+02 1.508300000000000000e+04 4.011684265136718750e+02
4.348419999999999845e+02 1.249300000000000000e+04 4.011655578613281250e+02
4.351779999999999973e+02 9.329000000000000000e+03 4.011670532226562500e+02
4.355160000000000196e+02 7.604000000000000000e+03 4.011680297851562500e+02
4.358530000000000086e+02 6.186000000000000000e+03 4.011680297851562500e+02
4.361890000000000214e+02 4.659000000000000000e+03 4.011656799316406250e+02
4.365249999999999773e+02 3.832000000000000000e+03 4.011655578613281250e+02
4.368620000000000232e+02 2.972000000000000000e+03 4.011641235351562500e+02
4.371979999999999791e+02 2.186000000000000000e+03 4.011684570312500000e+02
4.375339999999999918e+02 1.654000000000000000e+03 4.011683349609375000e+02
4.378700000000000045e+02 1.278000000000000000e+03 4.011699523925781250e+02
4.382069999999999936e+02 7.740000000000000000e+02 4.011726684570312500e+02
4.385430000000000064e+02 8.250000000000000000e+02 4.011647033691406250e+02
4.388790000000000191e+02 8.020000000000000000e+02 4.011711120605468750e+02
4.392160000000000082e+02 9.140000000000000000e+02 4.011664733886718750e+02
4.395520000000000209e+02 8.060000000000000000e+02 4.011692504882812500e+02
4.398879999999999768e+02 1.124000000000000000e+03 4.011711730957031250e+02
4.402250000000000227e+02 1.442000000000000000e+03 4.011669921875000000e+02
4.405609999999999786e+02 1.300000000000000000e+03 4.011652221679687500e+02
4.408969999999999914e+02 1.328000000000000000e+03 4.011692504882812500e+02
4.412339999999999804e+02 1.717000000000000000e+03 4.011683654785156250e+02
4.415699999999999932e+02 1.799000000000000000e+03 4.011636962890625000e+02
4.419060000000000059e+02 1.605000000000000000e+03 4.011675720214843750e+02
4.422420000000000186e+02 1.346000000000000000e+03 4.011663818359375000e+02
4.425790000000000077e+02 1.363000000000000000e+03 4.011679382324218750e+02
4.429150000000000205e+02 1.192000000000000000e+03 4.011683044433593750e+02
4.432509999999999764e+02 1.052000000000000000e+03 4.011716308593750000e+02
4.435880000000000223e+02 9.560000000000000000e+02 4.011687011718750000e+02
4.439239999999999782e+02 5.530000000000000000e+02 4.011634216308593750e+02
4.442599999999999909e+02 6.950000000000000000e+02 4.011741333007812500e+02
4.445969999999999800e+02 4.530000000000000000e+02 4.011674194335937500e+02
4.449329999999999927e+02 3.060000000000000000e+02 4.011758728027343750e+02
4.452690000000000055e+02 4.030000000000000000e+02 4.011779785156250000e+02
4.456070000000000277e+02 3.450000000000000000e+02 4.011636352539062500e+02
4.459429999999999836e+02 4.700000000000000000e+02 4.011734313964843750e+02
4.462799999999999727e+02 6.160000000000000000e+02 4.011692504882812500e+02
4.466159999999999854e+02 5.030000000000000000e+02 4.011700134277343750e+02
4.469519999999999982e+02 6.110000000000000000e+02 4.011730041503906250e+02
4.472889999999999873e+02 7.030000000000000000e+02 4.011639099121093750e+02
4.476250000000000000e+02 6.850000000000000000e+02 4.011661071777343750e+02
4.479610000000000127e+02 5.000000000000000000e+02 4.011704711914062500e+02
