2.343700000000000117e+01 2.500000000000000000e+01 5.428719482421875000e+02
2.377400000000000091e+01 1.200000000000000000e+02 5.428679809570312500e+02
2.411100000000000065e+01 5.000000000000000000e+02 5.428582763671875000e+02
2.444699999999999918e+01 9.110000000000000000e+02 5.428640136718750000e+02
2.478399999999999892e+01 1.986000000000000000e+03 5.428638916015625000e+02
2.512000000000000099e+01 2.340000000000000000e+03 5.428652343750000000e+02
2.545599999999999952e+01 2.591000000000000000e+03 5.428648681640625000e+02
2.579299999999999926e+01 2.630000000000000000e+03 5.428662109375000000e+02
2.612900000000000134e+01 2.138000000000000000e+03 5.428630371093750000e+02
2.646600000000000108e+01 1.370000000000000000e+03 5.428616943359375000e+02
2.680199999999999960e+01 1.281000000000000000e+03 5.428577880859375000e+02
