2.915700000000000003e+01 6.110000000000000000e+02 1.890133514404296875e+02
2.949299999999999855e+01 7.690000000000000000e+02 1.890148773193359375e+02
2.982900000000000063e+01 7.070000000000000000e+02 1.890144958496093750e+02
3.017200000000000060e+01 8.390000000000000000e+02 1.890118560791015625e+02
3.050799999999999912e+01 8.860000000000000000e+02 1.890170135498046875e+02
3.084499999999999886e+01 5.530000000000000000e+02 1.890165405273437500e+02
3.118100000000000094e+01 7.980000000000000000e+02 1.890178222656250000e+02
3.151699999999999946e+01 5.650000000000000000e+02 1.890138549804687500e+02
3.185500000000000043e+01 7.300000000000000000e+02 1.890161590576171875e+02
3.219200000000000017e+01 5.560000000000000000e+02 1.890192108154296875e+02
3.252799999999999869e+01 8.000000000000000000e+02 1.890147094726562500e+02
3.286399999999999721e+01 1.005000000000000000e+03 1.890101776123046875e+02
3.320100000000000051e+01 5.540000000000000000e+02 1.890143585205078125e+02
3.353699999999999903e+01 6.710000000000000000e+02 1.890106658935546875e+02
3.387299999999999756e+01 8.110000000000000000e+02 1.890105590820312500e+02
3.420900000000000318e+01 6.820000000000000000e+02 1.890123443603515625e+02
3.454599999999999937e+01 7.440000000000000000e+02 1.890116729736328125e+02
3.488199999999999790e+01 7.940000000000000000e+02 1.890134582519531250e+02
3.521800000000000352e+01 7.480000000000000000e+02 1.890153503417968750e+02
3.555499999999999972e+01 7.340000000000000000e+02 1.890167083740234375e+02
3.589099999999999824e+01 8.290000000000000000e+02 1.890160675048828125e+02
3.622699999999999676e+01 7.950000000000000000e+02 1.890156860351562500e+02
3.656400000000000006e+01 7.990000000000000000e+02 1.890146942138671875e+02
3.689999999999999858e+01 4.090000000000000000e+02 1.890066070556640625e+02
3.723599999999999710e+01 7.880000000000000000e+02 1.890166320800781250e+02
3.757200000000000273e+01 6.160000000000000000e+02 1.890102386474609375e+02
3.790899999999999892e+01 8.020000000000000000e+02 1.890186614990234375e+02
3.824499999999999744e+01 5.330000000000000000e+02 1.890125885009765625e+02
3.858100000000000307e+01 6.410000000000000000e+02 1.890137481689453125e+02
3.891799999999999926e+01 5.060000000000000000e+02 1.890121459960937500e+02
3.925399999999999778e+01 4.130000000000000000e+02 1.890079498291015625e+02
3.959000000000000341e+01 4.090000000000000000e+02 1.890060729980468750e+02
3.992699999999999960e+01 5.180000000000000000e+02 1.890078735351562500e+02
4.026299999999999812e+01 4.050000000000000000e+02 1.890056915283203125e+02
4.059899999999999665e+01 5.410000000000000000e+02 1.890123138427734375e+02
4.093500000000000227e+01 4.850000000000000000e+02 1.890032653808593750e+02
4.127199999999999847e+01 5.320000000000000000e+02 1.890133972167968750e+02
4.160799999999999699e+01 6.000000000000000000e+02 1.890136413574218750e+02
4.194599999999999795e+01 4.970000000000000000e+02 1.890126190185546875e+02
4.228300000000000125e+01 4.950000000000000000e+02 1.890090026855468750e+02
4.261999999999999744e+01 8.870000000000000000e+02 1.890141448974609375e+02
4.295600000000000307e+01 6.500000000000000000e+02 1.890093994140625000e+02
4.329200000000000159e+01 9.610000000000000000e+02 1.890065155029296875e+02
4.362899999999999778e+01 1.590000000000000000e+03 1.890011444091796875e+02
4.396500000000000341e+01 2.572000000000000000e+03 1.890011138916015625e+02
4.430100000000000193e+01 2.240000000000000000e+03 1.890019989013671875e+02
4.463799999999999812e+01 1.908000000000000000e+03 1.889997558593750000e+02
4.497399999999999665e+01 2.275000000000000000e+03 1.890010375976562500e+02
4.531000000000000227e+01 1.950000000000000000e+03 1.890009002685546875e+02
4.564699999999999847e+01 1.401000000000000000e+03 1.890034637451171875e+02
4.598299999999999699e+01 9.370000000000000000e+02 1.890043945312500000e+02
4.631900000000000261e+01 1.428000000000000000e+03 1.890071563720703125e+02
4.665500000000000114e+01 1.121000000000000000e+03 1.890080261230468750e+02
4.699199999999999733e+01 8.110000000000000000e+02 1.890032653808593750e+02
4.732800000000000296e+01 5.850000000000000000e+02 1.890085601806640625e+02
4.766400000000000148e+01 4.330000000000000000e+02 1.890055236816406250e+02
4.800099999999999767e+01 4.090000000000000000e+02 1.890064544677734375e+02
4.833700000000000330e+01 5.400000000000000000e+02 1.890180511474609375e+02
4.867300000000000182e+01 3.530000000000000000e+02 1.890121612548828125e+02
4.900999999999999801e+01 3.420000000000000000e+02 1.890119018554687500e+02
4.934599999999999653e+01 4.170000000000000000e+02 1.890049285888671875e+02
4.968200000000000216e+01 3.980000000000000000e+02 1.890113830566406250e+02
5.001800000000000068e+01 6.790000000000000000e+02 1.890086822509765625e+02
5.035499999999999687e+01 3.360000000000000000e+02 1.890076599121093750e+02
5.069100000000000250e+01 3.860000000000000000e+02 1.890150909423828125e+02
5.102700000000000102e+01 2.140000000000000000e+02 1.890120086669921875e+02
5.136399999999999721e+01 3.940000000000000000e+02 1.890104217529296875e+02
5.170000000000000284e+01 4.250000000000000000e+02 1.890079650878906250e+02
5.203799999999999670e+01 3.930000000000000000e+02 1.890064086914062500e+02
5.237400000000000233e+01 2.760000000000000000e+02 1.889940338134765625e+02
5.271000000000000085e+01 2.500000000000000000e+02 1.890102539062500000e+02
5.304699999999999704e+01 3.290000000000000000e+02 1.890044860839843750e+02
5.338300000000000267e+01 2.620000000000000000e+02 1.890063476562500000e+02
5.371900000000000119e+01 3.660000000000000000e+02 1.890066680908203125e+02
5.405599999999999739e+01 5.280000000000000000e+02 1.890018005371093750e+02
5.439200000000000301e+01 2.730000000000000000e+02 1.890134429931640625e+02
5.472800000000000153e+01 2.680000000000000000e+02 1.890012817382812500e+02
5.506499999999999773e+01 1.850000000000000000e+02 1.890155334472656250e+02
5.540100000000000335e+01 3.280000000000000000e+02 1.890089569091796875e+02
5.573700000000000188e+01 2.810000000000000000e+02 1.889987030029296875e+02
5.607399999999999807e+01 1.460000000000000000e+02 1.890159301757812500e+02
5.640999999999999659e+01 2.920000000000000000e+02 1.890183868408203125e+02
5.674600000000000222e+01 3.780000000000000000e+02 1.890100250244140625e+02
5.708299999999999841e+01 2.930000000000000000e+02 1.890154266357421875e+02
5.741899999999999693e+01 2.380000000000000000e+02 1.890191802978515625e+02
5.775600000000000023e+01 3.370000000000000000e+02 1.890194854736328125e+02
5.809199999999999875e+01 3.620000000000000000e+02 1.890134582519531250e+02
5.842900000000000205e+01 3.290000000000000000e+02 1.890191955566406250e+02
