4.295600000000000307e+01 5.280000000000000000e+02 4.380371704101562500e+02
4.329200000000000159e+01 1.117000000000000000e+03 4.380440368652343750e+02
4.362899999999999778e+01 1.857000000000000000e+03 4.380438232421875000e+02
4.396500000000000341e+01 1.885000000000000000e+03 4.380436096191406250e+02
4.430100000000000193e+01 2.090000000000000000e+03 4.380418395996093750e+02
4.463799999999999812e+01 1.990000000000000000e+03 4.380433959960937500e+02
4.497399999999999665e+01 1.683000000000000000e+03 4.380400695800781250e+02
4.531000000000000227e+01 7.250000000000000000e+02 4.380406799316406250e+02
4.564699999999999847e+01 7.120000000000000000e+02 4.380366210937500000e+02
4.598299999999999699e+01 4.860000000000000000e+02 4.380271301269531250e+02
4.631900000000000261e+01 2.070000000000000000e+02 4.380225830078125000e+02
