2.464670000000000130e+02 1.380000000000000000e+02 1.790417480468750000e+02
2.468040000000000020e+02 1.000000000000000000e+02 1.790574798583984375e+02
2.471399999999999864e+02 2.310000000000000000e+02 1.790400238037109375e+02
2.474770000000000039e+02 8.150000000000000000e+02 1.790401306152343750e+02
2.478129999999999882e+02 1.028000000000000000e+03 1.790406036376953125e+02
2.481490000000000009e+02 1.084000000000000000e+03 1.790410614013671875e+02
2.484859999999999900e+02 1.318000000000000000e+03 1.790402221679687500e+02
2.488220000000000027e+02 1.644000000000000000e+03 1.790429229736328125e+02
2.491579999999999870e+02 1.653000000000000000e+03 1.790415344238281250e+02
2.494950000000000045e+02 1.840000000000000000e+03 1.790407257080078125e+02
2.498309999999999889e+02 1.392000000000000000e+03 1.790404357910156250e+02
2.501670000000000016e+02 1.280000000000000000e+03 1.790421600341796875e+02
2.505039999999999907e+02 1.395000000000000000e+03 1.790431671142578125e+02
2.508400000000000034e+02 8.500000000000000000e+02 1.790441284179687500e+02
2.511759999999999877e+02 6.470000000000000000e+02 1.790421752929687500e+02
2.515120000000000005e+02 4.160000000000000000e+02 1.790458831787109375e+02
2.518489999999999895e+02 3.220000000000000000e+02 1.790452117919921875e+02
2.521850000000000023e+02 3.420000000000000000e+02 1.790415954589843750e+02
2.525209999999999866e+02 2.330000000000000000e+02 1.790477142333984375e+02
2.528580000000000041e+02 1.580000000000000000e+02 1.790486907958984375e+02
2.531939999999999884e+02 1.780000000000000000e+02 1.790530395507812500e+02
2.535300000000000011e+02 1.020000000000000000e+02 1.790443878173828125e+02
2.538679999999999950e+02 1.290000000000000000e+02 1.790372314453125000e+02
2.542040000000000077e+02 1.330000000000000000e+02 1.790424041748046875e+02
