3.827010000000000218e+02 2.480000000000000000e+02 5.811753540039062500e+02
3.830380000000000109e+02 2.300000000000000000e+02 5.811672363281250000e+02
3.833740000000000236e+02 6.760000000000000000e+02 5.811772460937500000e+02
3.837110000000000127e+02 8.420000000000000000e+02 5.811613159179687500e+02
3.840470000000000255e+02 1.197000000000000000e+03 5.811684570312500000e+02
3.843840000000000146e+02 1.494000000000000000e+03 5.811650390625000000e+02
3.847200000000000273e+02 1.797000000000000000e+03 5.811652221679687500e+02
3.850579999999999927e+02 1.738000000000000000e+03 5.811699829101562500e+02
3.853949999999999818e+02 1.797000000000000000e+03 5.811699218750000000e+02
3.857309999999999945e+02 1.331000000000000000e+03 5.811688842773437500e+02
3.860670000000000073e+02 1.432000000000000000e+03 5.811697387695312500e+02
3.864030000000000200e+02 1.216000000000000000e+03 5.811691894531250000e+02
3.867400000000000091e+02 8.970000000000000000e+02 5.811676025390625000e+02
3.870760000000000218e+02 6.950000000000000000e+02 5.811741333007812500e+02
3.874130000000000109e+02 5.370000000000000000e+02 5.811665039062500000e+02
