9.421079999999999472e+02 4.580000000000000000e+02 7.154958496093750000e+02
9.424439999999999600e+02 5.690000000000000000e+02 7.154795532226562500e+02
9.427799999999999727e+02 6.850000000000000000e+02 7.154754028320312500e+02
9.431159999999999854e+02 6.180000000000000000e+02 7.154858398437500000e+02
9.434519999999999982e+02 7.660000000000000000e+02 7.154897460937500000e+02
9.437880000000000109e+02 6.500000000000000000e+02 7.154860839843750000e+02
9.441240000000000236e+02 7.020000000000000000e+02 7.154897460937500000e+02
9.444600000000000364e+02 7.810000000000000000e+02 7.154766235351562500e+02
9.447960000000000491e+02 7.080000000000000000e+02 7.154913330078125000e+02
9.451319999999999482e+02 7.760000000000000000e+02 7.154876708984375000e+02
9.454679999999999609e+02 1.005000000000000000e+03 7.154896240234375000e+02
9.458039999999999736e+02 7.870000000000000000e+02 7.154880981445312500e+02
9.461399999999999864e+02 8.030000000000000000e+02 7.154859008789062500e+02
9.464759999999999991e+02 7.680000000000000000e+02 7.154902343750000000e+02
9.468120000000000118e+02 9.370000000000000000e+02 7.154868774414062500e+02
9.471539999999999964e+02 1.168000000000000000e+03 7.154857788085937500e+02
9.474900000000000091e+02 1.199000000000000000e+03 7.154886474609375000e+02
9.478260000000000218e+02 1.255000000000000000e+03 7.154872436523437500e+02
9.481680000000000064e+02 1.027000000000000000e+03 7.154852294921875000e+02
9.484980000000000473e+02 9.270000000000000000e+02 7.154837036132812500e+02
9.488400000000000318e+02 1.034000000000000000e+03 7.154861450195312500e+02
9.491760000000000446e+02 1.179000000000000000e+03 7.154884033203125000e+02
9.495119999999999436e+02 9.690000000000000000e+02 7.154835815429687500e+02
9.498479999999999563e+02 1.287000000000000000e+03 7.154865112304687500e+02
9.501839999999999691e+02 1.124000000000000000e+03 7.154873657226562500e+02
9.505199999999999818e+02 1.259000000000000000e+03 7.154865112304687500e+02
9.508559999999999945e+02 1.156000000000000000e+03 7.154927368164062500e+02
9.511920000000000073e+02 1.671000000000000000e+03 7.154833984375000000e+02
9.515280000000000200e+02 1.406000000000000000e+03 7.154861450195312500e+02
9.518640000000000327e+02 1.468000000000000000e+03 7.154893188476562500e+02
9.522000000000000455e+02 1.429000000000000000e+03 7.154865722656250000e+02
9.525359999999999445e+02 1.295000000000000000e+03 7.154865722656250000e+02
9.528780000000000427e+02 1.290000000000000000e+03 7.154860229492187500e+02
9.532140000000000555e+02 1.388000000000000000e+03 7.154827880859375000e+02
9.535499999999999545e+02 1.536000000000000000e+03 7.154910278320312500e+02
9.538859999999999673e+02 1.589000000000000000e+03 7.154843750000000000e+02
9.542219999999999800e+02 1.533000000000000000e+03 7.154866333007812500e+02
9.545579999999999927e+02 1.697000000000000000e+03 7.154841918945312500e+02
9.548940000000000055e+02 1.649000000000000000e+03 7.154874267578125000e+02
9.552300000000000182e+02 1.691000000000000000e+03 7.154879760742187500e+02
9.555660000000000309e+02 1.791000000000000000e+03 7.154824218750000000e+02
9.559020000000000437e+02 1.833000000000000000e+03 7.154866333007812500e+02
9.562380000000000564e+02 1.747000000000000000e+03 7.154904785156250000e+02
9.565739999999999554e+02 1.680000000000000000e+03 7.154851684570312500e+02
9.569099999999999682e+02 1.759000000000000000e+03 7.154866943359375000e+02
9.572459999999999809e+02 1.689000000000000000e+03 7.154895019531250000e+02
9.575819999999999936e+02 1.646000000000000000e+03 7.154883422851562500e+02
9.579180000000000064e+02 1.408000000000000000e+03 7.154907226562500000e+02
9.582540000000000191e+02 1.703000000000000000e+03 7.154841918945312500e+02
9.585960000000000036e+02 1.902000000000000000e+03 7.154865722656250000e+02
9.589260000000000446e+02 1.663000000000000000e+03 7.154855957031250000e+02
9.592680000000000291e+02 1.381000000000000000e+03 7.154837036132812500e+02
9.596040000000000418e+02 1.439000000000000000e+03 7.154877319335937500e+02
9.599400000000000546e+02 1.727000000000000000e+03 7.154884033203125000e+02
9.602759999999999536e+02 1.551000000000000000e+03 7.154887084960937500e+02
9.606119999999999663e+02 1.575000000000000000e+03 7.154835205078125000e+02
9.609479999999999791e+02 1.609000000000000000e+03 7.154883422851562500e+02
9.612839999999999918e+02 1.739000000000000000e+03 7.154876708984375000e+02
9.616200000000000045e+02 1.737000000000000000e+03 7.154923706054687500e+02
9.619560000000000173e+02 1.630000000000000000e+03 7.154818725585937500e+02
9.622920000000000300e+02 1.457000000000000000e+03 7.154898071289062500e+02
9.626280000000000427e+02 1.534000000000000000e+03 7.154872436523437500e+02
9.629640000000000555e+02 1.339000000000000000e+03 7.154847412109375000e+02
9.632999999999999545e+02 1.631000000000000000e+03 7.154892578125000000e+02
9.636359999999999673e+02 1.496000000000000000e+03 7.154904174804687500e+02
9.639779999999999518e+02 1.608000000000000000e+03 7.154918823242187500e+02
9.643139999999999645e+02 1.433000000000000000e+03 7.154859619140625000e+02
9.646499999999999773e+02 1.371000000000000000e+03 7.154843139648437500e+02
9.649859999999999900e+02 1.411000000000000000e+03 7.154824218750000000e+02
9.653220000000000027e+02 1.431000000000000000e+03 7.154879150390625000e+02
9.656580000000000155e+02 1.284000000000000000e+03 7.154932250976562500e+02
9.659940000000000282e+02 1.521000000000000000e+03 7.154852294921875000e+02
9.663300000000000409e+02 1.501000000000000000e+03 7.154866943359375000e+02
9.666660000000000537e+02 1.494000000000000000e+03 7.154865112304687500e+02
9.670019999999999527e+02 1.415000000000000000e+03 7.154891357421875000e+02
9.673379999999999654e+02 1.456000000000000000e+03 7.154902343750000000e+02
9.676739999999999782e+02 1.226000000000000000e+03 7.154904785156250000e+02
9.680099999999999909e+02 1.251000000000000000e+03 7.154928588867187500e+02
9.683460000000000036e+02 1.207000000000000000e+03 7.154879150390625000e+02
9.686820000000000164e+02 1.269000000000000000e+03 7.154822998046875000e+02
9.690180000000000291e+02 9.340000000000000000e+02 7.154854125976562500e+02
9.693600000000000136e+02 1.233000000000000000e+03 7.154908447265625000e+02
9.696900000000000546e+02 1.051000000000000000e+03 7.154877929687500000e+02
9.700259999999999536e+02 1.125000000000000000e+03 7.154912109375000000e+02
9.703680000000000518e+02 1.045000000000000000e+03 7.154869995117187500e+02
9.707039999999999509e+02 1.209000000000000000e+03 7.154874267578125000e+02
9.710399999999999636e+02 1.074000000000000000e+03 7.154919433593750000e+02
9.713759999999999764e+02 1.142000000000000000e+03 7.154816284179687500e+02
