3.302259999999999991e+02 1.530000000000000000e+02 2.021205596923828125e+02
3.305629999999999882e+02 1.400000000000000000e+02 2.021172180175781250e+02
3.308990000000000009e+02 1.110000000000000000e+02 2.021250000000000000e+02
3.312350000000000136e+02 2.210000000000000000e+02 2.021106567382812500e+02
3.315720000000000027e+02 4.650000000000000000e+02 2.021185150146484375e+02
3.319080000000000155e+02 5.350000000000000000e+02 2.021196594238281250e+02
3.322440000000000282e+02 7.350000000000000000e+02 2.021213684082031250e+02
3.325810000000000173e+02 9.260000000000000000e+02 2.021202697753906250e+02
3.329169999999999732e+02 1.184000000000000000e+03 2.021215362548828125e+02
3.332529999999999859e+02 1.603000000000000000e+03 2.021185760498046875e+02
3.335889999999999986e+02 1.416000000000000000e+03 2.021206054687500000e+02
3.339259999999999877e+02 1.416000000000000000e+03 2.021220703125000000e+02
3.342620000000000005e+02 1.125000000000000000e+03 2.021183319091796875e+02
3.346000000000000227e+02 9.730000000000000000e+02 2.021238555908203125e+02
3.349359999999999786e+02 9.000000000000000000e+02 2.021170654296875000e+02
3.352730000000000246e+02 5.410000000000000000e+02 2.021175689697265625e+02
3.356089999999999804e+02 5.910000000000000000e+02 2.021248626708984375e+02
3.359449999999999932e+02 3.320000000000000000e+02 2.021203613281250000e+02
3.362819999999999823e+02 3.920000000000000000e+02 2.021247711181640625e+02
3.366179999999999950e+02 2.770000000000000000e+02 2.021216888427734375e+02
3.369540000000000077e+02 3.160000000000000000e+02 2.021174468994140625e+02
3.372900000000000205e+02 1.690000000000000000e+02 2.021162109375000000e+02
3.376270000000000095e+02 1.940000000000000000e+02 2.021138458251953125e+02
3.379630000000000223e+02 1.670000000000000000e+02 2.021229858398437500e+02
3.382989999999999782e+02 2.430000000000000000e+02 2.021216735839843750e+02
3.386360000000000241e+02 4.360000000000000000e+02 2.021199188232421875e+02
3.389719999999999800e+02 3.850000000000000000e+02 2.021169586181640625e+02
3.393079999999999927e+02 4.050000000000000000e+02 2.021229400634765625e+02
3.396449999999999818e+02 4.860000000000000000e+02 2.021188964843750000e+02
3.399809999999999945e+02 5.180000000000000000e+02 2.021200714111328125e+02
3.403170000000000073e+02 7.810000000000000000e+02 2.021204376220703125e+02
3.406539999999999964e+02 7.900000000000000000e+02 2.021234741210937500e+02
3.409900000000000091e+02 8.220000000000000000e+02 2.021193542480468750e+02
3.413269999999999982e+02 9.840000000000000000e+02 2.021198425292968750e+02
3.416630000000000109e+02 9.530000000000000000e+02 2.021181030273437500e+02
3.420000000000000000e+02 8.170000000000000000e+02 2.021203918457031250e+02
3.423360000000000127e+02 5.970000000000000000e+02 2.021201324462890625e+02
3.426720000000000255e+02 6.670000000000000000e+02 2.021211700439453125e+02
3.430079999999999814e+02 4.850000000000000000e+02 2.021186676025390625e+02
3.433450000000000273e+02 6.840000000000000000e+02 2.021224822998046875e+02
3.436809999999999832e+02 3.900000000000000000e+02 2.021181335449218750e+02
3.440169999999999959e+02 5.270000000000000000e+02 2.021192169189453125e+02
3.443539999999999850e+02 2.190000000000000000e+02 2.021221771240234375e+02
3.446920000000000073e+02 3.400000000000000000e+02 2.021173553466796875e+02
3.450280000000000200e+02 3.420000000000000000e+02 2.021182250976562500e+02
3.453639999999999759e+02 3.140000000000000000e+02 2.021145629882812500e+02
3.457010000000000218e+02 1.380000000000000000e+02 2.021190032958984375e+02
3.460369999999999777e+02 1.800000000000000000e+02 2.021284332275390625e+02
3.463729999999999905e+02 1.370000000000000000e+02 2.021135253906250000e+02
3.467099999999999795e+02 1.660000000000000000e+02 2.021200714111328125e+02
3.470459999999999923e+02 8.400000000000000000e+01 2.021177062988281250e+02
3.473820000000000050e+02 1.910000000000000000e+02 2.021211090087890625e+02
3.477180000000000177e+02 1.760000000000000000e+02 2.021195831298828125e+02
