3.827010000000000218e+02 3.870000000000000000e+02 2.731275939941406250e+02
3.830380000000000109e+02 4.210000000000000000e+02 2.731130371093750000e+02
3.833740000000000236e+02 5.430000000000000000e+02 2.731198730468750000e+02
3.837110000000000127e+02 1.079000000000000000e+03 2.731177062988281250e+02
3.840470000000000255e+02 1.427000000000000000e+03 2.731187438964843750e+02
3.843840000000000146e+02 1.511000000000000000e+03 2.731168212890625000e+02
3.847200000000000273e+02 1.514000000000000000e+03 2.731152954101562500e+02
3.850579999999999927e+02 1.331000000000000000e+03 2.731149902343750000e+02
3.853949999999999818e+02 1.253000000000000000e+03 2.731157226562500000e+02
3.857309999999999945e+02 1.242000000000000000e+03 2.731149597167968750e+02
3.860670000000000073e+02 1.102000000000000000e+03 2.731185302734375000e+02
3.864030000000000200e+02 1.010000000000000000e+03 2.731163024902343750e+02
3.867400000000000091e+02 9.280000000000000000e+02 2.731174011230468750e+02
3.870760000000000218e+02 5.360000000000000000e+02 2.731179504394531250e+02
3.874130000000000109e+02 5.510000000000000000e+02 2.731181030273437500e+02
3.877490000000000236e+02 3.920000000000000000e+02 2.731196594238281250e+02
3.880849999999999795e+02 2.080000000000000000e+02 2.731310119628906250e+02
3.884220000000000255e+02 3.700000000000000000e+02 2.731124572753906250e+02
3.887579999999999814e+02 1.810000000000000000e+02 2.731150207519531250e+02
