2.609300000000000068e+02 8.100000000000000000e+01 3.280750732421875000e+02
2.612669999999999959e+02 1.200000000000000000e+02 3.280921020507812500e+02
2.616030000000000086e+02 2.230000000000000000e+02 3.280767822265625000e+02
2.619390000000000214e+02 2.640000000000000000e+02 3.280802612304687500e+02
2.622760000000000105e+02 3.720000000000000000e+02 3.280699462890625000e+02
2.626120000000000232e+02 4.300000000000000000e+02 3.280715332031250000e+02
2.629490000000000123e+02 4.960000000000000000e+02 3.280717468261718750e+02
2.632850000000000250e+02 6.670000000000000000e+02 3.280740356445312500e+02
2.636209999999999809e+02 5.470000000000000000e+02 3.280722045898437500e+02
2.639590000000000032e+02 8.320000000000000000e+02 3.280727539062500000e+02
2.642959999999999923e+02 1.142000000000000000e+03 3.280723266601562500e+02
2.646320000000000050e+02 1.219000000000000000e+03 3.280751037597656250e+02
2.649680000000000177e+02 9.670000000000000000e+02 3.280742492675781250e+02
2.653039999999999736e+02 7.140000000000000000e+02 3.280780029296875000e+02
2.656410000000000196e+02 8.430000000000000000e+02 3.280743408203125000e+02
2.659769999999999754e+02 5.030000000000000000e+02 3.280778503417968750e+02
2.663129999999999882e+02 5.300000000000000000e+02 3.280733642578125000e+02
2.666499999999999773e+02 4.660000000000000000e+02 3.280781555175781250e+02
2.669859999999999900e+02 1.900000000000000000e+02 3.280802307128906250e+02
2.673220000000000027e+02 3.190000000000000000e+02 3.280660095214843750e+02
2.676589999999999918e+02 4.210000000000000000e+02 3.280775451660156250e+02
2.679950000000000045e+02 2.430000000000000000e+02 3.280767822265625000e+02
2.683310000000000173e+02 2.320000000000000000e+02 3.280830078125000000e+02
