9.801180000000000518e+02 1.440000000000000000e+03 7.144780883789062500e+02
9.804600000000000364e+02 1.633000000000000000e+03 7.144850463867187500e+02
9.807960000000000491e+02 2.021000000000000000e+03 7.144812011718750000e+02
9.811319999999999482e+02 1.567000000000000000e+03 7.144832153320312500e+02
9.814679999999999609e+02 1.662000000000000000e+03 7.144884033203125000e+02
9.818039999999999736e+02 1.593000000000000000e+03 7.144852905273437500e+02
9.821399999999999864e+02 1.666000000000000000e+03 7.144847412109375000e+02
9.824759999999999991e+02 1.571000000000000000e+03 7.144871826171875000e+02
9.828120000000000118e+02 1.649000000000000000e+03 7.144844360351562500e+02
9.831480000000000246e+02 1.276000000000000000e+03 7.144851074218750000e+02
9.834840000000000373e+02 1.405000000000000000e+03 7.144836425781250000e+02
9.838200000000000500e+02 1.492000000000000000e+03 7.144829711914062500e+02
9.841559999999999491e+02 1.430000000000000000e+03 7.144858398437500000e+02
9.844919999999999618e+02 1.338000000000000000e+03 7.144850463867187500e+02
9.848279999999999745e+02 1.299000000000000000e+03 7.144851684570312500e+02
9.851699999999999591e+02 1.375000000000000000e+03 7.144862060546875000e+02
9.855000000000000000e+02 1.595000000000000000e+03 7.144801635742187500e+02
9.858419999999999845e+02 1.487000000000000000e+03 7.144827270507812500e+02
9.861779999999999973e+02 1.305000000000000000e+03 7.144774169921875000e+02
9.865140000000000100e+02 1.374000000000000000e+03 7.144822387695312500e+02
9.868500000000000227e+02 1.325000000000000000e+03 7.144779052734375000e+02
9.871860000000000355e+02 1.523000000000000000e+03 7.144780883789062500e+02
9.875220000000000482e+02 1.266000000000000000e+03 7.144840698242187500e+02
9.878579999999999472e+02 1.291000000000000000e+03 7.144799194335937500e+02
9.881939999999999600e+02 1.474000000000000000e+03 7.144809570312500000e+02
9.885299999999999727e+02 1.253000000000000000e+03 7.144855957031250000e+02
9.888659999999999854e+02 1.333000000000000000e+03 7.144824218750000000e+02
9.892019999999999982e+02 1.232000000000000000e+03 7.144838256835937500e+02
9.895380000000000109e+02 1.333000000000000000e+03 7.144816284179687500e+02
9.898740000000000236e+02 1.293000000000000000e+03 7.144861450195312500e+02
9.902100000000000364e+02 1.452000000000000000e+03 7.144886474609375000e+02
9.905460000000000491e+02 1.120000000000000000e+03 7.144918823242187500e+02
9.908880000000000337e+02 1.302000000000000000e+03 7.144801635742187500e+02
9.912240000000000464e+02 1.254000000000000000e+03 7.144815063476562500e+02
9.915599999999999454e+02 9.700000000000000000e+02 7.144864501953125000e+02
9.918959999999999582e+02 1.060000000000000000e+03 7.144765014648437500e+02
9.922319999999999709e+02 9.800000000000000000e+02 7.144785156250000000e+02
9.925679999999999836e+02 1.077000000000000000e+03 7.144855346679687500e+02
9.929039999999999964e+02 9.200000000000000000e+02 7.144845581054687500e+02
9.932400000000000091e+02 1.163000000000000000e+03 7.144879150390625000e+02
9.935760000000000218e+02 1.159000000000000000e+03 7.144765625000000000e+02
9.939120000000000346e+02 7.910000000000000000e+02 7.144873046875000000e+02
9.942480000000000473e+02 9.500000000000000000e+02 7.144837646484375000e+02
9.945839999999999463e+02 1.110000000000000000e+03 7.144825439453125000e+02
9.949199999999999591e+02 1.213000000000000000e+03 7.144828491210937500e+02
9.952559999999999718e+02 8.420000000000000000e+02 7.144812622070312500e+02
9.955919999999999845e+02 8.850000000000000000e+02 7.144843139648437500e+02
9.959279999999999973e+02 8.270000000000000000e+02 7.144852294921875000e+02
9.962699999999999818e+02 1.028000000000000000e+03 7.144815673828125000e+02
9.966059999999999945e+02 1.057000000000000000e+03 7.144849853515625000e+02
9.969360000000000355e+02 8.600000000000000000e+02 7.144783935546875000e+02
9.972780000000000200e+02 9.150000000000000000e+02 7.144895019531250000e+02
9.976140000000000327e+02 8.500000000000000000e+02 7.144869384765625000e+02
9.979500000000000455e+02 8.070000000000000000e+02 7.144805297851562500e+02
9.982859999999999445e+02 9.020000000000000000e+02 7.144817504882812500e+02
9.986219999999999573e+02 8.060000000000000000e+02 7.144854736328125000e+02
9.989579999999999700e+02 9.060000000000000000e+02 7.144820556640625000e+02
9.992939999999999827e+02 9.000000000000000000e+02 7.144769287109375000e+02
9.996299999999999955e+02 8.790000000000000000e+02 7.144813842773437500e+02
9.999660000000000082e+02 8.850000000000000000e+02 7.144916992187500000e+02
