3.010169999999999959e+02 4.061282653808593750e+02 1.870000000000000000e+02
3.013541999999999916e+02 4.061313781738281250e+02 4.880000000000000000e+02
3.016908000000000243e+02 4.061343078613281250e+02 7.260000000000000000e+02
3.020280000000000200e+02 4.061334533691406250e+02 1.155000000000000000e+03
3.023652000000000157e+02 4.061364746093750000e+02 1.832000000000000000e+03
3.027011999999999716e+02 4.061339721679687500e+02 2.783000000000000000e+03
3.030378000000000043e+02 4.061361694335937500e+02 2.813000000000000000e+03
3.033750000000000000e+02 4.061359252929687500e+02 2.943000000000000000e+03
3.037121999999999957e+02 4.061365356445312500e+02 3.119000000000000000e+03
3.040488000000000284e+02 4.061346740722656250e+02 3.012000000000000000e+03
3.043872000000000071e+02 4.061377258300781250e+02 2.800000000000000000e+03
3.047237999999999829e+02 4.061362609863281250e+02 2.302000000000000000e+03
3.050609999999999786e+02 4.061351623535156250e+02 2.231000000000000000e+03
3.053969999999999914e+02 4.061351623535156250e+02 1.846000000000000000e+03
3.057341999999999871e+02 4.061375732421875000e+02 1.443000000000000000e+03
3.060708000000000197e+02 4.061358642578125000e+02 1.187000000000000000e+03
3.064080000000000155e+02 4.061356811523437500e+02 1.063000000000000000e+03
3.067452000000000112e+02 4.061369323730468750e+02 8.870000000000000000e+02
3.070812000000000239e+02 4.061334228515625000e+02 8.870000000000000000e+02
3.074177999999999997e+02 4.061346130371093750e+02 9.280000000000000000e+02
3.077549999999999955e+02 4.061369628906250000e+02 9.540000000000000000e+02
3.080921999999999912e+02 4.061326293945312500e+02 1.314000000000000000e+03
3.084282000000000039e+02 4.061353759765625000e+02 1.259000000000000000e+03
3.087647999999999797e+02 4.061353759765625000e+02 1.292000000000000000e+03
3.091019999999999754e+02 4.061364746093750000e+02 1.146000000000000000e+03
3.094392000000000280e+02 4.061361694335937500e+02 1.132000000000000000e+03
3.097758000000000038e+02 4.061377258300781250e+02 8.620000000000000000e+02
3.101129999999999995e+02 4.061371765136718750e+02 6.370000000000000000e+02
3.104501999999999953e+02 4.061385192871093750e+02 5.140000000000000000e+02
3.107868000000000279e+02 4.061382141113281250e+02 3.900000000000000000e+02
3.111240000000000236e+02 4.061386718750000000e+02 2.740000000000000000e+02
3.114612000000000194e+02 4.061413879394531250e+02 3.150000000000000000e+02
3.117971999999999753e+02 4.061401672363281250e+02 2.040000000000000000e+02
3.121338000000000079e+02 4.061395263671875000e+02 1.940000000000000000e+02
3.124710000000000036e+02 4.061324157714843750e+02 9.900000000000000000e+01
3.128081999999999994e+02 4.061314697265625000e+02 1.070000000000000000e+02
3.131447999999999752e+02 4.061192626953125000e+02 3.300000000000000000e+01
3.134807999999999879e+02 4.061223754882812500e+02 9.200000000000000000e+01
3.138179999999999836e+02 4.061997680664062500e+02 9.500000000000000000e+01
3.141551999999999794e+02 4.061609497070312500e+02 6.100000000000000000e+01
3.144929999999999950e+02 4.061468811035156250e+02 5.400000000000000000e+01
3.148301999999999907e+02 4.061257629394531250e+02 5.300000000000000000e+01