2.447100000000000080e+02 2.750000000000000000e+02 4.021188964843750000e+02
2.450469999999999970e+02 9.310000000000000000e+02 4.021210021972656250e+02
2.453830000000000098e+02 1.906000000000000000e+03 4.021175842285156250e+02
2.457189999999999941e+02 4.232000000000000000e+03 4.021157226562500000e+02
2.460569999999999879e+02 6.763000000000000000e+03 4.021138305664062500e+02
2.463930000000000007e+02 1.013000000000000000e+04 4.021147766113281250e+02
2.467299999999999898e+02 1.146500000000000000e+04 4.021161193847656250e+02
2.470660000000000025e+02 1.314100000000000000e+04 4.021152343750000000e+02
2.474019999999999868e+02 1.291600000000000000e+04 4.021155090332031250e+02
2.477390000000000043e+02 1.213300000000000000e+04 4.021154174804687500e+02
2.480749999999999886e+02 1.121900000000000000e+04 4.021157531738281250e+02
2.484110000000000014e+02 9.649000000000000000e+03 4.021161499023437500e+02
2.487470000000000141e+02 8.752000000000000000e+03 4.021180114746093750e+02
2.490840000000000032e+02 7.401000000000000000e+03 4.021174926757812500e+02
2.494199999999999875e+02 6.882000000000000000e+03 4.021184997558593750e+02
2.497560000000000002e+02 5.921000000000000000e+03 4.021175842285156250e+02
2.500929999999999893e+02 4.621000000000000000e+03 4.021170043945312500e+02
2.504290000000000020e+02 3.693000000000000000e+03 4.021178894042968750e+02
2.507649999999999864e+02 3.208000000000000000e+03 4.021172485351562500e+02
2.511020000000000039e+02 2.821000000000000000e+03 4.021169128417968750e+02
2.514379999999999882e+02 2.038000000000000000e+03 4.021202697753906250e+02
2.517750000000000057e+02 1.505000000000000000e+03 4.021195068359375000e+02
2.521119999999999948e+02 1.111000000000000000e+03 4.021246032714843750e+02
2.524480000000000075e+02 8.610000000000000000e+02 4.021279907226562500e+02
2.527839999999999918e+02 3.670000000000000000e+02 4.021208801269531250e+02
2.531210000000000093e+02 6.120000000000000000e+02 4.021214904785156250e+02
2.534569999999999936e+02 3.770000000000000000e+02 4.021225280761718750e+02
