2.911349999999999909e+02 2.320000000000000000e+02 6.581313476562500000e+02
2.914710000000000036e+02 4.620000000000000000e+02 6.581241455078125000e+02
2.918070000000000164e+02 6.740000000000000000e+02 6.581210937500000000e+02
2.921440000000000055e+02 7.510000000000000000e+02 6.581203613281250000e+02
2.924800000000000182e+02 7.240000000000000000e+02 6.581282958984375000e+02
2.928159999999999741e+02 1.056000000000000000e+03 6.581196899414062500e+02
2.931519999999999868e+02 1.169000000000000000e+03 6.581268310546875000e+02
2.934889999999999759e+02 9.770000000000000000e+02 6.581234741210937500e+02
2.938249999999999886e+02 1.008000000000000000e+03 6.581310424804687500e+02
2.941610000000000014e+02 1.127000000000000000e+03 6.581246948242187500e+02
2.944979999999999905e+02 7.420000000000000000e+02 6.581267700195312500e+02
2.948340000000000032e+02 7.480000000000000000e+02 6.581246337890625000e+02
2.951700000000000159e+02 8.200000000000000000e+02 6.581306152343750000e+02
2.955070000000000050e+02 6.450000000000000000e+02 6.581297607421875000e+02
2.958430000000000177e+02 5.840000000000000000e+02 6.581289062500000000e+02
2.961789999999999736e+02 4.980000000000000000e+02 6.581221313476562500e+02
2.965169999999999959e+02 3.800000000000000000e+02 6.581163940429687500e+02
2.968530000000000086e+02 4.160000000000000000e+02 6.581265869140625000e+02
2.971899999999999977e+02 2.750000000000000000e+02 6.581251831054687500e+02
2.975260000000000105e+02 2.640000000000000000e+02 6.581277465820312500e+02
2.978620000000000232e+02 7.700000000000000000e+01 6.581448974609375000e+02
2.981979999999999791e+02 1.140000000000000000e+02 6.581390380859375000e+02
