2.339459999999999980e+02 1.490000000000000000e+02 1.620881347656250000e+02
2.342820000000000107e+02 1.180000000000000000e+02 1.620848388671875000e+02
2.346189999999999998e+02 4.030000000000000000e+02 1.620906677246093750e+02
2.349550000000000125e+02 5.820000000000000000e+02 1.620884399414062500e+02
2.352909999999999968e+02 8.380000000000000000e+02 1.620929412841796875e+02
2.356279999999999859e+02 1.168000000000000000e+03 1.620925140380859375e+02
2.359660000000000082e+02 8.850000000000000000e+02 1.620915069580078125e+02
2.363019999999999925e+02 1.091000000000000000e+03 1.620908660888671875e+02
2.366380000000000052e+02 1.054000000000000000e+03 1.620924835205078125e+02
2.369739999999999895e+02 8.470000000000000000e+02 1.620917053222656250e+02
2.373110000000000070e+02 6.620000000000000000e+02 1.620895080566406250e+02
2.376469999999999914e+02 5.970000000000000000e+02 1.620906677246093750e+02
2.379830000000000041e+02 3.930000000000000000e+02 1.620879669189453125e+02
2.383199999999999932e+02 2.960000000000000000e+02 1.620858612060546875e+02
2.386560000000000059e+02 2.700000000000000000e+02 1.620885772705078125e+02
2.389919999999999902e+02 2.070000000000000000e+02 1.620886077880859375e+02
