2.319279999999999973e+02 5.900000000000000000e+01 2.796077270507812500e+02
2.322649999999999864e+02 7.500000000000000000e+01 2.796129760742187500e+02
2.326009999999999991e+02 8.500000000000000000e+01 2.796105651855468750e+02
2.329370000000000118e+02 5.510000000000000000e+02 2.796159667968750000e+02
2.332740000000000009e+02 4.340000000000000000e+02 2.796169128417968750e+02
2.336100000000000136e+02 7.220000000000000000e+02 2.796150207519531250e+02
2.339459999999999980e+02 7.060000000000000000e+02 2.796138916015625000e+02
2.342820000000000107e+02 9.220000000000000000e+02 2.796134338378906250e+02
2.346189999999999998e+02 1.010000000000000000e+03 2.796132507324218750e+02
2.349550000000000125e+02 1.135000000000000000e+03 2.796114807128906250e+02
2.352909999999999968e+02 8.190000000000000000e+02 2.796163940429687500e+02
2.356279999999999859e+02 2.970000000000000000e+02 2.796230163574218750e+02
2.359660000000000082e+02 4.560000000000000000e+02 2.796153259277343750e+02
2.363019999999999925e+02 2.990000000000000000e+02 2.796118469238281250e+02
2.366380000000000052e+02 1.960000000000000000e+02 2.796151733398437500e+02
2.369739999999999895e+02 1.370000000000000000e+02 2.796077575683593750e+02
