1.676779999999999973e+02 1.680000000000000000e+02 3.181447143554687500e+02
1.680140000000000100e+02 1.580000000000000000e+02 3.181492919921875000e+02
1.683499999999999943e+02 2.650000000000000000e+02 3.181535949707031250e+02
1.686870000000000118e+02 1.370000000000000000e+02 3.181442565917968750e+02
1.690229999999999961e+02 3.350000000000000000e+02 3.181442260742187500e+02
1.693590000000000089e+02 1.250000000000000000e+02 3.181429138183593750e+02
1.696959999999999980e+02 2.560000000000000000e+02 3.181431884765625000e+02
1.700320000000000107e+02 2.130000000000000000e+02 3.181497192382812500e+02
1.703679999999999950e+02 3.040000000000000000e+02 3.181491699218750000e+02
1.707050000000000125e+02 4.630000000000000000e+02 3.181539916992187500e+02
1.710409999999999968e+02 3.670000000000000000e+02 3.181524658203125000e+02
1.713770000000000095e+02 9.410000000000000000e+02 3.181522521972656250e+02
1.717139999999999986e+02 5.540000000000000000e+02 3.181561584472656250e+02
1.720500000000000114e+02 1.058000000000000000e+03 3.181521606445312500e+02
1.723859999999999957e+02 7.390000000000000000e+02 3.181540527343750000e+02
1.727220000000000084e+02 8.840000000000000000e+02 3.181567687988281250e+02
1.730589999999999975e+02 1.035000000000000000e+03 3.181525878906250000e+02
1.733950000000000102e+02 8.810000000000000000e+02 3.181561279296875000e+02
1.737309999999999945e+02 5.270000000000000000e+02 3.181531677246093750e+02
1.740680000000000121e+02 6.710000000000000000e+02 3.181555175781250000e+02
1.744039999999999964e+02 6.050000000000000000e+02 3.181488647460937500e+02
1.747400000000000091e+02 3.920000000000000000e+02 3.181588745117187500e+02
1.750769999999999982e+02 2.920000000000000000e+02 3.181475830078125000e+02
1.754139999999999873e+02 2.900000000000000000e+02 3.181491088867187500e+02
1.757529999999999859e+02 2.590000000000000000e+02 3.181681518554687500e+02
1.760889999999999986e+02 2.730000000000000000e+02 3.181496887207031250e+02
1.764259999999999877e+02 4.300000000000000000e+02 3.181495971679687500e+02
1.767620000000000005e+02 1.710000000000000000e+02 3.181369323730468750e+02
1.770989999999999895e+02 2.670000000000000000e+02 3.181468200683593750e+02
1.774350000000000023e+02 1.660000000000000000e+02 3.181416320800781250e+02
1.777719999999999914e+02 1.200000000000000000e+02 3.181436157226562500e+02
