4.254200000000000159e+01 1.390000000000000000e+02 1.460520019531250000e+02
4.287800000000000011e+01 5.070000000000000000e+02 1.460649414062500000e+02
4.321500000000000341e+01 4.240000000000000000e+02 1.460690155029296875e+02
4.355100000000000193e+01 6.530000000000000000e+02 1.460675506591796875e+02
4.388700000000000045e+01 9.880000000000000000e+02 1.460657043457031250e+02
4.422500000000000142e+01 8.130000000000000000e+02 1.460666809082031250e+02
4.456099999999999994e+01 8.650000000000000000e+02 1.460660400390625000e+02
4.489800000000000324e+01 8.270000000000000000e+02 1.460665588378906250e+02
4.523400000000000176e+01 4.710000000000000000e+02 1.460642242431640625e+02
4.557000000000000028e+01 3.600000000000000000e+02 1.460713348388671875e+02
4.590599999999999881e+01 2.870000000000000000e+02 1.460616912841796875e+02
4.624300000000000210e+01 2.320000000000000000e+02 1.460602111816406250e+02
4.657900000000000063e+01 3.170000000000000000e+02 1.460581817626953125e+02
4.691499999999999915e+01 1.700000000000000000e+02 1.460630950927734375e+02
