9.767100000000000364e+02 1.120000000000000000e+02 3.363130187988281250e+02
9.770460000000000491e+02 9.000000000000000000e+01 3.363094482421875000e+02
9.773819999999999482e+02 1.640000000000000000e+02 3.363244934082031250e+02
9.777179999999999609e+02 2.290000000000000000e+02 3.363042602539062500e+02
9.780599999999999454e+02 4.310000000000000000e+02 3.363207397460937500e+02
9.783959999999999582e+02 4.400000000000000000e+02 3.363167419433593750e+02
9.787259999999999991e+02 5.130000000000000000e+02 3.363188476562500000e+02
9.790679999999999836e+02 6.250000000000000000e+02 3.363123168945312500e+02
9.794039999999999964e+02 6.640000000000000000e+02 3.363205871582031250e+02
9.797400000000000091e+02 7.320000000000000000e+02 3.363200683593750000e+02
9.800760000000000218e+02 8.050000000000000000e+02 3.363216552734375000e+02
9.804120000000000346e+02 6.830000000000000000e+02 3.363192749023437500e+02
9.807480000000000473e+02 6.370000000000000000e+02 3.363267211914062500e+02
9.810839999999999463e+02 9.050000000000000000e+02 3.363185729980468750e+02
9.814199999999999591e+02 5.360000000000000000e+02 3.363197326660156250e+02
9.817559999999999718e+02 3.050000000000000000e+02 3.363230590820312500e+02
9.820919999999999845e+02 3.790000000000000000e+02 3.363170471191406250e+02
9.824279999999999973e+02 2.990000000000000000e+02 3.363203125000000000e+02
9.827699999999999818e+02 2.050000000000000000e+02 3.363252258300781250e+02
9.831059999999999945e+02 1.130000000000000000e+02 3.363188476562500000e+02
9.834420000000000073e+02 1.400000000000000000e+02 3.363108825683593750e+02
9.837780000000000200e+02 8.000000000000000000e+01 3.363218078613281250e+02
9.841140000000000327e+02 8.800000000000000000e+01 3.363230285644531250e+02
9.844500000000000455e+02 8.900000000000000000e+01 3.363094482421875000e+02
9.847859999999999445e+02 1.030000000000000000e+02 3.363182373046875000e+02
9.851219999999999573e+02 6.800000000000000000e+01 3.363048706054687500e+02
9.854579999999999700e+02 6.100000000000000000e+01 3.363270568847656250e+02
