3.082900000000000205e+02 2.810000000000000000e+02 4.762113037109375000e+02
3.086259999999999764e+02 2.940000000000000000e+02 4.762090148925781250e+02
3.089630000000000223e+02 4.460000000000000000e+02 4.762211608886718750e+02
3.092989999999999782e+02 4.260000000000000000e+02 4.762243957519531250e+02
3.096349999999999909e+02 5.560000000000000000e+02 4.762178039550781250e+02
3.099719999999999800e+02 8.790000000000000000e+02 4.762160644531250000e+02
3.103079999999999927e+02 8.030000000000000000e+02 4.762154235839843750e+02
3.106440000000000055e+02 7.720000000000000000e+02 4.762196350097656250e+02
3.109800000000000182e+02 5.060000000000000000e+02 4.762233276367187500e+02
3.113170000000000073e+02 5.970000000000000000e+02 4.762142333984375000e+02
3.116530000000000200e+02 6.030000000000000000e+02 4.762127685546875000e+02
3.119889999999999759e+02 5.490000000000000000e+02 4.762157287597656250e+02
3.123260000000000218e+02 4.390000000000000000e+02 4.762136840820312500e+02
3.126619999999999777e+02 2.590000000000000000e+02 4.762117919921875000e+02
3.129979999999999905e+02 2.980000000000000000e+02 4.762212219238281250e+02
3.133349999999999795e+02 4.020000000000000000e+02 4.762087402343750000e+02
3.136709999999999923e+02 1.140000000000000000e+02 4.762133483886718750e+02
3.140070000000000050e+02 9.000000000000000000e+01 4.762048034667968750e+02
