3.812850000000000250e+02 7.700000000000000000e+01 2.791435852050781250e+02
3.816220000000000141e+02 2.230000000000000000e+02 2.791328430175781250e+02
3.819580000000000268e+02 1.610000000000000000e+02 2.791258544921875000e+02
3.822950000000000159e+02 2.090000000000000000e+02 2.791241760253906250e+02
3.826320000000000050e+02 2.880000000000000000e+02 2.791337890625000000e+02
3.829680000000000177e+02 5.320000000000000000e+02 2.791313476562500000e+02
3.833039999999999736e+02 5.320000000000000000e+02 2.791280212402343750e+02
3.836399999999999864e+02 5.940000000000000000e+02 2.791299133300781250e+02
3.839769999999999754e+02 5.200000000000000000e+02 2.791315307617187500e+02
3.843129999999999882e+02 6.520000000000000000e+02 2.791270751953125000e+02
3.846490000000000009e+02 7.730000000000000000e+02 2.791322937011718750e+02
3.849859999999999900e+02 8.700000000000000000e+02 2.791278076171875000e+02
3.853220000000000027e+02 6.160000000000000000e+02 2.791240539550781250e+02
3.856580000000000155e+02 5.590000000000000000e+02 2.791278991699218750e+02
3.859950000000000045e+02 5.520000000000000000e+02 2.791278686523437500e+02
3.863310000000000173e+02 4.520000000000000000e+02 2.791266784667968750e+02
3.866669999999999732e+02 2.840000000000000000e+02 2.791404724121093750e+02
3.870040000000000191e+02 1.750000000000000000e+02 2.791418457031250000e+02
3.873419999999999845e+02 1.550000000000000000e+02 2.791479492187500000e+02
3.876779999999999973e+02 1.860000000000000000e+02 2.791312866210937500e+02
3.880149999999999864e+02 9.900000000000000000e+01 2.791322631835937500e+02
3.883509999999999991e+02 1.400000000000000000e+02 2.791375122070312500e+02
3.886870000000000118e+02 1.580000000000000000e+02 2.791446838378906250e+02
