1.982909999999999968e+02 4.570000000000000000e+02 8.131641845703125000e+02
1.986270000000000095e+02 3.820000000000000000e+02 8.131656494140625000e+02
1.989639999999999986e+02 5.490000000000000000e+02 8.131570434570312500e+02
1.993000000000000114e+02 5.080000000000000000e+02 8.131620483398437500e+02
1.996359999999999957e+02 7.040000000000000000e+02 8.131677856445312500e+02
1.999720000000000084e+02 6.430000000000000000e+02 8.131693725585937500e+02
2.003089999999999975e+02 7.710000000000000000e+02 8.131550903320312500e+02
2.006450000000000102e+02 6.820000000000000000e+02 8.131644897460937500e+02
2.009809999999999945e+02 6.130000000000000000e+02 8.131589355468750000e+02
2.013180000000000121e+02 5.780000000000000000e+02 8.131644897460937500e+02
2.016539999999999964e+02 4.430000000000000000e+02 8.131555786132812500e+02
2.019900000000000091e+02 2.640000000000000000e+02 8.131737060546875000e+02
