5.400629999999999882e+02 5.200000000000000000e+01 5.920975952148437500e+02
5.403999999999999773e+02 1.660000000000000000e+02 5.921123046875000000e+02
5.407359999999999900e+02 3.250000000000000000e+02 5.921084594726562500e+02
5.410720000000000027e+02 4.560000000000000000e+02 5.921175537109375000e+02
5.414089999999999918e+02 5.360000000000000000e+02 5.921137695312500000e+02
5.417450000000000045e+02 7.180000000000000000e+02 5.921172485351562500e+02
5.420819999999999936e+02 6.320000000000000000e+02 5.921204223632812500e+02
5.424180000000000064e+02 7.380000000000000000e+02 5.921171264648437500e+02
5.427540000000000191e+02 5.010000000000000000e+02 5.921174316406250000e+02
5.430900000000000318e+02 6.010000000000000000e+02 5.921119995117187500e+02
5.434270000000000209e+02 2.860000000000000000e+02 5.921105346679687500e+02
5.437630000000000337e+02 2.550000000000000000e+02 5.921250610351562500e+02
5.440990000000000464e+02 2.030000000000000000e+02 5.921127319335937500e+02
