8.374500000000000455e+02 5.600000000000000000e+01 1.371233978271484375e+02
8.377859999999999445e+02 3.900000000000000000e+01 1.371154479980468750e+02
8.381219999999999573e+02 7.500000000000000000e+01 1.371319580078125000e+02
8.384579999999999700e+02 7.600000000000000000e+01 1.371313171386718750e+02
8.387939999999999827e+02 2.490000000000000000e+02 1.371220397949218750e+02
8.391299999999999955e+02 3.150000000000000000e+02 1.371310119628906250e+02
8.394660000000000082e+02 3.160000000000000000e+02 1.371263275146484375e+02
8.398020000000000209e+02 4.320000000000000000e+02 1.371270446777343750e+02
8.401380000000000337e+02 5.050000000000000000e+02 1.371295318603515625e+02
8.404740000000000464e+02 5.840000000000000000e+02 1.371323089599609375e+02
8.408160000000000309e+02 5.220000000000000000e+02 1.371277313232421875e+02
8.411520000000000437e+02 3.910000000000000000e+02 1.371284484863281250e+02
8.414880000000000564e+02 7.010000000000000000e+02 1.371309204101562500e+02
8.418239999999999554e+02 3.820000000000000000e+02 1.371226348876953125e+02
8.421599999999999682e+02 2.190000000000000000e+02 1.371283416748046875e+02
8.424959999999999809e+02 3.200000000000000000e+02 1.371264953613281250e+02
8.428319999999999936e+02 1.940000000000000000e+02 1.371244964599609375e+02
8.431680000000000064e+02 8.500000000000000000e+01 1.371225891113281250e+02
8.435040000000000191e+02 1.980000000000000000e+02 1.371336975097656250e+02
8.438400000000000318e+02 1.910000000000000000e+02 1.371337738037109375e+02
8.441760000000000446e+02 8.300000000000000000e+01 1.371216430664062500e+02
8.445119999999999436e+02 1.520000000000000000e+02 1.371242828369140625e+02
8.448479999999999563e+02 9.700000000000000000e+01 1.371214752197265625e+02
8.451839999999999691e+02 1.130000000000000000e+02 1.371290435791015625e+02
8.455259999999999536e+02 4.400000000000000000e+01 1.371150665283203125e+02
8.458619999999999663e+02 9.300000000000000000e+01 1.371277160644531250e+02
8.461979999999999791e+02 1.230000000000000000e+02 1.371282958984375000e+02
