5.114710000000000036e+02 6.180000000000000000e+02 2.241031646728515625e+02
5.118070000000000164e+02 6.450000000000000000e+02 2.241032714843750000e+02
5.121430000000000291e+02 5.390000000000000000e+02 2.241046447753906250e+02
5.124800000000000182e+02 4.120000000000000000e+02 2.241004333496093750e+02
5.128160000000000309e+02 4.870000000000000000e+02 2.241009826660156250e+02
5.131520000000000437e+02 6.070000000000000000e+02 2.241089324951171875e+02
5.134890000000000327e+02 4.800000000000000000e+02 2.241034088134765625e+02
5.138250000000000455e+02 7.180000000000000000e+02 2.241051483154296875e+02
5.141609999999999445e+02 4.850000000000000000e+02 2.241016387939453125e+02
5.144969999999999573e+02 5.350000000000000000e+02 2.241050567626953125e+02
5.148339999999999463e+02 5.290000000000000000e+02 2.240998687744140625e+02
5.151699999999999591e+02 3.860000000000000000e+02 2.241005706787109375e+02
5.155059999999999718e+02 6.090000000000000000e+02 2.241037597656250000e+02
5.158429999999999609e+02 6.100000000000000000e+02 2.241027374267578125e+02
5.161789999999999736e+02 5.220000000000000000e+02 2.240992584228515625e+02
5.165149999999999864e+02 5.400000000000000000e+02 2.241043701171875000e+02
5.168519999999999754e+02 5.710000000000000000e+02 2.241036376953125000e+02
5.171879999999999882e+02 6.290000000000000000e+02 2.241038055419921875e+02
5.175240000000000009e+02 2.680000000000000000e+02 2.241081695556640625e+02
5.178609999999999900e+02 4.890000000000000000e+02 2.241079864501953125e+02
5.181970000000000027e+02 3.860000000000000000e+02 2.241032257080078125e+02
5.185349999999999682e+02 4.290000000000000000e+02 2.241019287109375000e+02
5.188709999999999809e+02 4.750000000000000000e+02 2.241026916503906250e+02
5.192069999999999936e+02 6.130000000000000000e+02 2.241019439697265625e+02
5.195439999999999827e+02 4.480000000000000000e+02 2.241008300781250000e+02
5.198799999999999955e+02 5.170000000000000000e+02 2.241034088134765625e+02
5.202160000000000082e+02 4.390000000000000000e+02 2.241028442382812500e+02
5.205520000000000209e+02 5.760000000000000000e+02 2.241072692871093750e+02
5.208890000000000100e+02 4.850000000000000000e+02 2.241058807373046875e+02
5.212250000000000227e+02 5.380000000000000000e+02 2.241023712158203125e+02
5.215610000000000355e+02 4.370000000000000000e+02 2.241069946289062500e+02
5.218980000000000246e+02 4.610000000000000000e+02 2.241029357910156250e+02
5.222340000000000373e+02 6.030000000000000000e+02 2.241043090820312500e+02
5.225700000000000500e+02 5.610000000000000000e+02 2.241019287109375000e+02
5.229070000000000391e+02 4.550000000000000000e+02 2.241010437011718750e+02
5.232430000000000518e+02 5.260000000000000000e+02 2.241016998291015625e+02
5.235789999999999509e+02 4.540000000000000000e+02 2.241049957275390625e+02
5.239160000000000537e+02 5.200000000000000000e+02 2.241008758544921875e+02
5.242519999999999527e+02 5.600000000000000000e+02 2.241020660400390625e+02
5.245890000000000555e+02 5.760000000000000000e+02 2.241034545898437500e+02
5.249249999999999545e+02 5.010000000000000000e+02 2.241052551269531250e+02
5.252609999999999673e+02 5.370000000000000000e+02 2.241046295166015625e+02
5.255969999999999800e+02 5.000000000000000000e+02 2.241097564697265625e+02
5.259339999999999691e+02 5.020000000000000000e+02 2.241044006347656250e+02
5.262699999999999818e+02 6.820000000000000000e+02 2.241046752929687500e+02
5.266059999999999945e+02 4.840000000000000000e+02 2.241112670898437500e+02
5.269429999999999836e+02 5.920000000000000000e+02 2.241048736572265625e+02
5.272789999999999964e+02 4.130000000000000000e+02 2.241026306152343750e+02
5.276150000000000091e+02 4.730000000000000000e+02 2.241020507812500000e+02
5.279519999999999982e+02 3.530000000000000000e+02 2.241066436767578125e+02
5.282880000000000109e+02 4.770000000000000000e+02 2.241031188964843750e+02
5.286259999999999764e+02 4.270000000000000000e+02 2.241080627441406250e+02
5.289619999999999891e+02 5.720000000000000000e+02 2.241038208007812500e+02
5.292980000000000018e+02 5.560000000000000000e+02 2.241046905517578125e+02
5.296349999999999909e+02 5.220000000000000000e+02 2.241053009033203125e+02
5.299710000000000036e+02 6.870000000000000000e+02 2.241018066406250000e+02
5.303070000000000164e+02 3.880000000000000000e+02 2.241043853759765625e+02
5.306430000000000291e+02 5.120000000000000000e+02 2.241013031005859375e+02
5.309800000000000182e+02 3.590000000000000000e+02 2.241042633056640625e+02
5.313160000000000309e+02 4.010000000000000000e+02 2.241018829345703125e+02
5.316520000000000437e+02 5.000000000000000000e+02 2.241044769287109375e+02
5.319890000000000327e+02 4.510000000000000000e+02 2.241028442382812500e+02
5.323250000000000455e+02 5.320000000000000000e+02 2.241014556884765625e+02
5.326609999999999445e+02 4.860000000000000000e+02 2.241081237792968750e+02
5.329980000000000473e+02 6.340000000000000000e+02 2.241009368896484375e+02
5.333339999999999463e+02 6.530000000000000000e+02 2.241025085449218750e+02
5.336699999999999591e+02 3.850000000000000000e+02 2.241084442138671875e+02
5.340059999999999718e+02 4.900000000000000000e+02 2.241016082763671875e+02
5.343429999999999609e+02 4.480000000000000000e+02 2.241010131835937500e+02
5.346789999999999736e+02 5.450000000000000000e+02 2.241015472412109375e+02
5.350149999999999864e+02 2.910000000000000000e+02 2.241095428466796875e+02
5.353519999999999754e+02 4.130000000000000000e+02 2.241028442382812500e+02
5.356879999999999882e+02 2.900000000000000000e+02 2.241023406982421875e+02
5.360240000000000009e+02 3.210000000000000000e+02 2.241033172607421875e+02
5.363609999999999900e+02 3.180000000000000000e+02 2.240994110107421875e+02
5.366970000000000027e+02 4.570000000000000000e+02 2.241015319824218750e+02
5.370330000000000155e+02 2.930000000000000000e+02 2.241009674072265625e+02
5.373700000000000045e+02 2.940000000000000000e+02 2.241103973388671875e+02
5.377060000000000173e+02 2.750000000000000000e+02 2.241019744873046875e+02
5.380420000000000300e+02 4.250000000000000000e+02 2.241050262451171875e+02
5.383780000000000427e+02 3.120000000000000000e+02 2.241044464111328125e+02
5.387160000000000082e+02 3.160000000000000000e+02 2.241064605712890625e+02
5.390529999999999973e+02 3.420000000000000000e+02 2.241056213378906250e+02
5.393909999999999627e+02 4.160000000000000000e+02 2.241049346923828125e+02
5.397269999999999754e+02 4.500000000000000000e+02 2.241033477783203125e+02
5.400629999999999882e+02 3.500000000000000000e+02 2.241033172607421875e+02
5.403999999999999773e+02 4.200000000000000000e+02 2.241052246093750000e+02
5.407359999999999900e+02 4.290000000000000000e+02 2.241029052734375000e+02
