1.195739999999999981e+02 1.390000000000000000e+02 3.329568786621093750e+02
1.199099999999999966e+02 5.320000000000000000e+02 3.329559326171875000e+02
1.202469999999999999e+02 5.660000000000000000e+02 3.329553833007812500e+02
1.205829999999999984e+02 4.560000000000000000e+02 3.329612731933593750e+02
1.209189999999999969e+02 6.260000000000000000e+02 3.329555969238281250e+02
1.212560000000000002e+02 6.370000000000000000e+02 3.329566955566406250e+02
1.215919999999999987e+02 5.100000000000000000e+02 3.329532775878906250e+02
1.219279999999999973e+02 4.320000000000000000e+02 3.329605407714843750e+02
1.222639999999999958e+02 6.590000000000000000e+02 3.329537658691406250e+02
1.226009999999999991e+02 4.790000000000000000e+02 3.329525146484375000e+02
1.229369999999999976e+02 4.260000000000000000e+02 3.329598999023437500e+02
1.232729999999999961e+02 4.220000000000000000e+02 3.329547424316406250e+02
1.236099999999999994e+02 4.400000000000000000e+02 3.329589538574218750e+02
1.239459999999999980e+02 6.400000000000000000e+02 3.329599914550781250e+02
1.242819999999999965e+02 3.680000000000000000e+02 3.329543151855468750e+02
1.246189999999999998e+02 5.590000000000000000e+02 3.329549865722656250e+02
1.249560000000000031e+02 5.430000000000000000e+02 3.329529724121093750e+02
1.252930000000000064e+02 4.340000000000000000e+02 3.329627075195312500e+02
1.256290000000000049e+02 5.100000000000000000e+02 3.329577026367187500e+02
1.259650000000000034e+02 4.620000000000000000e+02 3.329556579589843750e+02
1.263020000000000067e+02 5.580000000000000000e+02 3.329583740234375000e+02
1.266380000000000052e+02 4.070000000000000000e+02 3.329635620117187500e+02
1.269740000000000038e+02 5.990000000000000000e+02 3.329568786621093750e+02
1.273110000000000070e+02 4.520000000000000000e+02 3.329613037109375000e+02
1.276470000000000056e+02 4.220000000000000000e+02 3.329590148925781250e+02
1.279830000000000041e+02 4.200000000000000000e+02 3.329602661132812500e+02
1.283189999999999884e+02 4.400000000000000000e+02 3.329565429687500000e+02
1.286560000000000059e+02 4.830000000000000000e+02 3.329597473144531250e+02
1.289919999999999902e+02 5.210000000000000000e+02 3.329558410644531250e+02
1.293280000000000030e+02 5.960000000000000000e+02 3.329557189941406250e+02
1.296649999999999920e+02 5.280000000000000000e+02 3.329531555175781250e+02
1.300010000000000048e+02 5.240000000000000000e+02 3.329545593261718750e+02
1.303369999999999891e+02 4.040000000000000000e+02 3.329541320800781250e+02
1.306740000000000066e+02 3.410000000000000000e+02 3.329562072753906250e+02
1.310099999999999909e+02 4.510000000000000000e+02 3.329557800292968750e+02
1.313470000000000084e+02 3.930000000000000000e+02 3.329631958007812500e+02
1.316829999999999927e+02 3.330000000000000000e+02 3.329577941894531250e+02
1.320190000000000055e+02 4.910000000000000000e+02 3.329567871093750000e+02
1.323559999999999945e+02 2.280000000000000000e+02 3.329569091796875000e+02
1.326920000000000073e+02 5.020000000000000000e+02 3.329624633789062500e+02
1.330279999999999916e+02 4.740000000000000000e+02 3.329571228027343750e+02
1.333640000000000043e+02 5.550000000000000000e+02 3.329583129882812500e+02
1.337009999999999934e+02 4.160000000000000000e+02 3.329553222656250000e+02
1.340370000000000061e+02 4.880000000000000000e+02 3.329558410644531250e+02
1.343729999999999905e+02 4.640000000000000000e+02 3.329561157226562500e+02
1.347100000000000080e+02 6.590000000000000000e+02 3.329612731933593750e+02
1.350469999999999970e+02 3.680000000000000000e+02 3.329524536132812500e+02
1.353839999999999861e+02 4.530000000000000000e+02 3.329541931152343750e+02
1.357199999999999989e+02 3.950000000000000000e+02 3.329614257812500000e+02
1.360560000000000116e+02 5.720000000000000000e+02 3.329599609375000000e+02
1.363930000000000007e+02 6.570000000000000000e+02 3.329596252441406250e+02
1.367299999999999898e+02 5.990000000000000000e+02 3.329612121582031250e+02
