1.407659999999999911e+02 5.200000000000000000e+01 1.680390014648437500e+02
1.411030000000000086e+02 8.600000000000000000e+01 1.680402526855468750e+02
1.414389999999999930e+02 4.100000000000000000e+01 1.680429534912109375e+02
1.417750000000000057e+02 3.600000000000000000e+01 1.680469512939453125e+02
1.421119999999999948e+02 6.900000000000000000e+01 1.680470581054687500e+02
1.424480000000000075e+02 6.400000000000000000e+01 1.680337371826171875e+02
1.427839999999999918e+02 6.300000000000000000e+01 1.680541687011718750e+02
1.431200000000000045e+02 3.000000000000000000e+01 1.680588226318359375e+02
1.434569999999999936e+02 3.000000000000000000e+01 1.680478363037109375e+02
1.437930000000000064e+02 3.200000000000000000e+01 1.680494689941406250e+02
1.441299999999999955e+02 3.400000000000000000e+01 1.680338134765625000e+02
1.444660000000000082e+02 4.800000000000000000e+01 1.680395965576171875e+02
1.448029999999999973e+02 7.100000000000000000e+01 1.680350341796875000e+02
1.451399999999999864e+02 3.500000000000000000e+01 1.680414428710937500e+02
1.454770000000000039e+02 1.380000000000000000e+02 1.680446777343750000e+02
1.458129999999999882e+02 1.290000000000000000e+02 1.680460968017578125e+02
1.461490000000000009e+02 6.300000000000000000e+01 1.680433959960937500e+02
1.464859999999999900e+02 1.790000000000000000e+02 1.680420074462890625e+02
1.468220000000000027e+02 2.000000000000000000e+02 1.680401306152343750e+02
1.471589999999999918e+02 1.520000000000000000e+02 1.680430297851562500e+02
1.474950000000000045e+02 2.170000000000000000e+02 1.680441741943359375e+02
1.478309999999999889e+02 1.000000000000000000e+02 1.680381317138671875e+02
1.481680000000000064e+02 3.020000000000000000e+02 1.680416259765625000e+02
1.485039999999999907e+02 7.100000000000000000e+01 1.680350341796875000e+02
1.488400000000000034e+02 1.680000000000000000e+02 1.680446929931640625e+02
1.491769999999999925e+02 1.470000000000000000e+02 1.680436248779296875e+02
1.495130000000000052e+02 2.400000000000000000e+02 1.680371704101562500e+02
1.498489999999999895e+02 1.900000000000000000e+02 1.680390930175781250e+02
1.501850000000000023e+02 2.640000000000000000e+02 1.680426788330078125e+02
1.505219999999999914e+02 2.910000000000000000e+02 1.680433349609375000e+02
1.508580000000000041e+02 2.830000000000000000e+02 1.680461883544921875e+02
1.511939999999999884e+02 3.380000000000000000e+02 1.680442810058593750e+02
1.515310000000000059e+02 3.340000000000000000e+02 1.680438995361328125e+02
1.518669999999999902e+02 3.350000000000000000e+02 1.680457763671875000e+02
1.522030000000000030e+02 3.990000000000000000e+02 1.680401763916015625e+02
1.525399999999999920e+02 6.480000000000000000e+02 1.680411987304687500e+02
1.528760000000000048e+02 3.830000000000000000e+02 1.680423889160156250e+02
1.532119999999999891e+02 3.100000000000000000e+02 1.680460815429687500e+02
1.535490000000000066e+02 4.530000000000000000e+02 1.680446014404296875e+02
1.538849999999999909e+02 4.750000000000000000e+02 1.680407867431640625e+02
1.542220000000000084e+02 3.050000000000000000e+02 1.680455627441406250e+02
1.545579999999999927e+02 2.710000000000000000e+02 1.680440673828125000e+02
1.548940000000000055e+02 3.750000000000000000e+02 1.680412292480468750e+02
1.552319999999999993e+02 5.090000000000000000e+02 1.680434265136718750e+02
1.555689999999999884e+02 2.470000000000000000e+02 1.680476074218750000e+02
1.559050000000000011e+02 3.230000000000000000e+02 1.680445556640625000e+02
1.562410000000000139e+02 4.000000000000000000e+02 1.680452728271484375e+02
1.565769999999999982e+02 5.010000000000000000e+02 1.680409240722656250e+02
1.569139999999999873e+02 5.050000000000000000e+02 1.680452575683593750e+02
1.572500000000000000e+02 3.940000000000000000e+02 1.680422210693359375e+02
1.575860000000000127e+02 3.730000000000000000e+02 1.680444793701171875e+02
1.579230000000000018e+02 3.160000000000000000e+02 1.680395965576171875e+02
1.582589999999999861e+02 4.020000000000000000e+02 1.680439758300781250e+02
1.585949999999999989e+02 3.010000000000000000e+02 1.680426483154296875e+02
1.589319999999999879e+02 2.770000000000000000e+02 1.680452575683593750e+02
1.592680000000000007e+02 3.210000000000000000e+02 1.680435638427734375e+02
1.596040000000000134e+02 4.240000000000000000e+02 1.680466003417968750e+02
1.599399999999999977e+02 3.940000000000000000e+02 1.680439605712890625e+02
1.602769999999999868e+02 3.880000000000000000e+02 1.680458984375000000e+02
1.606129999999999995e+02 4.730000000000000000e+02 1.680425262451171875e+02
1.609490000000000123e+02 4.060000000000000000e+02 1.680441131591796875e+02
1.612860000000000014e+02 3.260000000000000000e+02 1.680422821044921875e+02
1.616220000000000141e+02 3.310000000000000000e+02 1.680414886474609375e+02
1.619590000000000032e+02 2.330000000000000000e+02 1.680375061035156250e+02
1.622949999999999875e+02 2.800000000000000000e+02 1.680421142578125000e+02
1.626320000000000050e+02 4.910000000000000000e+02 1.680492095947265625e+02
1.629679999999999893e+02 2.520000000000000000e+02 1.680414886474609375e+02
1.633040000000000020e+02 1.830000000000000000e+02 1.680405426025390625e+02
1.636409999999999911e+02 3.120000000000000000e+02 1.680450134277343750e+02
1.639770000000000039e+02 1.500000000000000000e+02 1.680409545898437500e+02
1.643129999999999882e+02 2.410000000000000000e+02 1.680426177978515625e+02
1.646500000000000057e+02 6.400000000000000000e+01 1.680308227539062500e+02
1.649859999999999900e+02 8.400000000000000000e+01 1.680458374023437500e+02
1.653240000000000123e+02 2.420000000000000000e+02 1.680386657714843750e+02
1.656599999999999966e+02 1.260000000000000000e+02 1.680449981689453125e+02
1.659960000000000093e+02 6.100000000000000000e+01 1.680463562011718750e+02
1.663329999999999984e+02 8.200000000000000000e+01 1.680478363037109375e+02
1.666690000000000111e+02 8.800000000000000000e+01 1.680447540283203125e+02
1.670049999999999955e+02 1.640000000000000000e+02 1.680409240722656250e+02
