3.043299999999999983e+01 1.600000000000000000e+02 6.080611572265625000e+02
3.076899999999999835e+01 2.690000000000000000e+02 6.080643920898437500e+02
3.110500000000000043e+01 6.320000000000000000e+02 6.080573120117187500e+02
3.144099999999999895e+01 4.850000000000000000e+02 6.080650634765625000e+02
3.177799999999999869e+01 6.300000000000000000e+02 6.080541992187500000e+02
3.211399999999999721e+01 4.790000000000000000e+02 6.080579833984375000e+02
3.245000000000000284e+01 5.040000000000000000e+02 6.080538330078125000e+02
3.278699999999999903e+01 2.090000000000000000e+02 6.080683593750000000e+02
3.312299999999999756e+01 4.130000000000000000e+02 6.080614013671875000e+02
3.345900000000000318e+01 1.910000000000000000e+02 6.080700073242187500e+02
3.379599999999999937e+01 2.520000000000000000e+02 6.080465087890625000e+02
3.413300000000000267e+01 1.190000000000000000e+02 6.080614624023437500e+02
3.446999999999999886e+01 1.340000000000000000e+02 6.080766601562500000e+02
3.480599999999999739e+01 6.700000000000000000e+01 6.080504150390625000e+02
3.514200000000000301e+01 5.900000000000000000e+01 6.080626831054687500e+02
3.547899999999999920e+01 9.000000000000000000e+01 6.080733032226562500e+02
3.581499999999999773e+01 8.500000000000000000e+01 6.080557250976562500e+02
