6.777179999999999893e+01 1.910000000000000000e+02 3.261407470703125000e+02
6.810779999999999745e+01 1.240000000000000000e+02 3.261551818847656250e+02
6.844499999999999318e+01 1.800000000000000000e+02 3.261400146484375000e+02
6.878100000000000591e+01 2.410000000000000000e+02 3.261406250000000000e+02
6.911700000000000443e+01 1.890000000000000000e+02 3.261476745605468750e+02
6.945420000000000016e+01 1.330000000000000000e+02 3.261329040527343750e+02
6.979019999999999868e+01 8.000000000000000000e+01 3.261552734375000000e+02
7.012619999999999720e+01 2.140000000000000000e+02 3.261484680175781250e+02
7.046280000000000143e+01 2.240000000000000000e+02 3.261550598144531250e+02
7.079879999999999995e+01 2.080000000000000000e+02 3.261482543945312500e+02
7.113479999999999848e+01 2.990000000000000000e+02 3.261478881835937500e+02
7.147079999999999700e+01 2.580000000000000000e+02 3.261537475585937500e+02
7.180800000000000693e+01 2.180000000000000000e+02 3.261486511230468750e+02
7.214400000000000546e+01 2.300000000000000000e+02 3.261459045410156250e+02
7.248000000000000398e+01 3.280000000000000000e+02 3.261548156738281250e+02
7.281719999999999970e+01 2.230000000000000000e+02 3.261442260742187500e+02
7.315319999999999823e+01 2.600000000000000000e+02 3.261544189453125000e+02
7.348919999999999675e+01 2.910000000000000000e+02 3.261551208496093750e+02
7.382580000000000098e+01 2.810000000000000000e+02 3.261502380371093750e+02
7.416179999999999950e+01 2.920000000000000000e+02 3.261561279296875000e+02
7.450020000000000664e+01 3.260000000000000000e+02 3.261621704101562500e+02
7.483620000000000516e+01 3.060000000000000000e+02 3.261504516601562500e+02
7.517220000000000368e+01 4.190000000000000000e+02 3.261529541015625000e+02
7.550879999999999370e+01 2.590000000000000000e+02 3.261564025878906250e+02
7.584480000000000643e+01 2.650000000000000000e+02 3.261524963378906250e+02
7.618080000000000496e+01 3.180000000000000000e+02 3.261471252441406250e+02
7.651800000000000068e+01 3.040000000000000000e+02 3.261469726562500000e+02
7.685399999999999920e+01 3.250000000000000000e+02 3.261531677246093750e+02
7.718999999999999773e+01 4.080000000000000000e+02 3.261568603515625000e+02
7.752599999999999625e+01 3.280000000000000000e+02 3.261638793945312500e+02
7.786320000000000618e+01 2.770000000000000000e+02 3.261533508300781250e+02
7.819920000000000471e+01 4.420000000000000000e+02 3.261498413085937500e+02
7.853520000000000323e+01 3.490000000000000000e+02 3.261530456542968750e+02
7.887179999999999325e+01 4.430000000000000000e+02 3.261484680175781250e+02
7.920780000000000598e+01 4.760000000000000000e+02 3.261467895507812500e+02
7.954380000000000450e+01 4.400000000000000000e+02 3.261477355957031250e+02
7.988100000000000023e+01 3.950000000000000000e+02 3.261486511230468750e+02
8.021699999999999875e+01 4.880000000000000000e+02 3.261531066894531250e+02
8.055299999999999727e+01 4.120000000000000000e+02 3.261548767089843750e+02
8.088899999999999579e+01 5.140000000000000000e+02 3.261522521972656250e+02
8.122620000000000573e+01 4.860000000000000000e+02 3.261532592773437500e+02
8.156220000000000425e+01 4.050000000000000000e+02 3.261501770019531250e+02
8.189820000000000277e+01 4.380000000000000000e+02 3.261548461914062500e+02
8.223480000000000700e+01 3.350000000000000000e+02 3.261540832519531250e+02
8.257080000000000553e+01 6.080000000000000000e+02 3.261488647460937500e+02
8.290680000000000405e+01 5.420000000000000000e+02 3.261518249511718750e+02
8.324399999999999977e+01 4.780000000000000000e+02 3.261518859863281250e+02
8.358119999999999550e+01 5.480000000000000000e+02 3.261543884277343750e+02
8.391719999999999402e+01 3.690000000000000000e+02 3.261477050781250000e+02
8.425320000000000675e+01 4.310000000000000000e+02 3.261531372070312500e+02
8.459099999999999397e+01 3.410000000000000000e+02 3.261460571289062500e+02
8.492820000000000391e+01 5.870000000000000000e+02 3.261481018066406250e+02
8.526420000000000243e+01 4.790000000000000000e+02 3.261485290527343750e+02
8.560020000000000095e+01 4.240000000000000000e+02 3.261530456542968750e+02
8.593619999999999948e+01 3.460000000000000000e+02 3.261517944335937500e+02
8.627280000000000371e+01 4.190000000000000000e+02 3.261580810546875000e+02
8.660880000000000223e+01 4.370000000000000000e+02 3.261558532714843750e+02
8.694480000000000075e+01 3.130000000000000000e+02 3.261568908691406250e+02
8.728199999999999648e+01 1.970000000000000000e+02 3.261558532714843750e+02
8.761799999999999500e+01 2.580000000000000000e+02 3.261537170410156250e+02
8.795399999999999352e+01 3.480000000000000000e+02 3.261495971679687500e+02
8.829120000000000346e+01 2.480000000000000000e+02 3.261547241210937500e+02
8.862720000000000198e+01 2.010000000000000000e+02 3.261549377441406250e+02
8.896320000000000050e+01 1.880000000000000000e+02 3.261497802734375000e+02
8.929919999999999902e+01 2.400000000000000000e+02 3.261499633789062500e+02
8.963580000000000325e+01 1.480000000000000000e+02 3.261538085937500000e+02
8.997180000000000177e+01 2.430000000000000000e+02 3.261509399414062500e+02
9.030780000000000030e+01 8.700000000000000000e+01 3.261357727050781250e+02
9.064499999999999602e+01 2.380000000000000000e+02 3.261560668945312500e+02
9.098099999999999454e+01 1.990000000000000000e+02 3.261545715332031250e+02
9.131699999999999307e+01 1.190000000000000000e+02 3.261394348144531250e+02
9.165420000000000300e+01 1.090000000000000000e+02 3.261592102050781250e+02
