3.816220000000000141e+02 9.300000000000000000e+01 2.741442260742187500e+02
3.819580000000000268e+02 1.250000000000000000e+02 2.741173706054687500e+02
3.822950000000000159e+02 1.270000000000000000e+02 2.741169738769531250e+02
3.826320000000000050e+02 1.580000000000000000e+02 2.741224670410156250e+02
3.829680000000000177e+02 3.540000000000000000e+02 2.741281127929687500e+02
3.833039999999999736e+02 4.570000000000000000e+02 2.741244201660156250e+02
3.836399999999999864e+02 3.360000000000000000e+02 2.741243591308593750e+02
3.839769999999999754e+02 4.830000000000000000e+02 2.741210327148437500e+02
3.843129999999999882e+02 5.090000000000000000e+02 2.741232604980468750e+02
3.846490000000000009e+02 5.310000000000000000e+02 2.741218566894531250e+02
3.849859999999999900e+02 5.890000000000000000e+02 2.741248168945312500e+02
3.853220000000000027e+02 4.490000000000000000e+02 2.741210327148437500e+02
3.856580000000000155e+02 4.210000000000000000e+02 2.741264038085937500e+02
3.859950000000000045e+02 2.680000000000000000e+02 2.741231689453125000e+02
3.863310000000000173e+02 3.000000000000000000e+02 2.741273803710937500e+02
3.866669999999999732e+02 2.090000000000000000e+02 2.741262512207031250e+02
3.870040000000000191e+02 1.740000000000000000e+02 2.741328125000000000e+02
3.873419999999999845e+02 1.600000000000000000e+02 2.741237182617187500e+02
3.876779999999999973e+02 1.090000000000000000e+02 2.741276855468750000e+02
3.880149999999999864e+02 1.150000000000000000e+02 2.741175231933593750e+02
3.883509999999999991e+02 5.500000000000000000e+01 2.741158752441406250e+02
3.886870000000000118e+02 8.000000000000000000e+01 2.741152038574218750e+02
3.890240000000000009e+02 4.100000000000000000e+01 2.741227416992187500e+02
3.893600000000000136e+02 5.500000000000000000e+01 2.741227416992187500e+02
3.896960000000000264e+02 8.100000000000000000e+01 2.741287536621093750e+02
3.900330000000000155e+02 7.300000000000000000e+01 2.741151428222656250e+02
