4.240079999999999814e+02 7.900000000000000000e+01 2.015188903808593750e+02
4.243439999999999941e+02 7.500000000000000000e+01 2.015295562744140625e+02
4.246800000000000068e+02 5.000000000000000000e+01 2.015208892822265625e+02
4.250169999999999959e+02 2.220000000000000000e+02 2.015270385742187500e+02
4.253530000000000086e+02 2.630000000000000000e+02 2.015271301269531250e+02
4.256890000000000214e+02 3.750000000000000000e+02 2.015237579345703125e+02
4.260260000000000105e+02 5.040000000000000000e+02 2.015238494873046875e+02
4.263620000000000232e+02 2.890000000000000000e+02 2.015202484130859375e+02
4.266979999999999791e+02 5.320000000000000000e+02 2.015272674560546875e+02
4.270339999999999918e+02 5.710000000000000000e+02 2.015243072509765625e+02
4.273709999999999809e+02 3.550000000000000000e+02 2.015223541259765625e+02
4.277090000000000032e+02 4.100000000000000000e+02 2.015231628417968750e+02
4.280450000000000159e+02 2.300000000000000000e+02 2.015254058837890625e+02
4.283809999999999718e+02 2.620000000000000000e+02 2.015208435058593750e+02
4.287180000000000177e+02 2.460000000000000000e+02 2.015245819091796875e+02
4.290539999999999736e+02 2.010000000000000000e+02 2.015260162353515625e+02
4.293910000000000196e+02 1.310000000000000000e+02 2.015333099365234375e+02
4.297269999999999754e+02 6.000000000000000000e+01 2.015235900878906250e+02
4.300629999999999882e+02 1.710000000000000000e+02 2.015201873779296875e+02
4.303999999999999773e+02 1.140000000000000000e+02 2.015230712890625000e+02
4.307359999999999900e+02 5.000000000000000000e+01 2.015207977294921875e+02
4.310720000000000027e+02 4.800000000000000000e+01 2.015250701904296875e+02
4.314089999999999918e+02 3.800000000000000000e+01 2.015239105224609375e+02
4.317450000000000045e+02 3.100000000000000000e+01 2.015198211669921875e+02
