6.070680000000000121e+01 8.500000000000000000e+01 1.680401763916015625e+02
6.104399999999999693e+01 2.320000000000000000e+02 1.680424652099609375e+02
6.138000000000000256e+01 1.420000000000000000e+02 1.680386505126953125e+02
6.171600000000000108e+01 5.000000000000000000e+01 1.680308532714843750e+02
6.205319999999999681e+01 1.810000000000000000e+02 1.680455474853515625e+02
6.238920000000000243e+01 1.470000000000000000e+02 1.680460052490234375e+02
6.272520000000000095e+01 1.320000000000000000e+02 1.680390014648437500e+02
6.306119999999999948e+01 1.130000000000000000e+02 1.680548400878906250e+02
6.339779999999999660e+01 1.010000000000000000e+02 1.680503234863281250e+02
6.373380000000000223e+01 1.540000000000000000e+02 1.680424804687500000e+02
6.407099999999999795e+01 1.560000000000000000e+02 1.680410919189453125e+02
6.440879999999999939e+01 1.530000000000000000e+02 1.680502014160156250e+02
6.474479999999999791e+01 2.020000000000000000e+02 1.680406341552734375e+02
6.508079999999999643e+01 1.230000000000000000e+02 1.680433502197265625e+02
6.541679999999999495e+01 2.550000000000000000e+02 1.680394897460937500e+02
6.575400000000000489e+01 4.800000000000000000e+01 1.680411987304687500e+02
6.609000000000000341e+01 1.060000000000000000e+02 1.680366516113281250e+02
6.642600000000000193e+01 8.200000000000000000e+01 1.680435180664062500e+02
6.676319999999999766e+01 2.100000000000000000e+01 1.680484161376953125e+02
6.709919999999999618e+01 1.750000000000000000e+02 1.680404663085937500e+02
6.743580000000000041e+01 8.700000000000000000e+01 1.680356750488281250e+02
6.777179999999999893e+01 1.440000000000000000e+02 1.680460357666015625e+02
6.810779999999999745e+01 2.030000000000000000e+02 1.680437164306640625e+02
6.844499999999999318e+01 6.300000000000000000e+01 1.680478668212890625e+02
6.878100000000000591e+01 8.900000000000000000e+01 1.680412597656250000e+02
6.911700000000000443e+01 9.700000000000000000e+01 1.680431365966796875e+02
6.945420000000000016e+01 1.180000000000000000e+02 1.680446472167968750e+02
6.979019999999999868e+01 2.490000000000000000e+02 1.680460052490234375e+02
7.012619999999999720e+01 1.500000000000000000e+02 1.680437164306640625e+02
7.046280000000000143e+01 2.120000000000000000e+02 1.680376892089843750e+02
7.079879999999999995e+01 1.700000000000000000e+02 1.680458221435546875e+02
7.113479999999999848e+01 2.040000000000000000e+02 1.680440368652343750e+02
7.147079999999999700e+01 2.930000000000000000e+02 1.680423431396484375e+02
7.180800000000000693e+01 2.320000000000000000e+02 1.680388488769531250e+02
7.214400000000000546e+01 1.570000000000000000e+02 1.680461120605468750e+02
7.248000000000000398e+01 2.210000000000000000e+02 1.680418395996093750e+02
7.281719999999999970e+01 3.980000000000000000e+02 1.680401153564453125e+02
7.315319999999999823e+01 2.200000000000000000e+02 1.680445556640625000e+02
7.348919999999999675e+01 2.900000000000000000e+02 1.680420074462890625e+02
7.382580000000000098e+01 1.860000000000000000e+02 1.680452117919921875e+02
7.416179999999999950e+01 3.770000000000000000e+02 1.680419921875000000e+02
7.450020000000000664e+01 2.930000000000000000e+02 1.680440063476562500e+02
7.483620000000000516e+01 3.620000000000000000e+02 1.680402679443359375e+02
7.517220000000000368e+01 2.610000000000000000e+02 1.680448455810546875e+02
7.550879999999999370e+01 5.680000000000000000e+02 1.680402526855468750e+02
7.584480000000000643e+01 3.120000000000000000e+02 1.680429840087890625e+02
7.618080000000000496e+01 2.310000000000000000e+02 1.680429840087890625e+02
7.651800000000000068e+01 2.970000000000000000e+02 1.680419006347656250e+02
7.685399999999999920e+01 3.390000000000000000e+02 1.680442810058593750e+02
7.718999999999999773e+01 2.820000000000000000e+02 1.680395355224609375e+02
7.752599999999999625e+01 3.460000000000000000e+02 1.680433349609375000e+02
7.786320000000000618e+01 2.130000000000000000e+02 1.680445861816406250e+02
7.819920000000000471e+01 3.230000000000000000e+02 1.680399780273437500e+02
7.853520000000000323e+01 1.760000000000000000e+02 1.680454254150390625e+02
7.887179999999999325e+01 1.450000000000000000e+02 1.680479278564453125e+02
7.920780000000000598e+01 5.520000000000000000e+02 1.680419921875000000e+02
7.954380000000000450e+01 1.210000000000000000e+02 1.680445556640625000e+02
7.988100000000000023e+01 1.630000000000000000e+02 1.680409698486328125e+02
8.021699999999999875e+01 2.560000000000000000e+02 1.680415954589843750e+02
8.055299999999999727e+01 2.840000000000000000e+02 1.680423278808593750e+02
8.088899999999999579e+01 2.260000000000000000e+02 1.680399932861328125e+02
8.122620000000000573e+01 1.430000000000000000e+02 1.680411071777343750e+02
8.156220000000000425e+01 9.300000000000000000e+01 1.680380401611328125e+02
8.189820000000000277e+01 2.110000000000000000e+02 1.680410156250000000e+02
8.223480000000000700e+01 4.150000000000000000e+02 1.680435638427734375e+02
8.257080000000000553e+01 3.280000000000000000e+02 1.680414886474609375e+02
8.290680000000000405e+01 3.970000000000000000e+02 1.680378265380859375e+02
8.324399999999999977e+01 2.070000000000000000e+02 1.680437164306640625e+02
8.358119999999999550e+01 3.490000000000000000e+02 1.680425872802734375e+02
8.391719999999999402e+01 2.530000000000000000e+02 1.680453948974609375e+02
8.425320000000000675e+01 2.130000000000000000e+02 1.680432128906250000e+02
8.459099999999999397e+01 2.430000000000000000e+02 1.680449676513671875e+02
8.492820000000000391e+01 1.730000000000000000e+02 1.680431518554687500e+02
8.526420000000000243e+01 2.800000000000000000e+02 1.680422668457031250e+02
8.560020000000000095e+01 2.090000000000000000e+02 1.680430603027343750e+02
8.593619999999999948e+01 2.540000000000000000e+02 1.680366973876953125e+02
8.627280000000000371e+01 8.600000000000000000e+01 1.680483703613281250e+02
8.660880000000000223e+01 2.040000000000000000e+02 1.680449676513671875e+02
8.694480000000000075e+01 8.100000000000000000e+01 1.680496368408203125e+02
8.728199999999999648e+01 1.440000000000000000e+02 1.680479583740234375e+02
8.761799999999999500e+01 1.780000000000000000e+02 1.680450592041015625e+02
8.795399999999999352e+01 2.330000000000000000e+02 1.680446472167968750e+02
8.829120000000000346e+01 1.010000000000000000e+02 1.680445404052734375e+02
8.862720000000000198e+01 2.050000000000000000e+02 1.680449218750000000e+02
8.896320000000000050e+01 1.920000000000000000e+02 1.680396728515625000e+02
8.929919999999999902e+01 2.330000000000000000e+02 1.680464477539062500e+02
8.963580000000000325e+01 1.670000000000000000e+02 1.680456085205078125e+02
8.997180000000000177e+01 2.250000000000000000e+02 1.680473175048828125e+02
