3.775860000000000127e+02 3.030000000000000000e+02 3.671977539062500000e+02
3.779220000000000255e+02 2.330000000000000000e+02 3.671979370117187500e+02
3.782590000000000146e+02 1.890000000000000000e+02 3.671846313476562500e+02
3.785950000000000273e+02 3.020000000000000000e+02 3.671968688964843750e+02
3.789309999999999832e+02 1.740000000000000000e+02 3.671817932128906250e+02
3.792669999999999959e+02 3.500000000000000000e+02 3.672001037597656250e+02
3.796039999999999850e+02 2.960000000000000000e+02 3.671897277832031250e+02
3.799399999999999977e+02 3.080000000000000000e+02 3.671978454589843750e+02
3.802760000000000105e+02 4.240000000000000000e+02 3.671936340332031250e+02
3.806129999999999995e+02 3.550000000000000000e+02 3.672007446289062500e+02
3.809490000000000123e+02 4.490000000000000000e+02 3.672062683105468750e+02
3.812850000000000250e+02 4.240000000000000000e+02 3.671998291015625000e+02
3.816220000000000141e+02 5.140000000000000000e+02 3.672034912109375000e+02
3.819580000000000268e+02 4.780000000000000000e+02 3.671956787109375000e+02
3.822950000000000159e+02 5.140000000000000000e+02 3.672014770507812500e+02
3.826320000000000050e+02 4.800000000000000000e+02 3.672067565917968750e+02
3.829680000000000177e+02 5.510000000000000000e+02 3.671911010742187500e+02
3.833039999999999736e+02 5.110000000000000000e+02 3.671979370117187500e+02
3.836399999999999864e+02 5.490000000000000000e+02 3.671935729980468750e+02
3.839769999999999754e+02 4.690000000000000000e+02 3.671956787109375000e+02
3.843129999999999882e+02 4.730000000000000000e+02 3.671979370117187500e+02
3.846490000000000009e+02 3.680000000000000000e+02 3.672074584960937500e+02
3.849859999999999900e+02 4.430000000000000000e+02 3.672022705078125000e+02
3.853220000000000027e+02 5.090000000000000000e+02 3.672055664062500000e+02
3.856580000000000155e+02 4.390000000000000000e+02 3.672021484375000000e+02
3.859950000000000045e+02 4.860000000000000000e+02 3.672097778320312500e+02
3.863310000000000173e+02 4.140000000000000000e+02 3.672087402343750000e+02
3.866669999999999732e+02 3.580000000000000000e+02 3.671972045898437500e+02
3.870040000000000191e+02 4.180000000000000000e+02 3.672088928222656250e+02
3.873419999999999845e+02 3.440000000000000000e+02 3.671971435546875000e+02
3.876779999999999973e+02 3.010000000000000000e+02 3.671981201171875000e+02
3.880149999999999864e+02 3.050000000000000000e+02 3.672000732421875000e+02
3.883509999999999991e+02 1.510000000000000000e+02 3.672025451660156250e+02
