7.147079999999999700e+01 4.800000000000000000e+01 1.800702056884765625e+02
7.180800000000000693e+01 1.120000000000000000e+02 1.800574493408203125e+02
7.214400000000000546e+01 1.170000000000000000e+02 1.800674133300781250e+02
7.248000000000000398e+01 8.300000000000000000e+01 1.800686340332031250e+02
7.281719999999999970e+01 1.460000000000000000e+02 1.800576477050781250e+02
7.315319999999999823e+01 1.470000000000000000e+02 1.800629425048828125e+02
7.348919999999999675e+01 2.000000000000000000e+02 1.800700531005859375e+02
7.382580000000000098e+01 2.160000000000000000e+02 1.800625457763671875e+02
7.416179999999999950e+01 3.120000000000000000e+02 1.800614929199218750e+02
7.450020000000000664e+01 3.210000000000000000e+02 1.800632781982421875e+02
7.483620000000000516e+01 3.350000000000000000e+02 1.800634613037109375e+02
7.517220000000000368e+01 3.610000000000000000e+02 1.800668487548828125e+02
7.550879999999999370e+01 3.230000000000000000e+02 1.800601501464843750e+02
7.584480000000000643e+01 4.310000000000000000e+02 1.800603027343750000e+02
7.618080000000000496e+01 3.800000000000000000e+02 1.800628356933593750e+02
7.651800000000000068e+01 4.310000000000000000e+02 1.800643768310546875e+02
7.685399999999999920e+01 5.420000000000000000e+02 1.800618591308593750e+02
7.718999999999999773e+01 3.100000000000000000e+02 1.800632171630859375e+02
7.752599999999999625e+01 2.830000000000000000e+02 1.800613861083984375e+02
7.786320000000000618e+01 3.850000000000000000e+02 1.800614471435546875e+02
7.819920000000000471e+01 3.250000000000000000e+02 1.800649566650390625e+02
7.853520000000000323e+01 3.710000000000000000e+02 1.800619201660156250e+02
7.887179999999999325e+01 3.560000000000000000e+02 1.800658416748046875e+02
7.920780000000000598e+01 3.190000000000000000e+02 1.800623779296875000e+02
7.954380000000000450e+01 3.750000000000000000e+02 1.800627593994140625e+02
7.988100000000000023e+01 4.120000000000000000e+02 1.800576324462890625e+02
8.021699999999999875e+01 3.260000000000000000e+02 1.800622406005859375e+02
8.055299999999999727e+01 3.920000000000000000e+02 1.800630798339843750e+02
8.088899999999999579e+01 4.580000000000000000e+02 1.800621337890625000e+02
8.122620000000000573e+01 3.780000000000000000e+02 1.800619354248046875e+02
8.156220000000000425e+01 3.690000000000000000e+02 1.800630950927734375e+02
8.189820000000000277e+01 1.750000000000000000e+02 1.800645904541015625e+02
8.223480000000000700e+01 2.420000000000000000e+02 1.800623931884765625e+02
8.257080000000000553e+01 2.160000000000000000e+02 1.800621948242187500e+02
8.290680000000000405e+01 2.560000000000000000e+02 1.800619201660156250e+02
8.324399999999999977e+01 1.580000000000000000e+02 1.800550384521484375e+02
8.358119999999999550e+01 2.480000000000000000e+02 1.800644683837890625e+02
8.391719999999999402e+01 1.570000000000000000e+02 1.800641326904296875e+02
8.425320000000000675e+01 9.900000000000000000e+01 1.800586395263671875e+02
8.459099999999999397e+01 7.900000000000000000e+01 1.800624542236328125e+02
8.492820000000000391e+01 1.800000000000000000e+02 1.800597534179687500e+02
