1.612860000000000014e+02 1.970000000000000000e+02 4.011013793945312500e+02
1.616220000000000141e+02 1.460000000000000000e+02 4.011033020019531250e+02
1.619590000000000032e+02 2.020000000000000000e+02 4.010932922363281250e+02
1.622949999999999875e+02 3.100000000000000000e+02 4.011005249023437500e+02
1.626320000000000050e+02 1.870000000000000000e+02 4.010950012207031250e+02
1.629679999999999893e+02 4.180000000000000000e+02 4.010834655761718750e+02
1.633040000000000020e+02 3.740000000000000000e+02 4.010962524414062500e+02
1.636409999999999911e+02 3.980000000000000000e+02 4.010887451171875000e+02
1.639770000000000039e+02 4.850000000000000000e+02 4.010912170410156250e+02
1.643129999999999882e+02 3.520000000000000000e+02 4.010876770019531250e+02
1.646500000000000057e+02 4.750000000000000000e+02 4.010917358398437500e+02
1.649859999999999900e+02 5.400000000000000000e+02 4.010922851562500000e+02
1.653240000000000123e+02 3.410000000000000000e+02 4.010822753906250000e+02
1.656599999999999966e+02 4.340000000000000000e+02 4.010876464843750000e+02
1.659960000000000093e+02 4.390000000000000000e+02 4.010908813476562500e+02
1.663329999999999984e+02 5.390000000000000000e+02 4.010871887207031250e+02
1.666690000000000111e+02 4.470000000000000000e+02 4.010944213867187500e+02
1.670049999999999955e+02 3.940000000000000000e+02 4.010896911621093750e+02
1.673420000000000130e+02 4.750000000000000000e+02 4.010941162109375000e+02
1.676779999999999973e+02 3.880000000000000000e+02 4.010863342285156250e+02
1.680140000000000100e+02 3.750000000000000000e+02 4.011043090820312500e+02
1.683499999999999943e+02 4.200000000000000000e+02 4.010876770019531250e+02
1.686870000000000118e+02 3.250000000000000000e+02 4.010915527343750000e+02
1.690229999999999961e+02 3.630000000000000000e+02 4.010943603515625000e+02
1.693590000000000089e+02 5.220000000000000000e+02 4.010903625488281250e+02
1.696959999999999980e+02 3.050000000000000000e+02 4.010879516601562500e+02
1.700320000000000107e+02 4.780000000000000000e+02 4.010952758789062500e+02
1.703679999999999950e+02 3.940000000000000000e+02 4.010888671875000000e+02
1.707050000000000125e+02 1.870000000000000000e+02 4.010874938964843750e+02
1.710409999999999968e+02 3.110000000000000000e+02 4.010799560546875000e+02
1.713770000000000095e+02 3.720000000000000000e+02 4.010836181640625000e+02
1.717139999999999986e+02 2.590000000000000000e+02 4.010933532714843750e+02
1.720500000000000114e+02 2.680000000000000000e+02 4.011019592285156250e+02
1.723859999999999957e+02 1.770000000000000000e+02 4.010940856933593750e+02
1.727220000000000084e+02 2.080000000000000000e+02 4.010837097167968750e+02
1.730589999999999975e+02 1.020000000000000000e+02 4.010787963867187500e+02
1.733950000000000102e+02 1.590000000000000000e+02 4.010848693847656250e+02
1.737309999999999945e+02 8.200000000000000000e+01 4.010900573730468750e+02
1.740680000000000121e+02 6.600000000000000000e+01 4.010789184570312500e+02
1.744039999999999964e+02 1.240000000000000000e+02 4.010760803222656250e+02
