3.634560000000000173e+02 1.120000000000000000e+02 2.751288757324218750e+02
3.637930000000000064e+02 1.430000000000000000e+02 2.751402282714843750e+02
3.641290000000000191e+02 1.350000000000000000e+02 2.751273803710937500e+02
3.644649999999999750e+02 1.590000000000000000e+02 2.751343078613281250e+02
3.648020000000000209e+02 1.000000000000000000e+02 2.751336059570312500e+02
3.651379999999999768e+02 1.000000000000000000e+02 2.751392211914062500e+02
3.654739999999999895e+02 1.300000000000000000e+02 2.751353759765625000e+02
3.658109999999999786e+02 1.200000000000000000e+02 2.751308288574218750e+02
3.661469999999999914e+02 1.700000000000000000e+02 2.751370849609375000e+02
3.664839999999999804e+02 1.960000000000000000e+02 2.751257629394531250e+02
3.668199999999999932e+02 2.930000000000000000e+02 2.751165161132812500e+02
3.671589999999999918e+02 2.790000000000000000e+02 2.751188964843750000e+02
3.674950000000000045e+02 2.850000000000000000e+02 2.751335144042968750e+02
3.678319999999999936e+02 3.540000000000000000e+02 2.751227722167968750e+02
3.681680000000000064e+02 3.230000000000000000e+02 2.751183471679687500e+02
3.685040000000000191e+02 2.750000000000000000e+02 2.751291198730468750e+02
3.688399999999999750e+02 4.880000000000000000e+02 2.751221618652343750e+02
3.691770000000000209e+02 2.360000000000000000e+02 2.751341857910156250e+02
3.695129999999999768e+02 3.690000000000000000e+02 2.751261291503906250e+02
3.698489999999999895e+02 1.330000000000000000e+02 2.751330566406250000e+02
3.701859999999999786e+02 1.140000000000000000e+02 2.751315307617187500e+02
3.705219999999999914e+02 1.280000000000000000e+02 2.751309814453125000e+02
3.708580000000000041e+02 1.360000000000000000e+02 2.751354064941406250e+02
3.711949999999999932e+02 1.790000000000000000e+02 2.751311645507812500e+02
3.715310000000000059e+02 1.480000000000000000e+02 2.751207275390625000e+02
3.718670000000000186e+02 2.760000000000000000e+02 2.751251525878906250e+02
3.722040000000000077e+02 1.550000000000000000e+02 2.751247253417968750e+02
3.725400000000000205e+02 8.000000000000000000e+01 2.751135559082031250e+02
