4.246800000000000068e+02 8.500000000000000000e+01 3.819857788085937500e+02
4.250169999999999959e+02 1.870000000000000000e+02 3.819942016601562500e+02
4.253530000000000086e+02 2.270000000000000000e+02 3.820089721679687500e+02
4.256890000000000214e+02 2.850000000000000000e+02 3.819944763183593750e+02
4.260260000000000105e+02 1.730000000000000000e+02 3.819995727539062500e+02
4.263620000000000232e+02 4.870000000000000000e+02 3.819902954101562500e+02
4.266979999999999791e+02 4.080000000000000000e+02 3.819974060058593750e+02
4.270339999999999918e+02 2.760000000000000000e+02 3.819972229003906250e+02
4.273709999999999809e+02 3.260000000000000000e+02 3.820012512207031250e+02
4.277090000000000032e+02 2.470000000000000000e+02 3.819978332519531250e+02
4.280450000000000159e+02 2.320000000000000000e+02 3.819975585937500000e+02
4.283809999999999718e+02 1.910000000000000000e+02 3.819975891113281250e+02
4.287180000000000177e+02 2.370000000000000000e+02 3.819989929199218750e+02
4.290539999999999736e+02 1.270000000000000000e+02 3.819993591308593750e+02
4.293910000000000196e+02 1.690000000000000000e+02 3.820007324218750000e+02
4.297269999999999754e+02 1.360000000000000000e+02 3.819957275390625000e+02
4.300629999999999882e+02 4.200000000000000000e+01 3.820004272460937500e+02
4.303999999999999773e+02 7.400000000000000000e+01 3.820006408691406250e+02
