3.345269999999999868e+02 2.280000000000000000e+02 3.540989379882812500e+02
3.348639999999999759e+02 3.430000000000000000e+02 3.541013183593750000e+02
3.351999999999999886e+02 2.780000000000000000e+02 3.541007995605468750e+02
3.355369999999999777e+02 2.780000000000000000e+02 3.540960998535156250e+02
3.358729999999999905e+02 2.310000000000000000e+02 3.540990905761718750e+02
3.362090000000000032e+02 2.960000000000000000e+02 3.540935974121093750e+02
3.365459999999999923e+02 4.850000000000000000e+02 3.540974426269531250e+02
3.368829999999999814e+02 1.710000000000000000e+02 3.540992736816406250e+02
3.372200000000000273e+02 3.280000000000000000e+02 3.540961914062500000e+02
3.375559999999999832e+02 2.430000000000000000e+02 3.541030578613281250e+02
3.378919999999999959e+02 2.080000000000000000e+02 3.540972595214843750e+02
3.382289999999999850e+02 3.570000000000000000e+02 3.540942993164062500e+02
3.385649999999999977e+02 3.160000000000000000e+02 3.541004638671875000e+02
3.389010000000000105e+02 2.730000000000000000e+02 3.540989685058593750e+02
3.392370000000000232e+02 3.570000000000000000e+02 3.540992736816406250e+02
3.395740000000000123e+02 2.850000000000000000e+02 3.540940856933593750e+02
3.399100000000000250e+02 1.570000000000000000e+02 3.540974426269531250e+02
3.402459999999999809e+02 2.500000000000000000e+02 3.540924377441406250e+02
3.405830000000000268e+02 3.800000000000000000e+02 3.540980834960937500e+02
3.409189999999999827e+02 2.550000000000000000e+02 3.541012878417968750e+02
3.412549999999999955e+02 2.540000000000000000e+02 3.540989379882812500e+02
3.415919999999999845e+02 1.980000000000000000e+02 3.540964050292968750e+02
3.419279999999999973e+02 1.150000000000000000e+02 3.541123046875000000e+02
3.422640000000000100e+02 2.220000000000000000e+02 3.540985717773437500e+02
3.426009999999999991e+02 1.720000000000000000e+02 3.540949096679687500e+02
