7.493220000000000027e+02 2.480000000000000000e+02 2.621429138183593750e+02
7.496580000000000155e+02 1.130000000000000000e+02 2.621554260253906250e+02
7.499940000000000282e+02 4.440000000000000000e+02 2.621435241699218750e+02
7.503300000000000409e+02 3.500000000000000000e+02 2.621440734863281250e+02
7.506660000000000537e+02 3.910000000000000000e+02 2.621451721191406250e+02
7.510019999999999527e+02 4.480000000000000000e+02 2.621481628417968750e+02
7.513379999999999654e+02 4.820000000000000000e+02 2.621534423828125000e+02
7.516739999999999782e+02 3.460000000000000000e+02 2.621452026367187500e+02
7.520099999999999909e+02 4.540000000000000000e+02 2.621427612304687500e+02
7.523460000000000036e+02 3.500000000000000000e+02 2.621446228027343750e+02
7.526820000000000164e+02 2.840000000000000000e+02 2.621376953125000000e+02
