4.250169999999999959e+02 7.100000000000000000e+01 5.970399169921875000e+02
4.253530000000000086e+02 2.150000000000000000e+02 5.970568237304687500e+02
4.256890000000000214e+02 1.990000000000000000e+02 5.970486450195312500e+02
4.260260000000000105e+02 2.520000000000000000e+02 5.970473022460937500e+02
4.263620000000000232e+02 3.790000000000000000e+02 5.970571899414062500e+02
4.266979999999999791e+02 4.210000000000000000e+02 5.970599975585937500e+02
4.270339999999999918e+02 4.250000000000000000e+02 5.970609741210937500e+02
4.273709999999999809e+02 4.780000000000000000e+02 5.970582885742187500e+02
4.277090000000000032e+02 3.660000000000000000e+02 5.970575561523437500e+02
4.280450000000000159e+02 2.480000000000000000e+02 5.970593872070312500e+02
4.283809999999999718e+02 1.480000000000000000e+02 5.970629882812500000e+02
4.287180000000000177e+02 1.230000000000000000e+02 5.970562133789062500e+02
4.290539999999999736e+02 1.420000000000000000e+02 5.970498046875000000e+02
4.293910000000000196e+02 8.400000000000000000e+01 5.970419311523437500e+02
