3.648799999999999955e+01 3.550000000000000000e+02 5.261525268554687500e+02
3.682399999999999807e+01 3.750000000000000000e+02 5.261488037109375000e+02
3.715999999999999659e+01 3.480000000000000000e+02 5.261517944335937500e+02
3.749699999999999989e+01 4.690000000000000000e+02 5.261458129882812500e+02
3.783299999999999841e+01 4.060000000000000000e+02 5.261488647460937500e+02
3.817000000000000171e+01 2.810000000000000000e+02 5.261563720703125000e+02
3.850600000000000023e+01 1.870000000000000000e+02 5.261557617187500000e+02
3.884300000000000352e+01 2.100000000000000000e+02 5.261521606445312500e+02
3.917900000000000205e+01 1.570000000000000000e+02 5.261421508789062500e+02
3.951500000000000057e+01 2.830000000000000000e+02 5.261418457031250000e+02
3.985099999999999909e+01 2.160000000000000000e+02 5.261433105468750000e+02
