8.384579999999999700e+02 1.110000000000000000e+02 2.761586914062500000e+02
8.387939999999999827e+02 1.670000000000000000e+02 2.761498413085937500e+02
8.391299999999999955e+02 2.410000000000000000e+02 2.761555786132812500e+02
8.394660000000000082e+02 3.290000000000000000e+02 2.761512756347656250e+02
8.398020000000000209e+02 2.260000000000000000e+02 2.761611633300781250e+02
8.401380000000000337e+02 2.620000000000000000e+02 2.761671752929687500e+02
8.404740000000000464e+02 4.510000000000000000e+02 2.761570434570312500e+02
8.408160000000000309e+02 2.650000000000000000e+02 2.761531677246093750e+02
8.411520000000000437e+02 3.490000000000000000e+02 2.761597900390625000e+02
8.414880000000000564e+02 4.130000000000000000e+02 2.761569213867187500e+02
8.418239999999999554e+02 2.460000000000000000e+02 2.761628417968750000e+02
8.421599999999999682e+02 2.070000000000000000e+02 2.761602478027343750e+02
8.424959999999999809e+02 2.040000000000000000e+02 2.761542358398437500e+02
8.428319999999999936e+02 1.300000000000000000e+02 2.761613769531250000e+02
