2.639600000000000080e+01 5.270000000000000000e+02 2.810610961914062500e+02
2.673199999999999932e+01 4.390000000000000000e+02 2.810570678710937500e+02
2.706899999999999906e+01 3.410000000000000000e+02 2.810544433593750000e+02
2.740500000000000114e+01 4.930000000000000000e+02 2.810538024902343750e+02
2.774099999999999966e+01 4.220000000000000000e+02 2.810588378906250000e+02
2.807799999999999940e+01 2.640000000000000000e+02 2.810522460937500000e+02
2.841400000000000148e+01 5.180000000000000000e+02 2.810616455078125000e+02
2.875100000000000122e+01 9.150000000000000000e+02 2.810634460449218750e+02
2.908699999999999974e+01 9.530000000000000000e+02 2.810617675781250000e+02
2.942399999999999949e+01 1.254000000000000000e+03 2.810634765625000000e+02
2.976000000000000156e+01 1.530000000000000000e+03 2.810649414062500000e+02
3.009600000000000009e+01 2.016000000000000000e+03 2.810660095214843750e+02
3.043299999999999983e+01 2.639000000000000000e+03 2.810630187988281250e+02
3.076899999999999835e+01 2.105000000000000000e+03 2.810650329589843750e+02
3.110500000000000043e+01 1.981000000000000000e+03 2.810644836425781250e+02
3.144099999999999895e+01 1.860000000000000000e+03 2.810625610351562500e+02
3.177799999999999869e+01 1.735000000000000000e+03 2.810650329589843750e+02
3.211399999999999721e+01 1.492000000000000000e+03 2.810640258789062500e+02
3.245000000000000284e+01 1.837000000000000000e+03 2.810639648437500000e+02
3.278699999999999903e+01 2.089000000000000000e+03 2.810647277832031250e+02
3.312299999999999756e+01 2.793000000000000000e+03 2.810654602050781250e+02
3.345900000000000318e+01 3.178000000000000000e+03 2.810642395019531250e+02
3.379599999999999937e+01 3.414000000000000000e+03 2.810651855468750000e+02
3.413300000000000267e+01 2.991000000000000000e+03 2.810646972656250000e+02
3.446999999999999886e+01 3.607000000000000000e+03 2.810659179687500000e+02
3.480599999999999739e+01 3.743000000000000000e+03 2.810635681152343750e+02
3.514200000000000301e+01 4.443000000000000000e+03 2.810638732910156250e+02
3.547899999999999920e+01 4.535000000000000000e+03 2.810649719238281250e+02
3.581499999999999773e+01 5.094000000000000000e+03 2.810645141601562500e+02
3.615100000000000335e+01 4.799000000000000000e+03 2.810623779296875000e+02
3.648799999999999955e+01 4.360000000000000000e+03 2.810626831054687500e+02
3.682399999999999807e+01 5.235000000000000000e+03 2.810646362304687500e+02
3.715999999999999659e+01 4.584000000000000000e+03 2.810628662109375000e+02
3.749699999999999989e+01 3.680000000000000000e+03 2.810635681152343750e+02
3.783299999999999841e+01 3.875000000000000000e+03 2.810639648437500000e+02
3.817000000000000171e+01 4.242000000000000000e+03 2.810648193359375000e+02
3.850600000000000023e+01 3.730000000000000000e+03 2.810634460449218750e+02
3.884300000000000352e+01 3.261000000000000000e+03 2.810642395019531250e+02
3.917900000000000205e+01 3.093000000000000000e+03 2.810646972656250000e+02
3.951500000000000057e+01 2.658000000000000000e+03 2.810645141601562500e+02
3.985099999999999909e+01 2.276000000000000000e+03 2.810646972656250000e+02
4.018800000000000239e+01 2.206000000000000000e+03 2.810637817382812500e+02
4.052400000000000091e+01 2.074000000000000000e+03 2.810620117187500000e+02
4.085999999999999943e+01 2.080000000000000000e+03 2.810629882812500000e+02
4.119700000000000273e+01 2.055000000000000000e+03 2.810631408691406250e+02
4.153300000000000125e+01 1.941000000000000000e+03 2.810645446777343750e+02
4.186899999999999977e+01 1.757000000000000000e+03 2.810665283203125000e+02
4.220600000000000307e+01 1.233000000000000000e+03 2.810646362304687500e+02
4.254200000000000159e+01 9.490000000000000000e+02 2.810628662109375000e+02
4.287800000000000011e+01 5.070000000000000000e+02 2.810638427734375000e+02
4.321500000000000341e+01 1.390000000000000000e+02 2.810678100585937500e+02
4.355100000000000193e+01 1.220000000000000000e+02 2.810738525390625000e+02
4.388700000000000045e+01 1.090000000000000000e+02 2.810786132812500000e+02
4.422500000000000142e+01 1.950000000000000000e+02 2.810764770507812500e+02
4.456099999999999994e+01 1.980000000000000000e+02 2.810728149414062500e+02
4.489800000000000324e+01 2.850000000000000000e+02 2.810727539062500000e+02
4.523400000000000176e+01 1.820000000000000000e+02 2.810632629394531250e+02
4.557000000000000028e+01 3.760000000000000000e+02 2.810657043457031250e+02
4.590599999999999881e+01 3.540000000000000000e+02 2.810646667480468750e+02
4.624300000000000210e+01 6.870000000000000000e+02 2.810614929199218750e+02
4.657900000000000063e+01 3.730000000000000000e+02 2.810654296875000000e+02
4.691499999999999915e+01 3.460000000000000000e+02 2.810675964355468750e+02
4.725200000000000244e+01 5.260000000000000000e+02 2.810580139160156250e+02
4.758800000000000097e+01 4.170000000000000000e+02 2.810651855468750000e+02
4.792399999999999949e+01 5.800000000000000000e+02 2.810581665039062500e+02
4.826100000000000279e+01 7.020000000000000000e+02 2.810626831054687500e+02
4.859700000000000131e+01 6.970000000000000000e+02 2.810661621093750000e+02
4.893399999999999750e+01 3.100000000000000000e+02 2.810621948242187500e+02
4.927000000000000313e+01 7.520000000000000000e+02 2.810602416992187500e+02
4.960699999999999932e+01 4.870000000000000000e+02 2.810620727539062500e+02
4.994299999999999784e+01 8.060000000000000000e+02 2.810606994628906250e+02
5.027900000000000347e+01 7.350000000000000000e+02 2.810635070800781250e+02
5.061599999999999966e+01 4.550000000000000000e+02 2.810571594238281250e+02
5.095199999999999818e+01 5.860000000000000000e+02 2.810641174316406250e+02
5.128900000000000148e+01 5.730000000000000000e+02 2.810643310546875000e+02
