9.662820000000000391e+02 8.700000000000000000e+01 2.732472839355468750e+02
9.666180000000000518e+02 4.500000000000000000e+01 2.732534790039062500e+02
9.669539999999999509e+02 1.860000000000000000e+02 2.732554931640625000e+02
9.672899999999999636e+02 1.190000000000000000e+02 2.732499694824218750e+02
9.676259999999999764e+02 2.320000000000000000e+02 2.732455749511718750e+02
9.679679999999999609e+02 4.160000000000000000e+02 2.732559814453125000e+02
9.682980000000000018e+02 2.730000000000000000e+02 2.732553710937500000e+02
9.686399999999999864e+02 2.920000000000000000e+02 2.732494506835937500e+02
9.689759999999999991e+02 2.500000000000000000e+02 2.732515258789062500e+02
9.693120000000000118e+02 3.650000000000000000e+02 2.732557678222656250e+02
9.696480000000000246e+02 2.940000000000000000e+02 2.732540893554687500e+02
9.699840000000000373e+02 4.460000000000000000e+02 2.732539672851562500e+02
9.703200000000000500e+02 2.370000000000000000e+02 2.732518310546875000e+02
9.706559999999999491e+02 2.460000000000000000e+02 2.732509460449218750e+02
9.709919999999999618e+02 1.300000000000000000e+02 2.732514038085937500e+02
9.713279999999999745e+02 6.700000000000000000e+01 2.732388916015625000e+02
