3.055980000000000132e+02 1.750000000000000000e+02 4.122962341308593750e+02
3.059340000000000259e+02 3.550000000000000000e+02 4.122962341308593750e+02
3.062710000000000150e+02 4.300000000000000000e+02 4.122933654785156250e+02
3.066089999999999804e+02 2.590000000000000000e+02 4.122941894531250000e+02
3.069449999999999932e+02 1.620000000000000000e+02 4.122996215820312500e+02
3.072810000000000059e+02 1.410000000000000000e+02 4.122910461425781250e+02
3.076170000000000186e+02 1.810000000000000000e+02 4.122959899902343750e+02
3.079540000000000077e+02 2.370000000000000000e+02 4.122922668457031250e+02
3.082900000000000205e+02 1.150000000000000000e+02 4.123093566894531250e+02
3.086259999999999764e+02 6.300000000000000000e+01 4.122976684570312500e+02
3.089630000000000223e+02 1.280000000000000000e+02 4.122896423339843750e+02
3.092989999999999782e+02 1.430000000000000000e+02 4.123013000488281250e+02
