1.555689999999999884e+02 1.980000000000000000e+02 4.071670532226562500e+02
1.559050000000000011e+02 1.900000000000000000e+02 4.071630859375000000e+02
1.562410000000000139e+02 1.390000000000000000e+02 4.071679382324218750e+02
1.565769999999999982e+02 2.020000000000000000e+02 4.071680297851562500e+02
1.569139999999999873e+02 1.540000000000000000e+02 4.071782531738281250e+02
1.572500000000000000e+02 2.020000000000000000e+02 4.071710510253906250e+02
1.575860000000000127e+02 4.160000000000000000e+02 4.071735229492187500e+02
1.579230000000000018e+02 2.450000000000000000e+02 4.071666870117187500e+02
1.582589999999999861e+02 2.110000000000000000e+02 4.071816101074218750e+02
1.585949999999999989e+02 2.890000000000000000e+02 4.071763000488281250e+02
