6.934500000000000455e+02 2.610000000000000000e+02 3.192105712890625000e+02
6.937859999999999445e+02 1.190000000000000000e+02 3.192125244140625000e+02
6.941219999999999573e+02 2.480000000000000000e+02 3.192123413085937500e+02
6.944579999999999700e+02 1.590000000000000000e+02 3.192116394042968750e+02
6.947939999999999827e+02 2.640000000000000000e+02 3.192222900390625000e+02
6.951299999999999955e+02 4.080000000000000000e+02 3.192154235839843750e+02
6.954719999999999800e+02 2.230000000000000000e+02 3.192199707031250000e+02
6.958079999999999927e+02 1.740000000000000000e+02 3.192162475585937500e+02
6.961739999999999782e+02 3.070000000000000000e+02 3.192138977050781250e+02
6.965099999999999909e+02 2.730000000000000000e+02 3.192153320312500000e+02
6.968460000000000036e+02 3.380000000000000000e+02 3.192035827636718750e+02
6.971820000000000164e+02 1.780000000000000000e+02 3.192160949707031250e+02
6.975180000000000291e+02 1.460000000000000000e+02 3.192117919921875000e+02
6.978540000000000418e+02 1.460000000000000000e+02 3.192187500000000000e+02
6.981900000000000546e+02 9.500000000000000000e+01 3.192135314941406250e+02
6.985259999999999536e+02 1.750000000000000000e+02 3.192101745605468750e+02
6.988619999999999663e+02 1.180000000000000000e+02 3.192064514160156250e+02
6.991979999999999791e+02 6.800000000000000000e+01 3.192034606933593750e+02
6.995339999999999918e+02 9.400000000000000000e+01 3.192029724121093750e+02
6.998700000000000045e+02 6.800000000000000000e+01 3.192207336425781250e+02
