2.605999999999999872e+01 4.760000000000000000e+02 3.208636169433593750e+02
2.639600000000000080e+01 1.856000000000000000e+03 3.208615417480468750e+02
2.673199999999999932e+01 2.782000000000000000e+03 3.208631286621093750e+02
2.706899999999999906e+01 3.523000000000000000e+03 3.208625793457031250e+02
2.740500000000000114e+01 3.371000000000000000e+03 3.208597717285156250e+02
2.774099999999999966e+01 2.164000000000000000e+03 3.208610839843750000e+02
2.807799999999999940e+01 1.596000000000000000e+03 3.208607177734375000e+02
2.841400000000000148e+01 7.640000000000000000e+02 3.208598937988281250e+02
2.875100000000000122e+01 2.520000000000000000e+02 3.208709411621093750e+02
2.908699999999999974e+01 1.960000000000000000e+02 3.208784790039062500e+02
