2.336100000000000136e+02 5.530000000000000000e+02 3.461364440917968750e+02
2.339459999999999980e+02 5.060000000000000000e+02 3.461371154785156250e+02
2.342820000000000107e+02 8.430000000000000000e+02 3.461321411132812500e+02
2.346189999999999998e+02 1.131000000000000000e+03 3.461285400390625000e+02
2.349550000000000125e+02 1.666000000000000000e+03 3.461212768554687500e+02
2.352909999999999968e+02 2.210000000000000000e+03 3.461271362304687500e+02
2.356279999999999859e+02 2.502000000000000000e+03 3.461250305175781250e+02
2.359660000000000082e+02 2.837000000000000000e+03 3.461260986328125000e+02
2.363019999999999925e+02 2.872000000000000000e+03 3.461234741210937500e+02
2.366380000000000052e+02 2.799000000000000000e+03 3.461268310546875000e+02
2.369739999999999895e+02 2.119000000000000000e+03 3.461257324218750000e+02
2.373110000000000070e+02 1.755000000000000000e+03 3.461267700195312500e+02
2.376469999999999914e+02 1.172000000000000000e+03 3.461254577636718750e+02
2.379830000000000041e+02 1.089000000000000000e+03 3.461254882812500000e+02
2.383199999999999932e+02 7.910000000000000000e+02 3.461247558593750000e+02
2.386560000000000059e+02 5.020000000000000000e+02 3.461281738281250000e+02
2.389919999999999902e+02 5.440000000000000000e+02 3.461271057128906250e+02
2.393290000000000077e+02 3.420000000000000000e+02 3.461297607421875000e+02
