8.098680000000000518e+02 1.220000000000000000e+02 3.022446594238281250e+02
8.102039999999999509e+02 2.570000000000000000e+02 3.022418212890625000e+02
8.105399999999999636e+02 3.190000000000000000e+02 3.022432861328125000e+02
8.108759999999999764e+02 5.450000000000000000e+02 3.022409362792968750e+02
8.112119999999999891e+02 9.370000000000000000e+02 3.022410583496093750e+02
8.115480000000000018e+02 1.031000000000000000e+03 3.022406921386718750e+02
8.118840000000000146e+02 1.625000000000000000e+03 3.022402038574218750e+02
8.122200000000000273e+02 1.978000000000000000e+03 3.022394409179687500e+02
8.125620000000000118e+02 2.033000000000000000e+03 3.022414245605468750e+02
8.128920000000000528e+02 2.359000000000000000e+03 3.022412414550781250e+02
8.132279999999999518e+02 2.065000000000000000e+03 3.022421264648437500e+02
8.135700000000000500e+02 2.023000000000000000e+03 3.022423706054687500e+02
8.139059999999999491e+02 2.263000000000000000e+03 3.022406311035156250e+02
8.142419999999999618e+02 1.870000000000000000e+03 3.022413635253906250e+02
8.145779999999999745e+02 1.560000000000000000e+03 3.022415771484375000e+02
8.149139999999999873e+02 1.502000000000000000e+03 3.022424621582031250e+02
8.152500000000000000e+02 1.128000000000000000e+03 3.022407226562500000e+02
8.155860000000000127e+02 8.440000000000000000e+02 3.022374572753906250e+02
8.159220000000000255e+02 8.270000000000000000e+02 3.022377319335937500e+02
8.162580000000000382e+02 5.860000000000000000e+02 3.022385864257812500e+02
8.165940000000000509e+02 3.660000000000000000e+02 3.022461853027343750e+02
8.169299999999999500e+02 2.890000000000000000e+02 3.022405090332031250e+02
8.172659999999999627e+02 2.140000000000000000e+02 3.022330017089843750e+02
8.176019999999999754e+02 1.840000000000000000e+02 3.022510681152343750e+02
8.179379999999999882e+02 2.810000000000000000e+02 3.022373352050781250e+02
8.182740000000000009e+02 2.210000000000000000e+02 3.022416992187500000e+02
8.186100000000000136e+02 8.100000000000000000e+01 3.022474975585937500e+02
8.189460000000000264e+02 1.480000000000000000e+02 3.022354125976562500e+02
8.192880000000000109e+02 2.270000000000000000e+02 3.022437438964843750e+02
8.196180000000000518e+02 1.040000000000000000e+02 3.022487487792968750e+02
8.199600000000000364e+02 1.130000000000000000e+02 3.022334289550781250e+02
8.202960000000000491e+02 1.280000000000000000e+02 3.022450561523437500e+02
8.206319999999999482e+02 1.540000000000000000e+02 3.022446289062500000e+02
8.209679999999999609e+02 1.490000000000000000e+02 3.022415466308593750e+02
8.213039999999999736e+02 1.760000000000000000e+02 3.022429199218750000e+02
8.216399999999999864e+02 3.040000000000000000e+02 3.022339782714843750e+02
8.219759999999999991e+02 2.620000000000000000e+02 3.022350158691406250e+02
8.223120000000000118e+02 2.270000000000000000e+02 3.022401428222656250e+02
8.226480000000000246e+02 2.950000000000000000e+02 3.022349853515625000e+02
8.229840000000000373e+02 2.090000000000000000e+02 3.022424926757812500e+02
8.233200000000000500e+02 2.300000000000000000e+02 3.022361145019531250e+02
8.236559999999999491e+02 1.680000000000000000e+02 3.022386474609375000e+02
8.239980000000000473e+02 2.240000000000000000e+02 3.022419433593750000e+02
8.243279999999999745e+02 4.600000000000000000e+02 3.022431640625000000e+02
8.246699999999999591e+02 1.760000000000000000e+02 3.022406921386718750e+02
8.250059999999999718e+02 3.210000000000000000e+02 3.022335815429687500e+02
8.253419999999999845e+02 3.290000000000000000e+02 3.022368469238281250e+02
8.256779999999999973e+02 3.850000000000000000e+02 3.022404785156250000e+02
8.260140000000000100e+02 3.520000000000000000e+02 3.022356262207031250e+02
8.263500000000000227e+02 3.030000000000000000e+02 3.022366638183593750e+02
8.266860000000000355e+02 2.540000000000000000e+02 3.022325439453125000e+02
8.270220000000000482e+02 1.970000000000000000e+02 3.022352294921875000e+02
8.273579999999999472e+02 1.980000000000000000e+02 3.022387084960937500e+02
