2.850760000000000218e+02 1.990000000000000000e+02 5.131999511718750000e+02
2.854130000000000109e+02 4.580000000000000000e+02 5.131994628906250000e+02
2.857490000000000236e+02 7.590000000000000000e+02 5.132031250000000000e+02
2.860880000000000223e+02 1.260000000000000000e+03 5.132038574218750000e+02
2.864259999999999877e+02 1.633000000000000000e+03 5.132006835937500000e+02
2.867620000000000005e+02 1.850000000000000000e+03 5.132045898437500000e+02
2.870980000000000132e+02 2.223000000000000000e+03 5.132064819335937500e+02
2.874350000000000023e+02 2.180000000000000000e+03 5.132033691406250000e+02
2.877710000000000150e+02 1.903000000000000000e+03 5.132030029296875000e+02
2.881080000000000041e+02 1.924000000000000000e+03 5.132053222656250000e+02
2.884440000000000168e+02 1.399000000000000000e+03 5.132017822265625000e+02
2.887810000000000059e+02 1.024000000000000000e+03 5.132067260742187500e+02
2.891170000000000186e+02 1.097000000000000000e+03 5.131967163085937500e+02
2.894529999999999745e+02 6.320000000000000000e+02 5.132015380859375000e+02
2.897889999999999873e+02 6.530000000000000000e+02 5.132033081054687500e+02
2.901259999999999764e+02 4.800000000000000000e+02 5.132029418945312500e+02
2.904619999999999891e+02 2.840000000000000000e+02 5.132097167968750000e+02
