4.254200000000000159e+01 4.900000000000000000e+01 2.411555023193359375e+02
4.287800000000000011e+01 1.610000000000000000e+02 2.411510925292968750e+02
4.321500000000000341e+01 2.320000000000000000e+02 2.411475677490234375e+02
4.355100000000000193e+01 3.180000000000000000e+02 2.411470794677734375e+02
4.388700000000000045e+01 9.240000000000000000e+02 2.411501922607421875e+02
4.422500000000000142e+01 1.126000000000000000e+03 2.411497650146484375e+02
4.456099999999999994e+01 1.162000000000000000e+03 2.411524047851562500e+02
4.489800000000000324e+01 1.542000000000000000e+03 2.411480407714843750e+02
4.523400000000000176e+01 1.247000000000000000e+03 2.411486816406250000e+02
4.557000000000000028e+01 2.124000000000000000e+03 2.411508789062500000e+02
4.590599999999999881e+01 1.528000000000000000e+03 2.411490631103515625e+02
4.624300000000000210e+01 1.335000000000000000e+03 2.411488494873046875e+02
4.657900000000000063e+01 1.392000000000000000e+03 2.411497192382812500e+02
4.691499999999999915e+01 1.246000000000000000e+03 2.411501617431640625e+02
4.725200000000000244e+01 1.235000000000000000e+03 2.411488342285156250e+02
4.758800000000000097e+01 1.283000000000000000e+03 2.411501617431640625e+02
4.792399999999999949e+01 1.045000000000000000e+03 2.411490936279296875e+02
4.826100000000000279e+01 1.565000000000000000e+03 2.411506042480468750e+02
4.859700000000000131e+01 1.169000000000000000e+03 2.411496429443359375e+02
4.893399999999999750e+01 1.156000000000000000e+03 2.411502380371093750e+02
4.927000000000000313e+01 1.062000000000000000e+03 2.411503448486328125e+02
4.960699999999999932e+01 7.830000000000000000e+02 2.411513671875000000e+02
4.994299999999999784e+01 1.121000000000000000e+03 2.411487426757812500e+02
5.027900000000000347e+01 1.014000000000000000e+03 2.411506805419921875e+02
5.061599999999999966e+01 1.045000000000000000e+03 2.411490936279296875e+02
5.095199999999999818e+01 1.081000000000000000e+03 2.411515197753906250e+02
5.128900000000000148e+01 1.011000000000000000e+03 2.411497955322265625e+02
5.162500000000000000e+01 1.079000000000000000e+03 2.411492614746093750e+02
5.196200000000000330e+01 8.110000000000000000e+02 2.411502838134765625e+02
5.229800000000000182e+01 9.760000000000000000e+02 2.411486816406250000e+02
5.263499999999999801e+01 7.350000000000000000e+02 2.411494750976562500e+02
5.297099999999999653e+01 8.170000000000000000e+02 2.411489562988281250e+02
5.330700000000000216e+01 6.270000000000000000e+02 2.411501922607421875e+02
5.364300000000000068e+01 9.090000000000000000e+02 2.411504516601562500e+02
5.397999999999999687e+01 7.500000000000000000e+02 2.411487731933593750e+02
5.431799999999999784e+01 8.160000000000000000e+02 2.411508941650390625e+02
5.465400000000000347e+01 7.020000000000000000e+02 2.411513214111328125e+02
5.499000000000000199e+01 5.440000000000000000e+02 2.411498413085937500e+02
5.532600000000000051e+01 6.290000000000000000e+02 2.411471557617187500e+02
5.566299999999999670e+01 6.290000000000000000e+02 2.411496887207031250e+02
5.599900000000000233e+01 7.310000000000000000e+02 2.411508483886718750e+02
5.633500000000000085e+01 7.570000000000000000e+02 2.411521606445312500e+02
5.667199999999999704e+01 6.430000000000000000e+02 2.411459655761718750e+02
5.700800000000000267e+01 6.780000000000000000e+02 2.411473693847656250e+02
5.734400000000000119e+01 5.300000000000000000e+02 2.411497650146484375e+02
5.768099999999999739e+01 4.130000000000000000e+02 2.411496887207031250e+02
5.801700000000000301e+01 6.380000000000000000e+02 2.411458435058593750e+02
5.835300000000000153e+01 5.070000000000000000e+02 2.411517333984375000e+02
5.868999999999999773e+01 4.510000000000000000e+02 2.411523590087890625e+02
5.902600000000000335e+01 3.970000000000000000e+02 2.411503753662109375e+02
5.936200000000000188e+01 4.570000000000000000e+02 2.411514434814453125e+02
5.969800000000000040e+01 5.370000000000000000e+02 2.411471252441406250e+02
6.003479999999999706e+01 3.750000000000000000e+02 2.411509704589843750e+02
