6.836939999999999600e+02 4.400000000000000000e+01 5.182910766601562500e+02
6.840299999999999727e+02 1.700000000000000000e+02 5.183084716796875000e+02
6.843659999999999854e+02 2.190000000000000000e+02 5.183095703125000000e+02
6.847079999999999700e+02 5.010000000000000000e+02 5.183137207031250000e+02
6.850439999999999827e+02 4.360000000000000000e+02 5.183202514648437500e+02
6.853799999999999955e+02 8.400000000000000000e+02 5.183092041015625000e+02
6.857160000000000082e+02 1.251000000000000000e+03 5.183159179687500000e+02
6.860520000000000209e+02 1.457000000000000000e+03 5.183133544921875000e+02
6.863880000000000337e+02 1.432000000000000000e+03 5.183157348632812500e+02
6.867240000000000464e+02 1.829000000000000000e+03 5.183158569335937500e+02
6.870599999999999454e+02 2.122000000000000000e+03 5.183109130859375000e+02
6.873959999999999582e+02 1.561000000000000000e+03 5.183159790039062500e+02
6.877319999999999709e+02 1.921000000000000000e+03 5.183153686523437500e+02
6.880679999999999836e+02 1.729000000000000000e+03 5.183105468750000000e+02
6.884039999999999964e+02 1.593000000000000000e+03 5.183173217773437500e+02
6.887400000000000091e+02 1.022000000000000000e+03 5.183142700195312500e+02
6.890760000000000218e+02 1.138000000000000000e+03 5.183165283203125000e+02
6.894120000000000346e+02 7.990000000000000000e+02 5.183119506835937500e+02
6.897480000000000473e+02 6.960000000000000000e+02 5.183104248046875000e+02
6.900900000000000318e+02 6.420000000000000000e+02 5.183148193359375000e+02
6.904260000000000446e+02 4.280000000000000000e+02 5.183111572265625000e+02
6.907619999999999436e+02 2.540000000000000000e+02 5.183188476562500000e+02
6.910979999999999563e+02 1.790000000000000000e+02 5.183195800781250000e+02
6.914339999999999691e+02 2.000000000000000000e+02 5.183123779296875000e+02
6.917699999999999818e+02 1.120000000000000000e+02 5.183186035156250000e+02
6.921059999999999945e+02 1.470000000000000000e+02 5.183088989257812500e+02
6.924420000000000073e+02 8.800000000000000000e+01 5.183170166015625000e+02
