9.740220000000000482e+02 4.600000000000000000e+01 9.315244140625000000e+02
9.743579999999999472e+02 2.190000000000000000e+02 9.315231933593750000e+02
9.746939999999999600e+02 2.740000000000000000e+02 9.315303955078125000e+02
9.750299999999999727e+02 3.770000000000000000e+02 9.315341186523437500e+02
9.753659999999999854e+02 5.760000000000000000e+02 9.315402832031250000e+02
9.757019999999999982e+02 7.690000000000000000e+02 9.315328369140625000e+02
9.760380000000000109e+02 1.307000000000000000e+03 9.315331420898437500e+02
9.763740000000000236e+02 1.475000000000000000e+03 9.315272827148437500e+02
9.767100000000000364e+02 1.707000000000000000e+03 9.315278930664062500e+02
9.770460000000000491e+02 1.818000000000000000e+03 9.315328979492187500e+02
9.773819999999999482e+02 1.726000000000000000e+03 9.315299682617187500e+02
9.777179999999999609e+02 2.061000000000000000e+03 9.315267944335937500e+02
9.780599999999999454e+02 1.513000000000000000e+03 9.315350952148437500e+02
9.783959999999999582e+02 1.441000000000000000e+03 9.315295410156250000e+02
9.787259999999999991e+02 1.423000000000000000e+03 9.315302734375000000e+02
9.790679999999999836e+02 1.357000000000000000e+03 9.315274658203125000e+02
9.794039999999999964e+02 9.130000000000000000e+02 9.315297241210937500e+02
9.797400000000000091e+02 6.890000000000000000e+02 9.315318603515625000e+02
9.800760000000000218e+02 5.040000000000000000e+02 9.315344848632812500e+02
9.804120000000000346e+02 3.660000000000000000e+02 9.315372924804687500e+02
9.807480000000000473e+02 2.600000000000000000e+02 9.315341186523437500e+02
9.810839999999999463e+02 2.130000000000000000e+02 9.315271606445312500e+02
9.814199999999999591e+02 2.270000000000000000e+02 9.315354614257812500e+02
9.817559999999999718e+02 1.810000000000000000e+02 9.315163574218750000e+02
9.820919999999999845e+02 1.420000000000000000e+02 9.315202026367187500e+02
9.824279999999999973e+02 1.240000000000000000e+02 9.315150146484375000e+02
9.827699999999999818e+02 7.500000000000000000e+01 9.315332641601562500e+02
9.831059999999999945e+02 7.200000000000000000e+01 9.315398559570312500e+02
9.834420000000000073e+02 1.120000000000000000e+02 9.315372924804687500e+02
9.837780000000000200e+02 3.600000000000000000e+01 9.315407714843750000e+02
