3.072810000000000059e+02 2.000000000000000000e+02 4.182212829589843750e+02
3.076170000000000186e+02 2.610000000000000000e+02 4.182262573242187500e+02
3.079540000000000077e+02 4.780000000000000000e+02 4.182295227050781250e+02
3.082900000000000205e+02 5.890000000000000000e+02 4.182251586914062500e+02
3.086259999999999764e+02 1.018000000000000000e+03 4.182297668457031250e+02
3.089630000000000223e+02 1.218000000000000000e+03 4.182305908203125000e+02
3.092989999999999782e+02 1.462000000000000000e+03 4.182286071777343750e+02
3.096349999999999909e+02 1.845000000000000000e+03 4.182310485839843750e+02
3.099719999999999800e+02 1.897000000000000000e+03 4.182326965332031250e+02
3.103079999999999927e+02 1.876000000000000000e+03 4.182281799316406250e+02
3.106440000000000055e+02 1.845000000000000000e+03 4.182297668457031250e+02
3.109800000000000182e+02 1.425000000000000000e+03 4.182294006347656250e+02
3.113170000000000073e+02 1.434000000000000000e+03 4.182310485839843750e+02
3.116530000000000200e+02 1.256000000000000000e+03 4.182286376953125000e+02
3.119889999999999759e+02 6.720000000000000000e+02 4.182376403808593750e+02
3.123260000000000218e+02 6.920000000000000000e+02 4.182256164550781250e+02
3.126619999999999777e+02 4.000000000000000000e+02 4.182310791015625000e+02
3.129979999999999905e+02 4.320000000000000000e+02 4.182341918945312500e+02
3.133349999999999795e+02 2.870000000000000000e+02 4.182232666015625000e+02
3.136709999999999923e+02 2.100000000000000000e+02 4.182230529785156250e+02
3.140070000000000050e+02 1.650000000000000000e+02 4.182136535644531250e+02
3.143430000000000177e+02 1.400000000000000000e+02 4.182268066406250000e+02
