3.769119999999999777e+02 2.050000000000000000e+02 6.451730957031250000e+02
3.772500000000000000e+02 5.790000000000000000e+02 6.451621093750000000e+02
3.775860000000000127e+02 7.620000000000000000e+02 6.451698608398437500e+02
3.779220000000000255e+02 1.007000000000000000e+03 6.451716918945312500e+02
3.782590000000000146e+02 1.340000000000000000e+03 6.451723632812500000e+02
3.785950000000000273e+02 1.480000000000000000e+03 6.451713256835937500e+02
3.789309999999999832e+02 1.627000000000000000e+03 6.451732177734375000e+02
3.792669999999999959e+02 1.375000000000000000e+03 6.451747436523437500e+02
3.796039999999999850e+02 1.487000000000000000e+03 6.451762084960937500e+02
3.799399999999999977e+02 1.177000000000000000e+03 6.451705322265625000e+02
3.802760000000000105e+02 1.080000000000000000e+03 6.451699829101562500e+02
3.806129999999999995e+02 6.900000000000000000e+02 6.451774291992187500e+02
3.809490000000000123e+02 5.790000000000000000e+02 6.451777343750000000e+02
3.812850000000000250e+02 6.050000000000000000e+02 6.451693115234375000e+02
3.816220000000000141e+02 3.730000000000000000e+02 6.451669921875000000e+02
3.819580000000000268e+02 2.540000000000000000e+02 6.451729125976562500e+02
3.822950000000000159e+02 1.940000000000000000e+02 6.451766967773437500e+02
3.826320000000000050e+02 1.900000000000000000e+02 6.451594848632812500e+02
