6.911700000000000443e+01 1.120000000000000000e+02 4.250879516601562500e+02
6.945420000000000016e+01 3.730000000000000000e+02 4.250905151367187500e+02
6.979019999999999868e+01 4.450000000000000000e+02 4.250951232910156250e+02
7.012619999999999720e+01 5.150000000000000000e+02 4.250975341796875000e+02
7.046280000000000143e+01 7.920000000000000000e+02 4.250914916992187500e+02
7.079879999999999995e+01 8.100000000000000000e+02 4.250927124023437500e+02
7.113479999999999848e+01 1.049000000000000000e+03 4.250890197753906250e+02
7.147079999999999700e+01 9.560000000000000000e+02 4.250923461914062500e+02
7.180800000000000693e+01 1.339000000000000000e+03 4.250920410156250000e+02
7.214400000000000546e+01 1.235000000000000000e+03 4.250907287597656250e+02
7.248000000000000398e+01 1.337000000000000000e+03 4.250935974121093750e+02
7.281719999999999970e+01 1.171000000000000000e+03 4.250947570800781250e+02
7.315319999999999823e+01 1.475000000000000000e+03 4.250909729003906250e+02
7.348919999999999675e+01 1.590000000000000000e+03 4.250922546386718750e+02
7.382580000000000098e+01 1.553000000000000000e+03 4.250915832519531250e+02
7.416179999999999950e+01 1.146000000000000000e+03 4.250935363769531250e+02
7.450020000000000664e+01 1.146000000000000000e+03 4.250926208496093750e+02
7.483620000000000516e+01 1.255000000000000000e+03 4.250896301269531250e+02
7.517220000000000368e+01 1.271000000000000000e+03 4.250885009765625000e+02
7.550879999999999370e+01 1.287000000000000000e+03 4.250912170410156250e+02
7.584480000000000643e+01 9.930000000000000000e+02 4.250952758789062500e+02
7.618080000000000496e+01 9.960000000000000000e+02 4.250929260253906250e+02
7.651800000000000068e+01 8.610000000000000000e+02 4.250919494628906250e+02
7.685399999999999920e+01 8.210000000000000000e+02 4.250890808105468750e+02
7.718999999999999773e+01 8.110000000000000000e+02 4.250924987792968750e+02
7.752599999999999625e+01 6.960000000000000000e+02 4.250893249511718750e+02
7.786320000000000618e+01 7.320000000000000000e+02 4.250930786132812500e+02
7.819920000000000471e+01 5.540000000000000000e+02 4.250939941406250000e+02
7.853520000000000323e+01 5.790000000000000000e+02 4.250857543945312500e+02
7.887179999999999325e+01 3.910000000000000000e+02 4.250841979980468750e+02
7.920780000000000598e+01 4.520000000000000000e+02 4.250891723632812500e+02
7.954380000000000450e+01 3.440000000000000000e+02 4.250940246582031250e+02
7.988100000000000023e+01 2.690000000000000000e+02 4.251014709472656250e+02
8.021699999999999875e+01 2.670000000000000000e+02 4.250913085937500000e+02
8.055299999999999727e+01 1.770000000000000000e+02 4.250903015136718750e+02
8.088899999999999579e+01 2.040000000000000000e+02 4.250921936035156250e+02
8.122620000000000573e+01 1.090000000000000000e+02 4.250905456542968750e+02
8.156220000000000425e+01 1.470000000000000000e+02 4.250829772949218750e+02
8.189820000000000277e+01 1.180000000000000000e+02 4.250881958007812500e+02
8.223480000000000700e+01 1.060000000000000000e+02 4.250727233886718750e+02
8.257080000000000553e+01 7.900000000000000000e+01 4.250909118652343750e+02
8.290680000000000405e+01 1.400000000000000000e+02 4.250763244628906250e+02
8.324399999999999977e+01 6.800000000000000000e+01 4.250783996582031250e+02
8.358119999999999550e+01 7.900000000000000000e+01 4.250975036621093750e+02
