1.202469999999999999e+02 1.350000000000000000e+02 2.940943298339843750e+02
1.205829999999999984e+02 2.440000000000000000e+02 2.941025390625000000e+02
1.209189999999999969e+02 7.120000000000000000e+02 2.940928955078125000e+02
1.212560000000000002e+02 7.610000000000000000e+02 2.940939025878906250e+02
1.215919999999999987e+02 8.540000000000000000e+02 2.940962524414062500e+02
1.219279999999999973e+02 9.740000000000000000e+02 2.940942077636718750e+02
1.222639999999999958e+02 1.118000000000000000e+03 2.940937194824218750e+02
1.226009999999999991e+02 9.680000000000000000e+02 2.940982360839843750e+02
1.229369999999999976e+02 1.161000000000000000e+03 2.940971374511718750e+02
1.232729999999999961e+02 1.189000000000000000e+03 2.940952758789062500e+02
1.236099999999999994e+02 1.234000000000000000e+03 2.940945434570312500e+02
1.239459999999999980e+02 1.113000000000000000e+03 2.940925598144531250e+02
1.242819999999999965e+02 1.497000000000000000e+03 2.940964660644531250e+02
1.246189999999999998e+02 1.446000000000000000e+03 2.940951843261718750e+02
1.249560000000000031e+02 1.199000000000000000e+03 2.940942687988281250e+02
1.252930000000000064e+02 1.043000000000000000e+03 2.940946960449218750e+02
1.256290000000000049e+02 1.006000000000000000e+03 2.940950927734375000e+02
1.259650000000000034e+02 9.540000000000000000e+02 2.940956420898437500e+02
1.263020000000000067e+02 1.052000000000000000e+03 2.940982666015625000e+02
1.266380000000000052e+02 1.277000000000000000e+03 2.940978698730468750e+02
1.269740000000000038e+02 9.460000000000000000e+02 2.940938110351562500e+02
1.273110000000000070e+02 1.209000000000000000e+03 2.940971984863281250e+02
1.276470000000000056e+02 1.487000000000000000e+03 2.940944519042968750e+02
1.279830000000000041e+02 9.600000000000000000e+02 2.940977172851562500e+02
1.283189999999999884e+02 9.820000000000000000e+02 2.940973815917968750e+02
1.286560000000000059e+02 9.550000000000000000e+02 2.940965576171875000e+02
1.289919999999999902e+02 1.185000000000000000e+03 2.940940551757812500e+02
1.293280000000000030e+02 1.327000000000000000e+03 2.940970153808593750e+02
1.296649999999999920e+02 8.940000000000000000e+02 2.940979003906250000e+02
1.300010000000000048e+02 8.750000000000000000e+02 2.940973205566406250e+02
1.303369999999999891e+02 8.820000000000000000e+02 2.940954589843750000e+02
1.306740000000000066e+02 8.010000000000000000e+02 2.940952148437500000e+02
1.310099999999999909e+02 1.122000000000000000e+03 2.940951538085937500e+02
1.313470000000000084e+02 9.300000000000000000e+02 2.940967407226562500e+02
1.316829999999999927e+02 7.560000000000000000e+02 2.940955810546875000e+02
1.320190000000000055e+02 7.740000000000000000e+02 2.940949096679687500e+02
1.323559999999999945e+02 8.490000000000000000e+02 2.940957031250000000e+02
1.326920000000000073e+02 1.067000000000000000e+03 2.940941467285156250e+02
1.330279999999999916e+02 1.081000000000000000e+03 2.940925292968750000e+02
1.333640000000000043e+02 9.430000000000000000e+02 2.940944824218750000e+02
1.337009999999999934e+02 7.320000000000000000e+02 2.940946044921875000e+02
1.340370000000000061e+02 9.140000000000000000e+02 2.941001892089843750e+02
1.343729999999999905e+02 8.380000000000000000e+02 2.940941162109375000e+02
1.347100000000000080e+02 7.230000000000000000e+02 2.940997009277343750e+02
1.350469999999999970e+02 9.860000000000000000e+02 2.940914611816406250e+02
1.353839999999999861e+02 1.027000000000000000e+03 2.940977478027343750e+02
1.357199999999999989e+02 5.920000000000000000e+02 2.940966491699218750e+02
1.360560000000000116e+02 6.420000000000000000e+02 2.940908203125000000e+02
1.363930000000000007e+02 1.001000000000000000e+03 2.940957641601562500e+02
1.367299999999999898e+02 4.800000000000000000e+02 2.940911254882812500e+02
1.370660000000000025e+02 7.430000000000000000e+02 2.940972900390625000e+02
1.374019999999999868e+02 5.960000000000000000e+02 2.940974731445312500e+02
1.377379999999999995e+02 8.640000000000000000e+02 2.940938110351562500e+02
1.380749999999999886e+02 5.440000000000000000e+02 2.940964965820312500e+02
1.384110000000000014e+02 7.460000000000000000e+02 2.940927734375000000e+02
1.387470000000000141e+02 6.770000000000000000e+02 2.940952148437500000e+02
