2.272199999999999989e+02 7.840000000000000000e+02 3.861621093750000000e+02
2.275560000000000116e+02 8.590000000000000000e+02 3.861655273437500000e+02
2.278930000000000007e+02 9.170000000000000000e+02 3.861652526855468750e+02
2.282290000000000134e+02 8.350000000000000000e+02 3.861629638671875000e+02
2.285649999999999977e+02 9.170000000000000000e+02 3.861614990234375000e+02
2.289019999999999868e+02 8.430000000000000000e+02 3.861585083007812500e+02
2.292379999999999995e+02 9.510000000000000000e+02 3.861572570800781250e+02
2.295740000000000123e+02 8.260000000000000000e+02 3.861546630859375000e+02
2.299099999999999966e+02 8.140000000000000000e+02 3.861681823730468750e+02
2.302470000000000141e+02 8.010000000000000000e+02 3.861661987304687500e+02
2.305829999999999984e+02 9.280000000000000000e+02 3.861627502441406250e+02
2.309190000000000111e+02 9.470000000000000000e+02 3.861681823730468750e+02
2.312560000000000002e+02 1.221000000000000000e+03 3.861690368652343750e+02
2.315920000000000130e+02 1.000000000000000000e+03 3.861687011718750000e+02
2.319279999999999973e+02 1.440000000000000000e+03 3.861685485839843750e+02
2.322649999999999864e+02 1.471000000000000000e+03 3.861703186035156250e+02
2.326009999999999991e+02 1.393000000000000000e+03 3.861739807128906250e+02
2.329370000000000118e+02 1.269000000000000000e+03 3.861739196777343750e+02
2.332740000000000009e+02 1.145000000000000000e+03 3.861729431152343750e+02
2.336100000000000136e+02 1.004000000000000000e+03 3.861716918945312500e+02
2.339459999999999980e+02 8.960000000000000000e+02 3.861703186035156250e+02
2.342820000000000107e+02 9.770000000000000000e+02 3.861708679199218750e+02
2.346189999999999998e+02 1.074000000000000000e+03 3.861691284179687500e+02
2.349550000000000125e+02 1.028000000000000000e+03 3.861733093261718750e+02
2.352909999999999968e+02 9.820000000000000000e+02 3.861742858886718750e+02
2.356279999999999859e+02 9.090000000000000000e+02 3.861719055175781250e+02
2.359660000000000082e+02 9.680000000000000000e+02 3.861768493652343750e+02
2.363019999999999925e+02 1.009000000000000000e+03 3.861747741699218750e+02
2.366380000000000052e+02 8.660000000000000000e+02 3.861768493652343750e+02
2.369739999999999895e+02 1.112000000000000000e+03 3.861728820800781250e+02
2.373110000000000070e+02 8.930000000000000000e+02 3.861749877929687500e+02
2.376469999999999914e+02 1.007000000000000000e+03 3.861767883300781250e+02
2.379830000000000041e+02 8.420000000000000000e+02 3.861744079589843750e+02
2.383199999999999932e+02 8.480000000000000000e+02 3.861745300292968750e+02
2.386560000000000059e+02 8.050000000000000000e+02 3.861706237792968750e+02
2.389919999999999902e+02 7.050000000000000000e+02 3.861696777343750000e+02
2.393290000000000077e+02 4.590000000000000000e+02 3.861763305664062500e+02
2.396649999999999920e+02 4.870000000000000000e+02 3.861791992187500000e+02
2.400010000000000048e+02 3.700000000000000000e+02 3.861711730957031250e+02
2.403379999999999939e+02 4.900000000000000000e+02 3.861725769042968750e+02
2.406740000000000066e+02 4.600000000000000000e+02 3.861771850585937500e+02
2.410109999999999957e+02 3.640000000000000000e+02 3.861707458496093750e+02
2.413470000000000084e+02 3.170000000000000000e+02 3.861713256835937500e+02
2.416839999999999975e+02 3.210000000000000000e+02 3.861757202148437500e+02
