3.385649999999999977e+02 1.250000000000000000e+02 3.180757141113281250e+02
3.389010000000000105e+02 2.770000000000000000e+02 3.180820007324218750e+02
3.392370000000000232e+02 5.400000000000000000e+02 3.180778198242187500e+02
3.395740000000000123e+02 7.360000000000000000e+02 3.180741577148437500e+02
3.399100000000000250e+02 1.158000000000000000e+03 3.180649414062500000e+02
3.402459999999999809e+02 1.441000000000000000e+03 3.180650329589843750e+02
3.405830000000000268e+02 1.442000000000000000e+03 3.180636291503906250e+02
3.409189999999999827e+02 1.399000000000000000e+03 3.180684509277343750e+02
3.412549999999999955e+02 1.049000000000000000e+03 3.180683898925781250e+02
3.415919999999999845e+02 1.026000000000000000e+03 3.180676269531250000e+02
3.419279999999999973e+02 7.550000000000000000e+02 3.180718078613281250e+02
3.422640000000000100e+02 5.690000000000000000e+02 3.180661621093750000e+02
3.426009999999999991e+02 4.990000000000000000e+02 3.180705566406250000e+02
3.429370000000000118e+02 4.930000000000000000e+02 3.180708618164062500e+02
3.432730000000000246e+02 3.510000000000000000e+02 3.180647583007812500e+02
3.436089999999999804e+02 2.830000000000000000e+02 3.180680236816406250e+02
3.439460000000000264e+02 2.490000000000000000e+02 3.180768432617187500e+02
