2.208269999999999982e+02 2.860000000000000000e+02 4.501073303222656250e+02
2.211630000000000109e+02 4.560000000000000000e+02 4.501070556640625000e+02
2.215000000000000000e+02 8.020000000000000000e+02 4.501073608398437500e+02
2.218369999999999891e+02 9.760000000000000000e+02 4.501074829101562500e+02
2.221740000000000066e+02 1.275000000000000000e+03 4.501079101562500000e+02
2.225099999999999909e+02 1.141000000000000000e+03 4.501120605468750000e+02
2.228460000000000036e+02 1.349000000000000000e+03 4.501068420410156250e+02
2.231819999999999879e+02 9.910000000000000000e+02 4.501112670898437500e+02
2.235190000000000055e+02 6.610000000000000000e+02 4.501050109863281250e+02
2.238549999999999898e+02 6.190000000000000000e+02 4.501061401367187500e+02
2.241910000000000025e+02 4.070000000000000000e+02 4.501176757812500000e+02
2.245279999999999916e+02 4.880000000000000000e+02 4.501109313964843750e+02
2.248640000000000043e+02 3.540000000000000000e+02 4.501110534667968750e+02
2.252009999999999934e+02 1.340000000000000000e+02 4.501154785156250000e+02
2.255370000000000061e+02 2.750000000000000000e+02 4.501096801757812500e+02
2.258750000000000000e+02 1.780000000000000000e+02 4.501216430664062500e+02
