2.221740000000000066e+02 1.078400000000000000e+04 3.091492919921875000e+02
2.225099999999999909e+02 9.862000000000000000e+03 3.091502990722656250e+02
2.228460000000000036e+02 9.687000000000000000e+03 3.091495056152343750e+02
2.231819999999999879e+02 9.767000000000000000e+03 3.091501464843750000e+02
2.235190000000000055e+02 9.190000000000000000e+03 3.091500244140625000e+02
2.238549999999999898e+02 8.625000000000000000e+03 3.091499023437500000e+02
2.241910000000000025e+02 9.544000000000000000e+03 3.091510620117187500e+02
2.245279999999999916e+02 8.530000000000000000e+03 3.091488952636718750e+02
2.248640000000000043e+02 8.101000000000000000e+03 3.091497802734375000e+02
2.252009999999999934e+02 7.962000000000000000e+03 3.091500854492187500e+02
2.255370000000000061e+02 7.628000000000000000e+03 3.091483764648437500e+02
2.258750000000000000e+02 6.602000000000000000e+03 3.091499023437500000e+02
2.262110000000000127e+02 6.183000000000000000e+03 3.091507568359375000e+02
2.265469999999999970e+02 5.434000000000000000e+03 3.091502685546875000e+02
2.268839999999999861e+02 5.271000000000000000e+03 3.091518249511718750e+02
2.272199999999999989e+02 5.870000000000000000e+03 3.091533813476562500e+02
2.275560000000000116e+02 4.811000000000000000e+03 3.091518859863281250e+02
2.278930000000000007e+02 4.609000000000000000e+03 3.091531677246093750e+02
2.282290000000000134e+02 4.271000000000000000e+03 3.091512756347656250e+02
2.285649999999999977e+02 4.478000000000000000e+03 3.091529846191406250e+02
2.289019999999999868e+02 4.600000000000000000e+03 3.091524963378906250e+02
2.292379999999999995e+02 4.292000000000000000e+03 3.091521911621093750e+02
2.295740000000000123e+02 4.127000000000000000e+03 3.091532287597656250e+02
2.299099999999999966e+02 4.193000000000000000e+03 3.091511840820312500e+02
2.302470000000000141e+02 3.568000000000000000e+03 3.091515808105468750e+02
2.305829999999999984e+02 3.379000000000000000e+03 3.091525268554687500e+02
2.309190000000000111e+02 3.042000000000000000e+03 3.091507568359375000e+02
2.312560000000000002e+02 2.606000000000000000e+03 3.091517639160156250e+02
2.315920000000000130e+02 2.362000000000000000e+03 3.091536560058593750e+02
2.319279999999999973e+02 1.740000000000000000e+03 3.091529846191406250e+02
2.322649999999999864e+02 1.635000000000000000e+03 3.091496276855468750e+02
2.326009999999999991e+02 1.649000000000000000e+03 3.091498413085937500e+02
2.329370000000000118e+02 1.526000000000000000e+03 3.091530761718750000e+02
2.332740000000000009e+02 1.701000000000000000e+03 3.091532287597656250e+02
2.336100000000000136e+02 1.546000000000000000e+03 3.091486206054687500e+02
2.339459999999999980e+02 1.875000000000000000e+03 3.091506958007812500e+02
2.342820000000000107e+02 2.168000000000000000e+03 3.091486816406250000e+02
2.346189999999999998e+02 1.893000000000000000e+03 3.091495971679687500e+02
2.349550000000000125e+02 1.952000000000000000e+03 3.091512451171875000e+02
2.352909999999999968e+02 2.074000000000000000e+03 3.091523132324218750e+02
2.356279999999999859e+02 2.053000000000000000e+03 3.091519165039062500e+02
2.359660000000000082e+02 1.712000000000000000e+03 3.091526184082031250e+02
2.363019999999999925e+02 1.564000000000000000e+03 3.091526184082031250e+02
2.366380000000000052e+02 9.810000000000000000e+02 3.091516723632812500e+02
2.369739999999999895e+02 1.343000000000000000e+03 3.091498718261718750e+02
2.373110000000000070e+02 7.530000000000000000e+02 3.091494140625000000e+02
2.376469999999999914e+02 8.650000000000000000e+02 3.091439208984375000e+02
2.379830000000000041e+02 6.100000000000000000e+02 3.091511230468750000e+02
2.383199999999999932e+02 5.800000000000000000e+02 3.091497802734375000e+02
2.386560000000000059e+02 3.490000000000000000e+02 3.091475830078125000e+02
2.389919999999999902e+02 3.460000000000000000e+02 3.091540527343750000e+02
2.393290000000000077e+02 2.670000000000000000e+02 3.091584167480468750e+02
2.396649999999999920e+02 4.060000000000000000e+02 3.091525878906250000e+02
2.400010000000000048e+02 3.000000000000000000e+02 3.091425476074218750e+02
2.403379999999999939e+02 3.380000000000000000e+02 3.091521911621093750e+02
2.406740000000000066e+02 3.970000000000000000e+02 3.091574096679687500e+02
2.410109999999999957e+02 2.850000000000000000e+02 3.091541137695312500e+02
2.413470000000000084e+02 2.750000000000000000e+02 3.091495056152343750e+02
2.416839999999999975e+02 2.690000000000000000e+02 3.091419677734375000e+02
2.420200000000000102e+02 1.650000000000000000e+02 3.091390991210937500e+02
2.423559999999999945e+02 3.020000000000000000e+02 3.091515197753906250e+02
2.426930000000000121e+02 2.010000000000000000e+02 3.091398010253906250e+02
2.430289999999999964e+02 2.490000000000000000e+02 3.091488647460937500e+02
2.433650000000000091e+02 2.050000000000000000e+02 3.091376037597656250e+02
2.437009999999999934e+02 2.190000000000000000e+02 3.091524963378906250e+02
2.440380000000000109e+02 3.120000000000000000e+02 3.091367187500000000e+02
2.443739999999999952e+02 2.700000000000000000e+02 3.091476135253906250e+02
