3.742149999999999750e+02 1.700000000000000000e+02 1.791007232666015625e+02
3.745529999999999973e+02 2.200000000000000000e+02 1.791022949218750000e+02
3.748890000000000100e+02 4.050000000000000000e+02 1.790985107421875000e+02
3.752250000000000227e+02 5.240000000000000000e+02 1.791056976318359375e+02
3.755620000000000118e+02 8.540000000000000000e+02 1.791049804687500000e+02
3.758980000000000246e+02 8.840000000000000000e+02 1.791056213378906250e+02
3.762339999999999804e+02 1.008000000000000000e+03 1.791072540283203125e+02
3.765699999999999932e+02 1.115000000000000000e+03 1.791055450439453125e+02
3.769069999999999823e+02 1.128000000000000000e+03 1.791042633056640625e+02
3.772429999999999950e+02 1.048000000000000000e+03 1.791054382324218750e+02
3.775790000000000077e+02 1.013000000000000000e+03 1.791064758300781250e+02
3.779159999999999968e+02 9.650000000000000000e+02 1.791055908203125000e+02
3.782520000000000095e+02 5.220000000000000000e+02 1.791073303222656250e+02
3.785880000000000223e+02 4.560000000000000000e+02 1.791044006347656250e+02
3.789250000000000114e+02 3.000000000000000000e+02 1.791056365966796875e+02
3.792610000000000241e+02 1.010000000000000000e+02 1.791049194335937500e+02
3.795969999999999800e+02 8.700000000000000000e+01 1.791083221435546875e+02
3.799329999999999927e+02 1.940000000000000000e+02 1.791113586425781250e+02
3.802699999999999818e+02 1.160000000000000000e+02 1.791110382080078125e+02
3.806059999999999945e+02 9.400000000000000000e+01 1.790892028808593750e+02
3.809420000000000073e+02 1.420000000000000000e+02 1.791034545898437500e+02
3.812789999999999964e+02 9.300000000000000000e+01 1.791087188720703125e+02
