3.142399999999999949e+01 4.110000000000000000e+02 6.110450439453125000e+02
3.176099999999999923e+01 6.560000000000000000e+02 6.110426635742187500e+02
3.209700000000000131e+01 7.040000000000000000e+02 6.110433349609375000e+02
3.243299999999999983e+01 1.010000000000000000e+03 6.110473022460937500e+02
3.277000000000000313e+01 6.480000000000000000e+02 6.110521240234375000e+02
3.310600000000000165e+01 8.140000000000000000e+02 6.110442504882812500e+02
3.344200000000000017e+01 8.090000000000000000e+02 6.110592041015625000e+02
3.377900000000000347e+01 6.590000000000000000e+02 6.110528564453125000e+02
3.411500000000000199e+01 6.880000000000000000e+02 6.110529174804687500e+02
3.445100000000000051e+01 7.510000000000000000e+02 6.110431518554687500e+02
3.478799999999999670e+01 6.980000000000000000e+02 6.110610961914062500e+02
3.512400000000000233e+01 4.380000000000000000e+02 6.110549316406250000e+02
3.546000000000000085e+01 6.150000000000000000e+02 6.110421752929687500e+02
3.579699999999999704e+01 5.280000000000000000e+02 6.110474243164062500e+02
3.613300000000000267e+01 3.860000000000000000e+02 6.110512695312500000e+02
3.646900000000000119e+01 3.770000000000000000e+02 6.110509033203125000e+02
