5.295199999999999818e+01 9.780000000000000000e+02 2.470312347412109375e+02
5.328799999999999670e+01 8.030000000000000000e+02 2.470257110595703125e+02
5.362500000000000000e+01 8.760000000000000000e+02 2.470273132324218750e+02
5.396099999999999852e+01 7.620000000000000000e+02 2.470338745117187500e+02
5.429699999999999704e+01 1.025000000000000000e+03 2.470303192138671875e+02
5.463400000000000034e+01 8.000000000000000000e+02 2.470324096679687500e+02
5.496999999999999886e+01 7.520000000000000000e+02 2.470287475585937500e+02
5.530599999999999739e+01 9.440000000000000000e+02 2.470332031250000000e+02
5.564200000000000301e+01 5.110000000000000000e+02 2.470269165039062500e+02
5.597899999999999920e+01 1.116000000000000000e+03 2.470348052978515625e+02
5.631499999999999773e+01 7.090000000000000000e+02 2.470381622314453125e+02
5.665100000000000335e+01 8.060000000000000000e+02 2.470341949462890625e+02
5.698799999999999955e+01 5.790000000000000000e+02 2.470404205322265625e+02
5.732399999999999807e+01 6.580000000000000000e+02 2.470303955078125000e+02
5.766100000000000136e+01 7.950000000000000000e+02 2.470281372070312500e+02
5.799699999999999989e+01 5.960000000000000000e+02 2.470221252441406250e+02
5.833400000000000318e+01 6.850000000000000000e+02 2.470255889892578125e+02
5.867000000000000171e+01 7.710000000000000000e+02 2.470306701660156250e+02
5.900600000000000023e+01 4.240000000000000000e+02 2.470225219726562500e+02
5.934300000000000352e+01 6.990000000000000000e+02 2.470300445556640625e+02
5.967900000000000205e+01 7.780000000000000000e+02 2.470231781005859375e+02
6.001500000000000057e+01 6.880000000000000000e+02 2.470303344726562500e+02
6.035220000000000340e+01 7.570000000000000000e+02 2.470348815917968750e+02
6.068820000000000192e+01 5.610000000000000000e+02 2.470277404785156250e+02
6.102420000000000044e+01 7.260000000000000000e+02 2.470296478271484375e+02
6.136019999999999897e+01 3.840000000000000000e+02 2.470231933593750000e+02
6.169800000000000040e+01 5.920000000000000000e+02 2.470278167724609375e+02
6.203520000000000323e+01 8.100000000000000000e+02 2.470330657958984375e+02
6.237120000000000175e+01 5.270000000000000000e+02 2.470307006835937500e+02
6.270720000000000027e+01 4.740000000000000000e+02 2.470337371826171875e+02
6.304319999999999879e+01 4.390000000000000000e+02 2.470345916748046875e+02
6.337980000000000302e+01 6.910000000000000000e+02 2.470351104736328125e+02
6.371580000000000155e+01 7.560000000000000000e+02 2.470352325439453125e+02
6.405180000000000007e+01 8.480000000000000000e+02 2.470374908447265625e+02
6.438899999999999579e+01 7.390000000000000000e+02 2.470369110107421875e+02
6.472499999999999432e+01 8.680000000000000000e+02 2.470346832275390625e+02
6.506100000000000705e+01 7.240000000000000000e+02 2.470378417968750000e+02
6.539820000000000277e+01 8.300000000000000000e+02 2.470386047363281250e+02
6.573420000000000130e+01 6.750000000000000000e+02 2.470442657470703125e+02
6.607019999999999982e+01 6.740000000000000000e+02 2.470328674316406250e+02
6.640619999999999834e+01 7.740000000000000000e+02 2.470373992919921875e+02
6.674280000000000257e+01 6.760000000000000000e+02 2.470335388183593750e+02
6.707880000000000109e+01 9.610000000000000000e+02 2.470387878417968750e+02
6.741479999999999961e+01 4.920000000000000000e+02 2.470420532226562500e+02
6.775199999999999534e+01 9.780000000000000000e+02 2.470397033691406250e+02
6.808799999999999386e+01 8.420000000000000000e+02 2.470345916748046875e+02
6.842400000000000659e+01 6.410000000000000000e+02 2.470420379638671875e+02
6.876120000000000232e+01 6.570000000000000000e+02 2.470408172607421875e+02
6.909720000000000084e+01 8.280000000000000000e+02 2.470430297851562500e+02
6.943319999999999936e+01 4.850000000000000000e+02 2.470329132080078125e+02
6.976980000000000359e+01 5.590000000000000000e+02 2.470437622070312500e+02
7.010580000000000211e+01 6.090000000000000000e+02 2.470322418212890625e+02
7.044180000000000064e+01 4.780000000000000000e+02 2.470348663330078125e+02
7.077779999999999916e+01 7.020000000000000000e+02 2.470380401611328125e+02
7.111499999999999488e+01 5.290000000000000000e+02 2.470336151123046875e+02
7.145099999999999341e+01 6.210000000000000000e+02 2.470331115722656250e+02
7.178879999999999484e+01 5.630000000000000000e+02 2.470367126464843750e+02
7.212479999999999336e+01 5.330000000000000000e+02 2.470353546142578125e+02
7.246200000000000330e+01 5.720000000000000000e+02 2.470327453613281250e+02
7.279800000000000182e+01 7.700000000000000000e+02 2.470353240966796875e+02
7.313519999999999754e+01 6.670000000000000000e+02 2.470334320068359375e+02
7.347119999999999607e+01 4.170000000000000000e+02 2.470360260009765625e+02
7.380719999999999459e+01 6.220000000000000000e+02 2.470354156494140625e+02
7.414379999999999882e+01 3.000000000000000000e+02 2.470344696044921875e+02
7.447979999999999734e+01 5.240000000000000000e+02 2.470361328125000000e+02
7.481579999999999586e+01 4.870000000000000000e+02 2.470355377197265625e+02
7.515300000000000580e+01 5.560000000000000000e+02 2.470338287353515625e+02
7.548900000000000432e+01 6.850000000000000000e+02 2.470364379882812500e+02
7.582500000000000284e+01 4.260000000000000000e+02 2.470391693115234375e+02
7.616219999999999857e+01 4.730000000000000000e+02 2.470394134521484375e+02
7.649819999999999709e+01 4.450000000000000000e+02 2.470516815185546875e+02
7.683419999999999561e+01 6.670000000000000000e+02 2.470395050048828125e+02
7.717019999999999413e+01 4.100000000000000000e+02 2.470364685058593750e+02
7.750679999999999836e+01 4.490000000000000000e+02 2.470275421142578125e+02
7.784279999999999688e+01 5.390000000000000000e+02 2.470414581298828125e+02
7.817879999999999541e+01 4.610000000000000000e+02 2.470362091064453125e+02
7.851600000000000534e+01 5.560000000000000000e+02 2.470463409423828125e+02
7.885200000000000387e+01 4.420000000000000000e+02 2.470387268066406250e+02
7.918800000000000239e+01 5.100000000000000000e+02 2.470308227539062500e+02
7.952519999999999811e+01 5.170000000000000000e+02 2.470351257324218750e+02
7.986119999999999663e+01 3.310000000000000000e+02 2.470281219482421875e+02
8.019719999999999516e+01 4.750000000000000000e+02 2.470427856445312500e+02
8.053319999999999368e+01 5.780000000000000000e+02 2.470436096191406250e+02
8.086979999999999791e+01 5.280000000000000000e+02 2.470415496826171875e+02
8.120579999999999643e+01 4.930000000000000000e+02 2.470283050537109375e+02
8.154179999999999495e+01 6.270000000000000000e+02 2.470337524414062500e+02
8.188020000000000209e+01 5.170000000000000000e+02 2.470436401367187500e+02
8.221620000000000061e+01 5.610000000000000000e+02 2.470372009277343750e+02
