4.218900000000000006e+01 1.570000000000000000e+02 7.059914550781250000e+02
4.252499999999999858e+01 4.820000000000000000e+02 7.060007324218750000e+02
4.286200000000000188e+01 7.400000000000000000e+02 7.059821777343750000e+02
4.319800000000000040e+01 7.190000000000000000e+02 7.059897460937500000e+02
4.353399999999999892e+01 5.820000000000000000e+02 7.059986572265625000e+02
4.386999999999999744e+01 9.000000000000000000e+02 7.059924316406250000e+02
4.420700000000000074e+01 7.380000000000000000e+02 7.059902343750000000e+02
4.454299999999999926e+01 5.500000000000000000e+02 7.059953613281250000e+02
4.487899999999999778e+01 5.090000000000000000e+02 7.059914550781250000e+02
4.521600000000000108e+01 4.570000000000000000e+02 7.060020751953125000e+02
4.555199999999999960e+01 3.930000000000000000e+02 7.059971923828125000e+02
4.588799999999999812e+01 3.430000000000000000e+02 7.059981689453125000e+02
4.622500000000000142e+01 1.550000000000000000e+02 7.060059814453125000e+02
