1.353629999999999995e+02 8.400000000000000000e+01 3.740915222167968750e+02
1.356999999999999886e+02 1.880000000000000000e+02 3.740869140625000000e+02
1.360370000000000061e+02 3.060000000000000000e+02 3.740709533691406250e+02
1.363729999999999905e+02 3.000000000000000000e+02 3.740796508789062500e+02
1.367090000000000032e+02 3.150000000000000000e+02 3.740743408203125000e+02
1.370459999999999923e+02 4.910000000000000000e+02 3.740764160156250000e+02
1.373820000000000050e+02 6.720000000000000000e+02 3.740788879394531250e+02
1.377189999999999941e+02 5.210000000000000000e+02 3.740788269042968750e+02
1.380560000000000116e+02 5.870000000000000000e+02 3.740813598632812500e+02
1.383919999999999959e+02 7.830000000000000000e+02 3.740787048339843750e+02
1.387340000000000089e+02 6.340000000000000000e+02 3.740768127441406250e+02
1.390709999999999980e+02 7.520000000000000000e+02 3.740789184570312500e+02
1.394070000000000107e+02 8.310000000000000000e+02 3.740747070312500000e+02
1.397429999999999950e+02 7.200000000000000000e+02 3.740744018554687500e+02
1.400790000000000077e+02 5.990000000000000000e+02 3.740786132812500000e+02
1.404159999999999968e+02 8.270000000000000000e+02 3.740763854980468750e+02
1.407520000000000095e+02 6.200000000000000000e+02 3.740736083984375000e+02
1.410879999999999939e+02 6.020000000000000000e+02 3.740826721191406250e+02
1.414250000000000114e+02 6.930000000000000000e+02 3.740787048339843750e+02
1.417609999999999957e+02 5.340000000000000000e+02 3.740792846679687500e+02
1.420970000000000084e+02 5.830000000000000000e+02 3.740758056640625000e+02
1.424350000000000023e+02 5.530000000000000000e+02 3.740757446289062500e+02
1.427709999999999866e+02 5.190000000000000000e+02 3.740767517089843750e+02
1.431080000000000041e+02 3.850000000000000000e+02 3.740731811523437500e+02
1.434439999999999884e+02 4.340000000000000000e+02 3.740707397460937500e+02
1.437800000000000011e+02 6.580000000000000000e+02 3.740736694335937500e+02
1.441169999999999902e+02 3.930000000000000000e+02 3.740664978027343750e+02
1.444530000000000030e+02 3.620000000000000000e+02 3.740765380859375000e+02
1.447889999999999873e+02 2.330000000000000000e+02 3.740777893066406250e+02
1.451260000000000048e+02 1.880000000000000000e+02 3.740755615234375000e+02
1.454619999999999891e+02 2.390000000000000000e+02 3.740766296386718750e+02
1.457980000000000018e+02 9.700000000000000000e+01 3.740755615234375000e+02
1.461349999999999909e+02 8.800000000000000000e+01 3.740612182617187500e+02
