2.221589999999999918e+02 3.890000000000000000e+02 4.710995178222656250e+02
2.224950000000000045e+02 5.600000000000000000e+02 4.710900268554687500e+02
2.228309999999999889e+02 5.950000000000000000e+02 4.710932617187500000e+02
2.231690000000000111e+02 7.960000000000000000e+02 4.710837707519531250e+02
2.235049999999999955e+02 5.590000000000000000e+02 4.710935363769531250e+02
2.238420000000000130e+02 6.930000000000000000e+02 4.710893859863281250e+02
2.241779999999999973e+02 5.080000000000000000e+02 4.710924072265625000e+02
2.245140000000000100e+02 4.580000000000000000e+02 4.710964965820312500e+02
2.248499999999999943e+02 5.340000000000000000e+02 4.710893249511718750e+02
2.251870000000000118e+02 3.930000000000000000e+02 4.710968322753906250e+02
2.255229999999999961e+02 3.120000000000000000e+02 4.711009521484375000e+02
2.258590000000000089e+02 3.630000000000000000e+02 4.711024169921875000e+02
2.261959999999999980e+02 4.350000000000000000e+02 4.711002197265625000e+02
