1.535360000000000014e+02 5.200000000000000000e+01 2.050856170654296875e+02
1.538720000000000141e+02 5.300000000000000000e+01 2.050776977539062500e+02
1.542079999999999984e+02 3.300000000000000000e+01 2.050884399414062500e+02
1.545449999999999875e+02 6.200000000000000000e+01 2.051013793945312500e+02
1.548810000000000002e+02 6.000000000000000000e+01 2.050965881347656250e+02
1.552170000000000130e+02 5.700000000000000000e+01 2.051020660400390625e+02
1.555529999999999973e+02 1.390000000000000000e+02 2.050953063964843750e+02
1.558899999999999864e+02 1.890000000000000000e+02 2.050930786132812500e+02
1.562259999999999991e+02 2.480000000000000000e+02 2.050917663574218750e+02
1.565620000000000118e+02 4.060000000000000000e+02 2.050950622558593750e+02
1.568990000000000009e+02 4.200000000000000000e+02 2.050933532714843750e+02
1.572350000000000136e+02 4.700000000000000000e+02 2.050977020263671875e+02
1.575709999999999980e+02 6.340000000000000000e+02 2.050967559814453125e+02
1.579079999999999870e+02 6.850000000000000000e+02 2.050942840576171875e+02
1.582439999999999998e+02 7.600000000000000000e+02 2.050955352783203125e+02
1.585800000000000125e+02 1.076000000000000000e+03 2.050949554443359375e+02
1.589159999999999968e+02 9.510000000000000000e+02 2.050982208251953125e+02
1.592529999999999859e+02 7.230000000000000000e+02 2.050972595214843750e+02
1.595889999999999986e+02 9.410000000000000000e+02 2.050939483642578125e+02
1.599250000000000114e+02 1.037000000000000000e+03 2.050969085693359375e+02
1.602620000000000005e+02 9.860000000000000000e+02 2.050960845947265625e+02
1.605980000000000132e+02 8.920000000000000000e+02 2.050980529785156250e+02
1.609339999999999975e+02 1.100000000000000000e+03 2.050965881347656250e+02
1.612709999999999866e+02 8.660000000000000000e+02 2.050967712402343750e+02
1.616069999999999993e+02 6.510000000000000000e+02 2.050953979492187500e+02
1.619430000000000121e+02 8.210000000000000000e+02 2.050966491699218750e+02
1.622789999999999964e+02 4.990000000000000000e+02 2.050970764160156250e+02
1.626169999999999902e+02 2.140000000000000000e+02 2.051009826660156250e+02
1.629540000000000077e+02 3.570000000000000000e+02 2.050928497314453125e+02
1.632899999999999920e+02 2.860000000000000000e+02 2.050925445556640625e+02
1.636260000000000048e+02 2.700000000000000000e+02 2.050831451416015625e+02
