2.208129999999999882e+02 2.040000000000000000e+02 7.572145385742187500e+02
2.211500000000000057e+02 2.370000000000000000e+02 7.572208251953125000e+02
2.214859999999999900e+02 4.110000000000000000e+02 7.572305297851562500e+02
2.218220000000000027e+02 5.240000000000000000e+02 7.572107543945312500e+02
2.221589999999999918e+02 7.450000000000000000e+02 7.572190551757812500e+02
2.224950000000000045e+02 4.930000000000000000e+02 7.572240600585937500e+02
2.228309999999999889e+02 6.260000000000000000e+02 7.572216796875000000e+02
2.231690000000000111e+02 4.550000000000000000e+02 7.572163085937500000e+02
2.235049999999999955e+02 5.170000000000000000e+02 7.572186279296875000e+02
2.238420000000000130e+02 3.710000000000000000e+02 7.572091674804687500e+02
2.241779999999999973e+02 2.770000000000000000e+02 7.572261352539062500e+02
2.245140000000000100e+02 1.330000000000000000e+02 7.572361450195312500e+02
