1.451260000000000048e+02 5.300000000000000000e+01 3.281385498046875000e+02
1.454619999999999891e+02 9.100000000000000000e+01 3.281329650878906250e+02
1.457980000000000018e+02 2.040000000000000000e+02 3.281299438476562500e+02
1.461349999999999909e+02 2.280000000000000000e+02 3.281383056640625000e+02
1.464710000000000036e+02 2.350000000000000000e+02 3.281338195800781250e+02
1.468069999999999879e+02 4.640000000000000000e+02 3.281349487304687500e+02
1.471430000000000007e+02 4.010000000000000000e+02 3.281347351074218750e+02
1.474799999999999898e+02 3.880000000000000000e+02 3.281402587890625000e+02
1.478160000000000025e+02 5.290000000000000000e+02 3.281371765136718750e+02
1.481519999999999868e+02 6.160000000000000000e+02 3.281352539062500000e+02
1.484890000000000043e+02 7.440000000000000000e+02 3.281347351074218750e+02
1.488249999999999886e+02 6.750000000000000000e+02 3.281382751464843750e+02
1.491610000000000014e+02 7.100000000000000000e+02 3.281415710449218750e+02
1.494979999999999905e+02 6.440000000000000000e+02 3.281347961425781250e+02
1.498340000000000032e+02 5.740000000000000000e+02 3.281374816894531250e+02
1.501699999999999875e+02 4.960000000000000000e+02 3.281395263671875000e+02
1.505060000000000002e+02 5.790000000000000000e+02 3.281322631835937500e+02
1.508429999999999893e+02 4.320000000000000000e+02 3.281374206542968750e+02
1.511790000000000020e+02 3.070000000000000000e+02 3.281374511718750000e+02
1.515159999999999911e+02 3.480000000000000000e+02 3.281386718750000000e+02
1.518520000000000039e+02 4.210000000000000000e+02 3.281377868652343750e+02
1.521889999999999930e+02 2.490000000000000000e+02 3.281333618164062500e+02
1.525269999999999868e+02 1.450000000000000000e+02 3.281347961425781250e+02
1.528629999999999995e+02 2.090000000000000000e+02 3.281328125000000000e+02
1.531990000000000123e+02 1.570000000000000000e+02 3.281423339843750000e+02
1.535360000000000014e+02 6.700000000000000000e+01 3.281378173828125000e+02
1.538720000000000141e+02 1.020000000000000000e+02 3.281319274902343750e+02
1.542079999999999984e+02 2.500000000000000000e+01 3.281158447265625000e+02
1.545449999999999875e+02 4.800000000000000000e+01 3.281426391601562500e+02
