3.247679999999999723e+02 1.210000000000000000e+02 6.151648559570312500e+02
3.251050000000000182e+02 1.330000000000000000e+02 6.151787109375000000e+02
3.254420000000000073e+02 4.480000000000000000e+02 6.151753540039062500e+02
3.257780000000000200e+02 1.115000000000000000e+03 6.151692504882812500e+02
3.261150000000000091e+02 1.982000000000000000e+03 6.151687011718750000e+02
3.264510000000000218e+02 3.037000000000000000e+03 6.151683959960937500e+02
3.267869999999999777e+02 4.294000000000000000e+03 6.151700439453125000e+02
3.271229999999999905e+02 5.302000000000000000e+03 6.151701660156250000e+02
3.274599999999999795e+02 6.368000000000000000e+03 6.151694335937500000e+02
3.277959999999999923e+02 5.966000000000000000e+03 6.151692504882812500e+02
3.281320000000000050e+02 6.178000000000000000e+03 6.151691284179687500e+02
3.284689999999999941e+02 5.428000000000000000e+03 6.151701660156250000e+02
3.288050000000000068e+02 4.839000000000000000e+03 6.151696166992187500e+02
3.291410000000000196e+02 3.937000000000000000e+03 6.151701049804687500e+02
3.294780000000000086e+02 3.563000000000000000e+03 6.151695556640625000e+02
3.298140000000000214e+02 2.542000000000000000e+03 6.151693725585937500e+02
3.301499999999999773e+02 1.819000000000000000e+03 6.151717529296875000e+02
3.304859999999999900e+02 1.432000000000000000e+03 6.151696777343750000e+02
3.308229999999999791e+02 1.128000000000000000e+03 6.151657714843750000e+02
3.311589999999999918e+02 1.140000000000000000e+03 6.151649780273437500e+02
3.314950000000000045e+02 7.350000000000000000e+02 6.151708984375000000e+02
3.318319999999999936e+02 6.110000000000000000e+02 6.151643676757812500e+02
3.321680000000000064e+02 5.520000000000000000e+02 6.151716308593750000e+02
3.325040000000000191e+02 5.840000000000000000e+02 6.151746215820312500e+02
3.328410000000000082e+02 9.820000000000000000e+02 6.151721801757812500e+02
3.331770000000000209e+02 8.950000000000000000e+02 6.151660156250000000e+02
3.335129999999999768e+02 1.216000000000000000e+03 6.151688842773437500e+02
3.338489999999999895e+02 1.169000000000000000e+03 6.151726684570312500e+02
3.341870000000000118e+02 9.670000000000000000e+02 6.151672973632812500e+02
3.345240000000000009e+02 9.740000000000000000e+02 6.151642456054687500e+02
3.348600000000000136e+02 7.500000000000000000e+02 6.151655273437500000e+02
3.351960000000000264e+02 8.810000000000000000e+02 6.151653442382812500e+02
3.355319999999999823e+02 7.130000000000000000e+02 6.151764526367187500e+02
3.358690000000000282e+02 5.410000000000000000e+02 6.151756591796875000e+02
3.362049999999999841e+02 4.940000000000000000e+02 6.151607055664062500e+02
3.365409999999999968e+02 4.230000000000000000e+02 6.151730346679687500e+02
3.368779999999999859e+02 3.840000000000000000e+02 6.151780395507812500e+02
3.372139999999999986e+02 4.410000000000000000e+02 6.151684570312500000e+02
3.375500000000000114e+02 3.610000000000000000e+02 6.151689453125000000e+02
3.378870000000000005e+02 3.320000000000000000e+02 6.151738891601562500e+02
3.382230000000000132e+02 2.990000000000000000e+02 6.151767578125000000e+02
3.385590000000000259e+02 5.090000000000000000e+02 6.151697998046875000e+02
3.388960000000000150e+02 3.760000000000000000e+02 6.151610107421875000e+02
3.392320000000000277e+02 3.070000000000000000e+02 6.151749877929687500e+02
3.395679999999999836e+02 2.510000000000000000e+02 6.151658325195312500e+02
3.399039999999999964e+02 3.020000000000000000e+02 6.151745605468750000e+02
3.402409999999999854e+02 3.620000000000000000e+02 6.151624755859375000e+02
3.405769999999999982e+02 2.590000000000000000e+02 6.151698608398437500e+02
3.409139999999999873e+02 3.490000000000000000e+02 6.151749267578125000e+02
3.412500000000000000e+02 2.270000000000000000e+02 6.151875610351562500e+02
3.415869999999999891e+02 2.730000000000000000e+02 6.151820678710937500e+02
3.419230000000000018e+02 2.310000000000000000e+02 6.151641235351562500e+02
