1.336819999999999879e+02 1.160000000000000000e+02 4.600121154785156250e+02
1.340180000000000007e+02 4.970000000000000000e+02 4.600093383789062500e+02
1.343540000000000134e+02 9.430000000000000000e+02 4.600084838867187500e+02
1.346910000000000025e+02 1.553000000000000000e+03 4.600120544433593750e+02
1.350269999999999868e+02 2.652000000000000000e+03 4.600057678222656250e+02
1.353629999999999995e+02 3.369000000000000000e+03 4.600098266601562500e+02
1.356999999999999886e+02 3.958000000000000000e+03 4.600093994140625000e+02
1.360370000000000061e+02 4.763000000000000000e+03 4.600086059570312500e+02
1.363729999999999905e+02 4.981000000000000000e+03 4.600110473632812500e+02
1.367090000000000032e+02 6.035000000000000000e+03 4.600064697265625000e+02
1.370459999999999923e+02 5.445000000000000000e+03 4.600107727050781250e+02
1.373820000000000050e+02 6.082000000000000000e+03 4.600111999511718750e+02
1.377189999999999941e+02 6.125000000000000000e+03 4.600084533691406250e+02
1.380560000000000116e+02 5.965000000000000000e+03 4.600099182128906250e+02
1.383919999999999959e+02 5.908000000000000000e+03 4.600081176757812500e+02
1.387340000000000089e+02 5.545000000000000000e+03 4.600086975097656250e+02
1.390709999999999980e+02 5.572000000000000000e+03 4.600076904296875000e+02
1.394070000000000107e+02 5.621000000000000000e+03 4.600086364746093750e+02
1.397429999999999950e+02 5.440000000000000000e+03 4.600082092285156250e+02
1.400790000000000077e+02 5.890000000000000000e+03 4.600095520019531250e+02
1.404159999999999968e+02 5.833000000000000000e+03 4.600104980468750000e+02
1.407520000000000095e+02 5.341000000000000000e+03 4.600069885253906250e+02
1.410879999999999939e+02 5.859000000000000000e+03 4.600101928710937500e+02
1.414250000000000114e+02 5.886000000000000000e+03 4.600098571777343750e+02
1.417609999999999957e+02 5.374000000000000000e+03 4.600107116699218750e+02
1.420970000000000084e+02 4.920000000000000000e+03 4.600096435546875000e+02
1.424350000000000023e+02 4.940000000000000000e+03 4.600082702636718750e+02
1.427709999999999866e+02 4.502000000000000000e+03 4.600048522949218750e+02
1.431080000000000041e+02 4.218000000000000000e+03 4.600123596191406250e+02
1.434439999999999884e+02 4.431000000000000000e+03 4.600092773437500000e+02
1.437800000000000011e+02 4.296000000000000000e+03 4.600075073242187500e+02
1.441169999999999902e+02 4.249000000000000000e+03 4.600093383789062500e+02
1.444530000000000030e+02 3.931000000000000000e+03 4.600072021484375000e+02
1.447889999999999873e+02 3.531000000000000000e+03 4.600091552734375000e+02
1.451260000000000048e+02 3.591000000000000000e+03 4.600084838867187500e+02
1.454619999999999891e+02 3.268000000000000000e+03 4.600066223144531250e+02
1.457980000000000018e+02 3.146000000000000000e+03 4.600075683593750000e+02
1.461349999999999909e+02 2.543000000000000000e+03 4.600116271972656250e+02
1.464710000000000036e+02 2.769000000000000000e+03 4.600090026855468750e+02
1.468069999999999879e+02 2.128000000000000000e+03 4.600084228515625000e+02
1.471430000000000007e+02 1.951000000000000000e+03 4.600047302246093750e+02
1.474799999999999898e+02 1.383000000000000000e+03 4.600103759765625000e+02
1.478160000000000025e+02 1.327000000000000000e+03 4.600094299316406250e+02
1.481519999999999868e+02 1.397000000000000000e+03 4.600086975097656250e+02
1.484890000000000043e+02 1.162000000000000000e+03 4.600131530761718750e+02
1.488249999999999886e+02 7.890000000000000000e+02 4.600128479003906250e+02
1.491610000000000014e+02 8.420000000000000000e+02 4.600164489746093750e+02
1.494979999999999905e+02 7.570000000000000000e+02 4.600070190429687500e+02
1.498340000000000032e+02 5.440000000000000000e+02 4.600077209472656250e+02
1.501699999999999875e+02 5.550000000000000000e+02 4.600049438476562500e+02
1.505060000000000002e+02 6.090000000000000000e+02 4.600100708007812500e+02
1.508429999999999893e+02 3.910000000000000000e+02 4.600080566406250000e+02
1.511790000000000020e+02 3.830000000000000000e+02 4.600065002441406250e+02
1.515159999999999911e+02 5.610000000000000000e+02 4.600030822753906250e+02
1.518520000000000039e+02 5.730000000000000000e+02 4.600144958496093750e+02
1.521889999999999930e+02 5.690000000000000000e+02 4.600120849609375000e+02
