5.316509999999999536e+02 3.800000000000000000e+01 4.101613159179687500e+02
5.319869999999999663e+02 3.400000000000000000e+01 4.101679992675781250e+02
5.323229999999999791e+02 1.150000000000000000e+02 4.101562805175781250e+02
5.326599999999999682e+02 8.900000000000000000e+01 4.101745605468750000e+02
5.329959999999999809e+02 7.600000000000000000e+01 4.101807250976562500e+02
5.333319999999999936e+02 1.700000000000000000e+02 4.101661071777343750e+02
5.336689999999999827e+02 3.920000000000000000e+02 4.101650390625000000e+02
5.340049999999999955e+02 7.490000000000000000e+02 4.101671447753906250e+02
5.343410000000000082e+02 1.037000000000000000e+03 4.101632690429687500e+02
5.346779999999999973e+02 2.064000000000000000e+03 4.101654052734375000e+02
5.350140000000000100e+02 2.598000000000000000e+03 4.101690063476562500e+02
5.353500000000000227e+02 3.158000000000000000e+03 4.101693725585937500e+02
5.356860000000000355e+02 4.414000000000000000e+03 4.101685791015625000e+02
5.360240000000000009e+02 4.557000000000000000e+03 4.101661376953125000e+02
5.363609999999999900e+02 5.504000000000000000e+03 4.101665954589843750e+02
5.366970000000000027e+02 5.846000000000000000e+03 4.101666564941406250e+02
5.370330000000000155e+02 5.206000000000000000e+03 4.101644897460937500e+02
5.373700000000000045e+02 5.702000000000000000e+03 4.101647949218750000e+02
5.377060000000000173e+02 5.718000000000000000e+03 4.101655578613281250e+02
5.380420000000000300e+02 5.421000000000000000e+03 4.101662597656250000e+02
5.383790000000000191e+02 4.458000000000000000e+03 4.101655578613281250e+02
5.387150000000000318e+02 3.810000000000000000e+03 4.101653442382812500e+02
5.390510000000000446e+02 3.415000000000000000e+03 4.101661376953125000e+02
5.393869999999999436e+02 2.669000000000000000e+03 4.101678161621093750e+02
5.397240000000000464e+02 2.277000000000000000e+03 4.101635437011718750e+02
5.400599999999999454e+02 1.400000000000000000e+03 4.101661682128906250e+02
5.403970000000000482e+02 9.890000000000000000e+02 4.101655578613281250e+02
5.407329999999999472e+02 7.250000000000000000e+02 4.101647644042968750e+02
5.410689999999999600e+02 7.630000000000000000e+02 4.101652526855468750e+02
5.414059999999999491e+02 5.620000000000000000e+02 4.101699829101562500e+02
5.417419999999999618e+02 3.840000000000000000e+02 4.101654663085937500e+02
5.420779999999999745e+02 3.920000000000000000e+02 4.101758117675781250e+02
5.424149999999999636e+02 2.250000000000000000e+02 4.101661682128906250e+02
5.427509999999999764e+02 1.700000000000000000e+02 4.101565551757812500e+02
5.430869999999999891e+02 1.740000000000000000e+02 4.101680603027343750e+02
5.434239999999999782e+02 2.170000000000000000e+02 4.101722412109375000e+02
5.437599999999999909e+02 1.080000000000000000e+02 4.101660156250000000e+02
5.440960000000000036e+02 1.440000000000000000e+02 4.101689453125000000e+02
