8.653619999999999663e+02 3.130000000000000000e+02 6.934230346679687500e+02
8.656979999999999791e+02 3.380000000000000000e+02 6.934420776367187500e+02
8.660339999999999918e+02 5.840000000000000000e+02 6.934357299804687500e+02
8.663700000000000045e+02 5.720000000000000000e+02 6.934348144531250000e+02
8.667060000000000173e+02 5.770000000000000000e+02 6.934302368164062500e+02
8.670420000000000300e+02 6.170000000000000000e+02 6.934315185546875000e+02
8.673780000000000427e+02 6.880000000000000000e+02 6.934274902343750000e+02
8.677140000000000555e+02 6.780000000000000000e+02 6.934339599609375000e+02
8.680499999999999545e+02 6.350000000000000000e+02 6.934356079101562500e+02
8.683859999999999673e+02 5.800000000000000000e+02 6.934403686523437500e+02
8.687219999999999800e+02 6.610000000000000000e+02 6.934292602539062500e+02
8.690639999999999645e+02 5.330000000000000000e+02 6.934236450195312500e+02
8.693999999999999773e+02 4.630000000000000000e+02 6.934314575195312500e+02
8.697359999999999900e+02 4.010000000000000000e+02 6.934302368164062500e+02
8.700720000000000027e+02 3.270000000000000000e+02 6.934427490234375000e+02
8.704080000000000155e+02 2.560000000000000000e+02 6.934367675781250000e+02
8.707440000000000282e+02 1.510000000000000000e+02 6.934337768554687500e+02
8.710800000000000409e+02 9.600000000000000000e+01 6.934459228515625000e+02
8.714160000000000537e+02 1.220000000000000000e+02 6.934190673828125000e+02
8.717519999999999527e+02 5.800000000000000000e+01 6.934308471679687500e+02
8.720879999999999654e+02 6.200000000000000000e+01 6.934369506835937500e+02
8.724239999999999782e+02 8.200000000000000000e+01 6.934255371093750000e+02
8.727599999999999909e+02 8.400000000000000000e+01 6.934207153320312500e+02
