7.072500000000000000e+02 1.050000000000000000e+02 4.132263488769531250e+02
7.075860000000000127e+02 6.800000000000000000e+01 4.132328796386718750e+02
7.079220000000000255e+02 1.650000000000000000e+02 4.132270812988281250e+02
7.082580000000000382e+02 1.600000000000000000e+02 4.132317504882812500e+02
7.085940000000000509e+02 6.600000000000000000e+01 4.132304992675781250e+02
7.089299999999999500e+02 1.920000000000000000e+02 4.132386779785156250e+02
7.092659999999999627e+02 4.700000000000000000e+02 4.132307434082031250e+02
7.096019999999999754e+02 3.310000000000000000e+02 4.132280273437500000e+02
7.099379999999999882e+02 3.940000000000000000e+02 4.132360534667968750e+02
7.102740000000000009e+02 4.080000000000000000e+02 4.132320251464843750e+02
7.106159999999999854e+02 6.870000000000000000e+02 4.132406005859375000e+02
7.109519999999999982e+02 5.070000000000000000e+02 4.132373046875000000e+02
7.112820000000000391e+02 5.070000000000000000e+02 4.132395935058593750e+02
7.116240000000000236e+02 6.680000000000000000e+02 4.132346801757812500e+02
7.119600000000000364e+02 4.500000000000000000e+02 4.132383117675781250e+02
7.122960000000000491e+02 4.250000000000000000e+02 4.132349548339843750e+02
7.126319999999999482e+02 2.780000000000000000e+02 4.132339782714843750e+02
7.129679999999999609e+02 2.980000000000000000e+02 4.132384643554687500e+02
7.133039999999999736e+02 2.280000000000000000e+02 4.132454223632812500e+02
7.136399999999999864e+02 3.250000000000000000e+02 4.132391662597656250e+02
7.139759999999999991e+02 2.740000000000000000e+02 4.132363891601562500e+02
7.143120000000000118e+02 1.380000000000000000e+02 4.132355957031250000e+02
7.146480000000000246e+02 1.470000000000000000e+02 4.132246398925781250e+02
