2.860830000000000268e+02 1.170000000000000000e+02 1.640399627685546875e+02
2.864189999999999827e+02 3.060000000000000000e+02 1.640451812744140625e+02
2.867549999999999955e+02 3.860000000000000000e+02 1.640464324951171875e+02
2.870919999999999845e+02 2.790000000000000000e+02 1.640508270263671875e+02
2.874279999999999973e+02 4.960000000000000000e+02 1.640498962402343750e+02
2.877640000000000100e+02 5.160000000000000000e+02 1.640457153320312500e+02
2.881000000000000227e+02 5.730000000000000000e+02 1.640482940673828125e+02
2.884370000000000118e+02 3.740000000000000000e+02 1.640447845458984375e+02
2.887730000000000246e+02 6.820000000000000000e+02 1.640477142333984375e+02
2.891089999999999804e+02 5.360000000000000000e+02 1.640475616455078125e+02
2.894460000000000264e+02 4.400000000000000000e+02 1.640475921630859375e+02
2.897830000000000155e+02 2.980000000000000000e+02 1.640444488525390625e+02
2.901190000000000282e+02 4.380000000000000000e+02 1.640466003417968750e+02
2.904549999999999841e+02 4.620000000000000000e+02 1.640464630126953125e+02
2.907919999999999732e+02 2.220000000000000000e+02 1.640468139648437500e+02
2.911279999999999859e+02 5.470000000000000000e+02 1.640480499267578125e+02
2.914639999999999986e+02 5.930000000000000000e+02 1.640468444824218750e+02
2.918009999999999877e+02 3.830000000000000000e+02 1.640494842529296875e+02
2.921370000000000005e+02 5.550000000000000000e+02 1.640471801757812500e+02
2.924730000000000132e+02 3.930000000000000000e+02 1.640465087890625000e+02
2.928100000000000023e+02 4.390000000000000000e+02 1.640482940673828125e+02
2.931460000000000150e+02 4.050000000000000000e+02 1.640461578369140625e+02
2.934820000000000277e+02 3.210000000000000000e+02 1.640454864501953125e+02
2.938199999999999932e+02 2.170000000000000000e+02 1.640426788330078125e+02
2.941569999999999823e+02 2.050000000000000000e+02 1.640566253662109375e+02
2.944940000000000282e+02 1.270000000000000000e+02 1.640552062988281250e+02
2.948299999999999841e+02 1.200000000000000000e+02 1.640503997802734375e+02
2.951659999999999968e+02 1.970000000000000000e+02 1.640531311035156250e+02
2.955020000000000095e+02 2.470000000000000000e+02 1.640479431152343750e+02
2.958389999999999986e+02 6.200000000000000000e+01 1.640581970214843750e+02
2.961750000000000114e+02 1.010000000000000000e+02 1.640540618896484375e+02
2.965110000000000241e+02 8.600000000000000000e+01 1.640494079589843750e+02
2.968480000000000132e+02 7.800000000000000000e+01 1.640557556152343750e+02
2.971840000000000259e+02 8.100000000000000000e+01 1.640649566650390625e+02
2.975199999999999818e+02 1.270000000000000000e+02 1.640672912597656250e+02
2.978570000000000277e+02 3.100000000000000000e+01 1.640542297363281250e+02
2.981929999999999836e+02 1.030000000000000000e+02 1.640543212890625000e+02
2.985289999999999964e+02 4.900000000000000000e+01 1.640463714599609375e+02
