2.598430000000000177e+02 3.200000000000000000e+01 1.589996337890625000e+02
2.601789999999999736e+02 2.800000000000000000e+01 1.589931488037109375e+02
2.605149999999999864e+02 6.100000000000000000e+01 1.589993438720703125e+02
2.608519999999999754e+02 7.500000000000000000e+01 1.590104064941406250e+02
2.611879999999999882e+02 1.580000000000000000e+02 1.590022430419921875e+02
2.615240000000000009e+02 1.110000000000000000e+02 1.589921112060546875e+02
2.618609999999999900e+02 1.320000000000000000e+02 1.589980621337890625e+02
2.621970000000000027e+02 1.750000000000000000e+02 1.589982147216796875e+02
2.625339999999999918e+02 4.200000000000000000e+02 1.589968566894531250e+02
2.628700000000000045e+02 1.580000000000000000e+02 1.589974365234375000e+02
2.632069999999999936e+02 3.580000000000000000e+02 1.589995422363281250e+02
2.635450000000000159e+02 3.170000000000000000e+02 1.589951477050781250e+02
2.638809999999999718e+02 4.150000000000000000e+02 1.589978332519531250e+02
2.642169999999999845e+02 3.990000000000000000e+02 1.589958953857421875e+02
2.645539999999999736e+02 3.660000000000000000e+02 1.589954376220703125e+02
2.648899999999999864e+02 2.290000000000000000e+02 1.589981384277343750e+02
2.652259999999999991e+02 2.570000000000000000e+02 1.589982147216796875e+02
2.655620000000000118e+02 1.590000000000000000e+02 1.590028381347656250e+02
2.658990000000000009e+02 1.300000000000000000e+02 1.589952850341796875e+02
2.662350000000000136e+02 8.500000000000000000e+01 1.590049285888671875e+02
2.665710000000000264e+02 1.420000000000000000e+02 1.589973754882812500e+02
2.669080000000000155e+02 4.700000000000000000e+01 1.589970550537109375e+02
2.672440000000000282e+02 7.500000000000000000e+01 1.590025634765625000e+02
2.675799999999999841e+02 1.200000000000000000e+02 1.589999542236328125e+02
2.679169999999999732e+02 9.000000000000000000e+01 1.589964447021484375e+02
2.682529999999999859e+02 1.070000000000000000e+02 1.589915466308593750e+02
2.685889999999999986e+02 1.920000000000000000e+02 1.589993438720703125e+02
2.689250000000000114e+02 2.520000000000000000e+02 1.589948120117187500e+02
2.692620000000000005e+02 1.370000000000000000e+02 1.589952239990234375e+02
2.695980000000000132e+02 2.020000000000000000e+02 1.589954681396484375e+02
2.699340000000000259e+02 2.270000000000000000e+02 1.589992370605468750e+02
2.702710000000000150e+02 2.820000000000000000e+02 1.589996490478515625e+02
2.706070000000000277e+02 6.190000000000000000e+02 1.589976806640625000e+02
2.709429999999999836e+02 5.980000000000000000e+02 1.589963531494140625e+02
2.712799999999999727e+02 6.060000000000000000e+02 1.589986419677734375e+02
2.716159999999999854e+02 6.500000000000000000e+02 1.589956970214843750e+02
2.719519999999999982e+02 5.500000000000000000e+02 1.589992218017578125e+02
2.722889999999999873e+02 5.340000000000000000e+02 1.589962005615234375e+02
2.726250000000000000e+02 3.140000000000000000e+02 1.590002746582031250e+02
2.729610000000000127e+02 3.830000000000000000e+02 1.589980468750000000e+02
2.732970000000000255e+02 3.070000000000000000e+02 1.589990234375000000e+02
2.736349999999999909e+02 3.130000000000000000e+02 1.589955291748046875e+02
2.739719999999999800e+02 3.740000000000000000e+02 1.589941864013671875e+02
2.743079999999999927e+02 2.950000000000000000e+02 1.590000457763671875e+02
2.746440000000000055e+02 1.450000000000000000e+02 1.590073242187500000e+02
2.749809999999999945e+02 2.410000000000000000e+02 1.589998474121093750e+02
2.753170000000000073e+02 1.900000000000000000e+02 1.589984130859375000e+02
2.756530000000000200e+02 2.630000000000000000e+02 1.589940032958984375e+02
2.759889999999999759e+02 2.170000000000000000e+02 1.590049438476562500e+02
2.763260000000000218e+02 1.550000000000000000e+02 1.589920654296875000e+02
2.766619999999999777e+02 1.180000000000000000e+02 1.590066223144531250e+02
2.769979999999999905e+02 1.430000000000000000e+02 1.589972991943359375e+02
2.773369999999999891e+02 1.950000000000000000e+02 1.589962921142578125e+02
2.776730000000000018e+02 1.270000000000000000e+02 1.590003356933593750e+02
2.780090000000000146e+02 1.040000000000000000e+02 1.590113372802734375e+02
2.783460000000000036e+02 1.930000000000000000e+02 1.590044097900390625e+02
2.786820000000000164e+02 1.320000000000000000e+02 1.589966735839843750e+02
2.790190000000000055e+02 1.090000000000000000e+02 1.589989166259765625e+02
2.793550000000000182e+02 1.410000000000000000e+02 1.589989166259765625e+02
2.796909999999999741e+02 1.950000000000000000e+02 1.590016021728515625e+02
2.800280000000000200e+02 7.400000000000000000e+01 1.589953613281250000e+02
