2.611879999999999882e+02 4.800000000000000000e+01 6.691441040039062500e+02
2.615240000000000009e+02 1.200000000000000000e+02 6.691363525390625000e+02
2.618609999999999900e+02 1.590000000000000000e+02 6.691447143554687500e+02
2.621970000000000027e+02 2.890000000000000000e+02 6.691423950195312500e+02
2.625339999999999918e+02 3.060000000000000000e+02 6.691541748046875000e+02
2.628700000000000045e+02 4.270000000000000000e+02 6.691531372070312500e+02
2.632069999999999936e+02 6.390000000000000000e+02 6.691506347656250000e+02
2.635450000000000159e+02 5.270000000000000000e+02 6.691499633789062500e+02
2.638809999999999718e+02 4.700000000000000000e+02 6.691580810546875000e+02
2.642169999999999845e+02 3.100000000000000000e+02 6.691541137695312500e+02
2.645539999999999736e+02 3.990000000000000000e+02 6.691538696289062500e+02
2.648899999999999864e+02 3.900000000000000000e+02 6.691471557617187500e+02
2.652259999999999991e+02 2.550000000000000000e+02 6.691389770507812500e+02
2.655620000000000118e+02 2.650000000000000000e+02 6.691417846679687500e+02
2.658990000000000009e+02 1.690000000000000000e+02 6.691488037109375000e+02
2.662350000000000136e+02 9.300000000000000000e+01 6.691594238281250000e+02
2.665710000000000264e+02 1.950000000000000000e+02 6.691639404296875000e+02
