6.342480000000000473e+02 2.720000000000000000e+02 5.302501220703125000e+02
6.345839999999999463e+02 2.170000000000000000e+02 5.302579345703125000e+02
6.349199999999999591e+02 4.250000000000000000e+02 5.302523193359375000e+02
6.352559999999999718e+02 3.590000000000000000e+02 5.302557983398437500e+02
6.355919999999999845e+02 4.330000000000000000e+02 5.302514038085937500e+02
6.359279999999999973e+02 6.790000000000000000e+02 5.302459716796875000e+02
6.362640000000000100e+02 5.020000000000000000e+02 5.302580566406250000e+02
6.366000000000000227e+02 4.770000000000000000e+02 5.302522583007812500e+02
6.369420000000000073e+02 6.300000000000000000e+02 5.302539062500000000e+02
6.372780000000000200e+02 3.640000000000000000e+02 5.302630004882812500e+02
6.376140000000000327e+02 5.250000000000000000e+02 5.302556762695312500e+02
6.379500000000000455e+02 2.780000000000000000e+02 5.302587280273437500e+02
6.382859999999999445e+02 2.770000000000000000e+02 5.302575683593750000e+02
6.386219999999999573e+02 2.420000000000000000e+02 5.302576293945312500e+02
