2.490709999999999980e+02 1.030000000000000000e+02 1.300490570068359375e+02
2.494070000000000107e+02 1.290000000000000000e+02 1.300583190917968750e+02
2.497429999999999950e+02 1.360000000000000000e+02 1.300679168701171875e+02
2.500800000000000125e+02 1.370000000000000000e+02 1.300709686279296875e+02
2.504159999999999968e+02 3.680000000000000000e+02 1.300659179687500000e+02
2.507520000000000095e+02 3.550000000000000000e+02 1.300631713867187500e+02
2.510889999999999986e+02 3.120000000000000000e+02 1.300653076171875000e+02
2.514250000000000114e+02 5.790000000000000000e+02 1.300662078857421875e+02
2.517609999999999957e+02 4.930000000000000000e+02 1.300660552978515625e+02
2.520980000000000132e+02 5.630000000000000000e+02 1.300669555664062500e+02
2.524339999999999975e+02 6.260000000000000000e+02 1.300660095214843750e+02
2.527700000000000102e+02 5.270000000000000000e+02 1.300639190673828125e+02
2.531059999999999945e+02 4.350000000000000000e+02 1.300653839111328125e+02
2.534439999999999884e+02 1.900000000000000000e+02 1.300678558349609375e+02
2.537810000000000059e+02 2.280000000000000000e+02 1.300637207031250000e+02
2.541169999999999902e+02 1.860000000000000000e+02 1.300672760009765625e+02
2.544530000000000030e+02 2.570000000000000000e+02 1.300628204345703125e+02
2.547899999999999920e+02 1.880000000000000000e+02 1.300698852539062500e+02
2.551260000000000048e+02 1.620000000000000000e+02 1.300654602050781250e+02
2.554619999999999891e+02 1.140000000000000000e+02 1.300636291503906250e+02
