3.462970000000000255e+02 2.050000000000000000e+02 8.093118896484375000e+02
3.466329999999999814e+02 4.000000000000000000e+02 8.093219604492187500e+02
3.469689999999999941e+02 3.760000000000000000e+02 8.093300781250000000e+02
3.473059999999999832e+02 3.620000000000000000e+02 8.093253784179687500e+02
3.476419999999999959e+02 6.080000000000000000e+02 8.093209228515625000e+02
3.479780000000000086e+02 4.830000000000000000e+02 8.093278808593750000e+02
3.483140000000000214e+02 3.750000000000000000e+02 8.093260498046875000e+02
3.486510000000000105e+02 4.370000000000000000e+02 8.093262329101562500e+02
3.489870000000000232e+02 5.440000000000000000e+02 8.093329467773437500e+02
3.493229999999999791e+02 2.900000000000000000e+02 8.093224487304687500e+02
3.496600000000000250e+02 1.690000000000000000e+02 8.093140869140625000e+02
3.499959999999999809e+02 1.040000000000000000e+02 8.093269042968750000e+02
3.503319999999999936e+02 8.900000000000000000e+01 8.093057250976562500e+02
3.506689999999999827e+02 1.130000000000000000e+02 8.093115844726562500e+02
