6.924479999999999791e+02 2.870000000000000000e+02 2.241051635742187500e+02
6.927839999999999918e+02 4.210000000000000000e+02 2.241104888916015625e+02
6.931200000000000045e+02 3.510000000000000000e+02 2.241026458740234375e+02
6.934560000000000173e+02 2.270000000000000000e+02 2.241040954589843750e+02
6.937920000000000300e+02 4.020000000000000000e+02 2.241089477539062500e+02
6.941280000000000427e+02 4.330000000000000000e+02 2.241116027832031250e+02
6.944640000000000555e+02 2.670000000000000000e+02 2.241062164306640625e+02
6.948060000000000400e+02 3.830000000000000000e+02 2.241087036132812500e+02
6.951359999999999673e+02 4.430000000000000000e+02 2.241065826416015625e+02
6.954779999999999518e+02 4.190000000000000000e+02 2.241061553955078125e+02
6.958139999999999645e+02 2.490000000000000000e+02 2.241074829101562500e+02
6.961499999999999773e+02 3.280000000000000000e+02 2.241092224121093750e+02
6.964859999999999900e+02 4.640000000000000000e+02 2.241072540283203125e+02
6.968220000000000027e+02 4.770000000000000000e+02 2.241049804687500000e+02
6.971580000000000155e+02 3.880000000000000000e+02 2.241037750244140625e+02
6.974940000000000282e+02 3.330000000000000000e+02 2.241057434082031250e+02
6.978300000000000409e+02 2.270000000000000000e+02 2.241071472167968750e+02
6.981660000000000537e+02 4.730000000000000000e+02 2.241071319580078125e+02
6.985019999999999527e+02 4.180000000000000000e+02 2.241071166992187500e+02
6.988379999999999654e+02 3.400000000000000000e+02 2.241034393310546875e+02
6.991739999999999782e+02 2.940000000000000000e+02 2.241104125976562500e+02
6.995159999999999627e+02 3.280000000000000000e+02 2.241067962646484375e+02
6.998519999999999754e+02 3.790000000000000000e+02 2.241050109863281250e+02
7.001879999999999882e+02 4.910000000000000000e+02 2.241070251464843750e+02
7.005240000000000009e+02 2.770000000000000000e+02 2.241039733886718750e+02
7.008600000000000136e+02 3.650000000000000000e+02 2.241052551269531250e+02
7.011960000000000264e+02 2.720000000000000000e+02 2.241053161621093750e+02
7.015320000000000391e+02 3.330000000000000000e+02 2.241038513183593750e+02
7.018680000000000518e+02 2.820000000000000000e+02 2.241095581054687500e+02
7.022039999999999509e+02 2.940000000000000000e+02 2.241044006347656250e+02
7.025399999999999636e+02 3.740000000000000000e+02 2.241060943603515625e+02
7.028759999999999764e+02 3.890000000000000000e+02 2.241060180664062500e+02
7.032119999999999891e+02 3.490000000000000000e+02 2.241074371337890625e+02
7.035480000000000018e+02 3.420000000000000000e+02 2.241088104248046875e+02
7.038840000000000146e+02 2.530000000000000000e+02 2.241135711669921875e+02
7.042200000000000273e+02 4.130000000000000000e+02 2.241110839843750000e+02
7.045560000000000400e+02 3.440000000000000000e+02 2.241090240478515625e+02
7.048920000000000528e+02 3.570000000000000000e+02 2.241108703613281250e+02
7.052279999999999518e+02 4.040000000000000000e+02 2.241060791015625000e+02
7.055639999999999645e+02 4.350000000000000000e+02 2.241094055175781250e+02
7.059059999999999491e+02 3.250000000000000000e+02 2.241055145263671875e+02
7.062419999999999618e+02 2.320000000000000000e+02 2.241049957275390625e+02
7.065779999999999745e+02 3.130000000000000000e+02 2.241059112548828125e+02
7.069139999999999873e+02 2.950000000000000000e+02 2.241073455810546875e+02
7.072500000000000000e+02 5.650000000000000000e+02 2.241018066406250000e+02
7.075860000000000127e+02 4.410000000000000000e+02 2.241065826416015625e+02
7.079220000000000255e+02 3.570000000000000000e+02 2.241045532226562500e+02
7.082580000000000382e+02 4.290000000000000000e+02 2.241098022460937500e+02
7.085940000000000509e+02 3.290000000000000000e+02 2.241079101562500000e+02
7.089299999999999500e+02 3.090000000000000000e+02 2.241053466796875000e+02
7.092659999999999627e+02 3.200000000000000000e+02 2.241042633056640625e+02
7.096019999999999754e+02 1.660000000000000000e+02 2.241120147705078125e+02
7.099379999999999882e+02 3.090000000000000000e+02 2.241029968261718750e+02
7.102740000000000009e+02 3.210000000000000000e+02 2.241083374023437500e+02
7.106159999999999854e+02 2.770000000000000000e+02 2.241042175292968750e+02
7.109519999999999982e+02 3.860000000000000000e+02 2.241021728515625000e+02
7.112820000000000391e+02 2.510000000000000000e+02 2.241034545898437500e+02
7.116240000000000236e+02 3.250000000000000000e+02 2.241097717285156250e+02
7.119600000000000364e+02 3.410000000000000000e+02 2.241082763671875000e+02
7.122960000000000491e+02 2.250000000000000000e+02 2.241033782958984375e+02
7.126319999999999482e+02 3.680000000000000000e+02 2.241068115234375000e+02
7.129679999999999609e+02 2.720000000000000000e+02 2.241047821044921875e+02
7.133039999999999736e+02 2.540000000000000000e+02 2.241059722900390625e+02
7.136399999999999864e+02 2.970000000000000000e+02 2.241019897460937500e+02
7.139759999999999991e+02 4.220000000000000000e+02 2.241056213378906250e+02
7.143120000000000118e+02 4.660000000000000000e+02 2.241033782958984375e+02
7.146480000000000246e+02 3.300000000000000000e+02 2.241062164306640625e+02
7.149840000000000373e+02 2.770000000000000000e+02 2.240998840332031250e+02
7.153200000000000500e+02 1.870000000000000000e+02 2.241084899902343750e+02
7.156559999999999491e+02 2.090000000000000000e+02 2.241046752929687500e+02
7.159919999999999618e+02 3.400000000000000000e+02 2.241050262451171875e+02
7.163279999999999745e+02 2.900000000000000000e+02 2.241047973632812500e+02
7.166639999999999873e+02 3.210000000000000000e+02 2.241079711914062500e+02
7.170059999999999718e+02 4.120000000000000000e+02 2.241046447753906250e+02
7.173419999999999845e+02 2.530000000000000000e+02 2.240999145507812500e+02
7.176779999999999973e+02 3.340000000000000000e+02 2.241121673583984375e+02
7.180140000000000100e+02 4.320000000000000000e+02 2.241093902587890625e+02
7.183500000000000227e+02 2.540000000000000000e+02 2.241028900146484375e+02
7.186860000000000355e+02 2.170000000000000000e+02 2.241034545898437500e+02
7.190220000000000482e+02 3.280000000000000000e+02 2.241075592041015625e+02
7.193579999999999472e+02 4.510000000000000000e+02 2.241077575683593750e+02
7.196939999999999600e+02 3.170000000000000000e+02 2.241068725585937500e+02
7.200299999999999727e+02 3.190000000000000000e+02 2.241079254150390625e+02
7.203659999999999854e+02 2.130000000000000000e+02 2.241083679199218750e+02
7.207079999999999700e+02 4.130000000000000000e+02 2.241049957275390625e+02
7.210439999999999827e+02 4.970000000000000000e+02 2.241049041748046875e+02
7.213799999999999955e+02 2.820000000000000000e+02 2.241088714599609375e+02
7.217160000000000082e+02 3.190000000000000000e+02 2.241023559570312500e+02
