7.469400000000000546e+02 2.600000000000000000e+01 1.880672302246093750e+02
7.472759999999999536e+02 3.100000000000000000e+01 1.880847625732421875e+02
7.476119999999999663e+02 4.600000000000000000e+01 1.880714874267578125e+02
7.479539999999999509e+02 1.240000000000000000e+02 1.880822448730468750e+02
7.482899999999999636e+02 1.280000000000000000e+02 1.880808563232421875e+02
7.486259999999999764e+02 2.580000000000000000e+02 1.880762939453125000e+02
7.489619999999999891e+02 1.730000000000000000e+02 1.880758666992187500e+02
7.492980000000000018e+02 2.910000000000000000e+02 1.880769958496093750e+02
7.496340000000000146e+02 3.550000000000000000e+02 1.880796508789062500e+02
7.499700000000000273e+02 4.240000000000000000e+02 1.880802154541015625e+02
7.503060000000000400e+02 3.820000000000000000e+02 1.880771789550781250e+02
7.506420000000000528e+02 4.950000000000000000e+02 1.880778503417968750e+02
7.509779999999999518e+02 5.540000000000000000e+02 1.880794372558593750e+02
7.513139999999999645e+02 4.310000000000000000e+02 1.880798187255859375e+02
7.516499999999999773e+02 4.250000000000000000e+02 1.880810089111328125e+02
7.519859999999999900e+02 3.900000000000000000e+02 1.880772399902343750e+02
7.523220000000000027e+02 5.040000000000000000e+02 1.880786132812500000e+02
7.526580000000000155e+02 2.290000000000000000e+02 1.880838012695312500e+02
7.530000000000000000e+02 3.010000000000000000e+02 1.880768432617187500e+02
7.533360000000000127e+02 2.430000000000000000e+02 1.880789184570312500e+02
7.536720000000000255e+02 1.770000000000000000e+02 1.880807647705078125e+02
7.540080000000000382e+02 1.170000000000000000e+02 1.880814514160156250e+02
7.543440000000000509e+02 1.100000000000000000e+02 1.880823669433593750e+02
7.546799999999999500e+02 3.400000000000000000e+01 1.880820007324218750e+02
7.550159999999999627e+02 7.800000000000000000e+01 1.880841522216796875e+02
7.553519999999999754e+02 7.600000000000000000e+01 1.880877532958984375e+02
7.556879999999999882e+02 6.500000000000000000e+01 1.880939331054687500e+02
7.560240000000000009e+02 5.400000000000000000e+01 1.880806579589843750e+02
7.563600000000000136e+02 3.300000000000000000e+01 1.880796508789062500e+02
7.566960000000000264e+02 3.700000000000000000e+01 1.880809326171875000e+02
7.570320000000000391e+02 3.900000000000000000e+01 1.880602264404296875e+02
