1.538720000000000141e+02 1.380000000000000000e+02 2.450920867919921875e+02
1.542079999999999984e+02 7.200000000000000000e+01 2.450985717773437500e+02
1.545449999999999875e+02 1.240000000000000000e+02 2.450910949707031250e+02
1.548810000000000002e+02 1.160000000000000000e+02 2.450882720947265625e+02
1.552170000000000130e+02 1.530000000000000000e+02 2.450898437500000000e+02
1.555529999999999973e+02 2.600000000000000000e+02 2.450926055908203125e+02
1.558899999999999864e+02 1.970000000000000000e+02 2.450897216796875000e+02
1.562259999999999991e+02 2.330000000000000000e+02 2.450914764404296875e+02
1.565620000000000118e+02 1.860000000000000000e+02 2.450921020507812500e+02
1.568990000000000009e+02 4.470000000000000000e+02 2.450923309326171875e+02
1.572350000000000136e+02 3.970000000000000000e+02 2.450960998535156250e+02
1.575709999999999980e+02 3.830000000000000000e+02 2.450998687744140625e+02
1.579079999999999870e+02 5.300000000000000000e+02 2.450961303710937500e+02
1.582439999999999998e+02 4.160000000000000000e+02 2.450905609130859375e+02
1.585800000000000125e+02 5.060000000000000000e+02 2.450950012207031250e+02
1.589159999999999968e+02 4.770000000000000000e+02 2.450916290283203125e+02
1.592529999999999859e+02 4.170000000000000000e+02 2.450924072265625000e+02
1.595889999999999986e+02 4.090000000000000000e+02 2.450942687988281250e+02
1.599250000000000114e+02 3.440000000000000000e+02 2.450924987792968750e+02
1.602620000000000005e+02 3.050000000000000000e+02 2.450917968750000000e+02
1.605980000000000132e+02 3.890000000000000000e+02 2.450909423828125000e+02
1.609339999999999975e+02 1.950000000000000000e+02 2.450993652343750000e+02
1.612709999999999866e+02 1.600000000000000000e+02 2.451033172607421875e+02
1.616069999999999993e+02 2.900000000000000000e+02 2.450978698730468750e+02
1.619430000000000121e+02 2.360000000000000000e+02 2.450855102539062500e+02
1.622789999999999964e+02 2.030000000000000000e+02 2.450907440185546875e+02
1.626169999999999902e+02 1.560000000000000000e+02 2.450816650390625000e+02
1.629540000000000077e+02 1.460000000000000000e+02 2.450890655517578125e+02
1.632899999999999920e+02 7.200000000000000000e+01 2.450975646972656250e+02
