3.261150000000000091e+02 1.030000000000000000e+02 3.470304870605468750e+02
3.264510000000000218e+02 8.800000000000000000e+01 3.470171813964843750e+02
3.267869999999999777e+02 1.870000000000000000e+02 3.470283203125000000e+02
3.271229999999999905e+02 2.220000000000000000e+02 3.470318908691406250e+02
3.274599999999999795e+02 3.190000000000000000e+02 3.470267028808593750e+02
3.277959999999999923e+02 4.500000000000000000e+02 3.470246887207031250e+02
3.281320000000000050e+02 4.710000000000000000e+02 3.470183410644531250e+02
3.284689999999999941e+02 5.100000000000000000e+02 3.470215454101562500e+02
3.288050000000000068e+02 4.270000000000000000e+02 3.470199890136718750e+02
3.291410000000000196e+02 2.780000000000000000e+02 3.470225219726562500e+02
3.294780000000000086e+02 4.720000000000000000e+02 3.470222167968750000e+02
3.298140000000000214e+02 3.830000000000000000e+02 3.470209960937500000e+02
3.301499999999999773e+02 2.580000000000000000e+02 3.470258178710937500e+02
3.304859999999999900e+02 2.380000000000000000e+02 3.470187072753906250e+02
3.308229999999999791e+02 1.740000000000000000e+02 3.470227661132812500e+02
