1.626169999999999902e+02 1.100000000000000000e+02 2.230617218017578125e+02
1.629540000000000077e+02 8.800000000000000000e+01 2.230519561767578125e+02
1.632899999999999920e+02 1.190000000000000000e+02 2.230600738525390625e+02
1.636260000000000048e+02 2.240000000000000000e+02 2.230539093017578125e+02
1.639619999999999891e+02 2.570000000000000000e+02 2.230541839599609375e+02
1.642990000000000066e+02 1.360000000000000000e+02 2.230575561523437500e+02
1.646349999999999909e+02 2.310000000000000000e+02 2.230499725341796875e+02
1.649710000000000036e+02 2.530000000000000000e+02 2.230484161376953125e+02
1.653079999999999927e+02 3.400000000000000000e+02 2.230536499023437500e+02
1.656440000000000055e+02 2.530000000000000000e+02 2.230513458251953125e+02
1.659799999999999898e+02 2.940000000000000000e+02 2.230527496337890625e+02
1.663170000000000073e+02 2.210000000000000000e+02 2.230563507080078125e+02
1.666529999999999916e+02 3.760000000000000000e+02 2.230479431152343750e+02
1.669890000000000043e+02 3.080000000000000000e+02 2.230643615722656250e+02
1.673259999999999934e+02 3.470000000000000000e+02 2.230553283691406250e+02
1.676620000000000061e+02 3.220000000000000000e+02 2.230572204589843750e+02
1.679989999999999952e+02 2.820000000000000000e+02 2.230501556396484375e+02
1.683350000000000080e+02 3.230000000000000000e+02 2.230567779541015625e+02
1.686719999999999970e+02 2.190000000000000000e+02 2.230529785156250000e+02
1.690080000000000098e+02 3.350000000000000000e+02 2.230556640625000000e+02
1.693439999999999941e+02 4.030000000000000000e+02 2.230567016601562500e+02
1.696810000000000116e+02 4.930000000000000000e+02 2.230508880615234375e+02
1.700169999999999959e+02 4.110000000000000000e+02 2.230568084716796875e+02
1.703530000000000086e+02 2.360000000000000000e+02 2.230570526123046875e+02
1.706899999999999977e+02 2.900000000000000000e+02 2.230483703613281250e+02
1.710260000000000105e+02 2.970000000000000000e+02 2.230552215576171875e+02
1.713619999999999948e+02 3.050000000000000000e+02 2.230572204589843750e+02
1.716980000000000075e+02 1.910000000000000000e+02 2.230602264404296875e+02
