3.318319999999999936e+02 6.100000000000000000e+01 2.130478668212890625e+02
3.321680000000000064e+02 1.420000000000000000e+02 2.130550689697265625e+02
3.325040000000000191e+02 2.580000000000000000e+02 2.130441131591796875e+02
3.328410000000000082e+02 3.200000000000000000e+02 2.130443878173828125e+02
3.331770000000000209e+02 2.680000000000000000e+02 2.130460815429687500e+02
3.335129999999999768e+02 3.530000000000000000e+02 2.130364532470703125e+02
3.338489999999999895e+02 3.370000000000000000e+02 2.130426330566406250e+02
3.341870000000000118e+02 3.070000000000000000e+02 2.130424804687500000e+02
3.345240000000000009e+02 4.890000000000000000e+02 2.130359649658203125e+02
3.348600000000000136e+02 3.060000000000000000e+02 2.130383605957031250e+02
3.351960000000000264e+02 3.130000000000000000e+02 2.130431518554687500e+02
3.355319999999999823e+02 3.440000000000000000e+02 2.130401763916015625e+02
3.358690000000000282e+02 2.730000000000000000e+02 2.130382537841796875e+02
3.362049999999999841e+02 2.550000000000000000e+02 2.130371398925781250e+02
3.365409999999999968e+02 1.540000000000000000e+02 2.130363769531250000e+02
3.368779999999999859e+02 1.850000000000000000e+02 2.130466766357421875e+02
3.372139999999999986e+02 2.800000000000000000e+02 2.130389404296875000e+02
3.375500000000000114e+02 7.100000000000000000e+01 2.130556335449218750e+02
3.378870000000000005e+02 1.440000000000000000e+02 2.130395507812500000e+02
3.382230000000000132e+02 1.050000000000000000e+02 2.130414886474609375e+02
3.385590000000000259e+02 7.000000000000000000e+01 2.130435333251953125e+02
3.388960000000000150e+02 1.040000000000000000e+02 2.130541992187500000e+02
3.392320000000000277e+02 1.550000000000000000e+02 2.130315399169921875e+02
3.395679999999999836e+02 1.070000000000000000e+02 2.130484466552734375e+02
