3.499959999999999809e+02 1.960000000000000000e+02 4.413287353515625000e+02
3.503319999999999936e+02 2.490000000000000000e+02 4.413367004394531250e+02
3.506689999999999827e+02 3.850000000000000000e+02 4.413385009765625000e+02
3.510049999999999955e+02 3.600000000000000000e+02 4.413414001464843750e+02
3.513410000000000082e+02 3.490000000000000000e+02 4.413421936035156250e+02
3.516770000000000209e+02 4.410000000000000000e+02 4.413334350585937500e+02
3.520140000000000100e+02 4.850000000000000000e+02 4.413401489257812500e+02
3.523500000000000227e+02 2.620000000000000000e+02 4.413346252441406250e+02
3.526859999999999786e+02 2.390000000000000000e+02 4.413277587890625000e+02
3.530230000000000246e+02 2.830000000000000000e+02 4.413315429687500000e+02
3.533589999999999804e+02 1.540000000000000000e+02 4.413409423828125000e+02
3.536949999999999932e+02 1.880000000000000000e+02 4.413412170410156250e+02
3.540319999999999823e+02 1.680000000000000000e+02 4.413253479003906250e+02
