2.971840000000000259e+02 8.600000000000000000e+01 1.590005950927734375e+02
2.975199999999999818e+02 7.400000000000000000e+01 1.590152282714843750e+02
2.978570000000000277e+02 8.400000000000000000e+01 1.589962158203125000e+02
2.981929999999999836e+02 1.210000000000000000e+02 1.589986724853515625e+02
2.985289999999999964e+02 1.770000000000000000e+02 1.590025024414062500e+02
2.988659999999999854e+02 9.200000000000000000e+01 1.589983673095703125e+02
2.992019999999999982e+02 1.260000000000000000e+02 1.589921569824218750e+02
2.995380000000000109e+02 1.730000000000000000e+02 1.589991912841796875e+02
2.998740000000000236e+02 1.590000000000000000e+02 1.590027923583984375e+02
3.002110000000000127e+02 2.350000000000000000e+02 1.590046386718750000e+02
3.005470000000000255e+02 2.290000000000000000e+02 1.589984436035156250e+02
3.008829999999999814e+02 3.300000000000000000e+02 1.590012664794921875e+02
3.012200000000000273e+02 3.010000000000000000e+02 1.590006713867187500e+02
3.015559999999999832e+02 3.020000000000000000e+02 1.589976806640625000e+02
3.018919999999999959e+02 4.840000000000000000e+02 1.589982299804687500e+02
3.022289999999999850e+02 3.980000000000000000e+02 1.589977416992187500e+02
3.025649999999999977e+02 2.770000000000000000e+02 1.589992065429687500e+02
3.029010000000000105e+02 3.630000000000000000e+02 1.589943542480468750e+02
3.032370000000000232e+02 1.670000000000000000e+02 1.589970245361328125e+02
3.035740000000000123e+02 3.020000000000000000e+02 1.589996032714843750e+02
3.039119999999999777e+02 2.530000000000000000e+02 1.589976806640625000e+02
3.042479999999999905e+02 1.290000000000000000e+02 1.590020904541015625e+02
3.045840000000000032e+02 6.700000000000000000e+01 1.590065612792968750e+02
3.049209999999999923e+02 1.170000000000000000e+02 1.590031738281250000e+02
3.052570000000000050e+02 2.410000000000000000e+02 1.589976806640625000e+02
3.055930000000000177e+02 1.420000000000000000e+02 1.589933319091796875e+02
3.059289999999999736e+02 2.110000000000000000e+02 1.589952850341796875e+02
3.062660000000000196e+02 1.210000000000000000e+02 1.590043640136718750e+02
3.066019999999999754e+02 1.810000000000000000e+02 1.590032653808593750e+02
3.069379999999999882e+02 5.600000000000000000e+01 1.590040435791015625e+02
3.072749999999999773e+02 1.050000000000000000e+02 1.590062866210937500e+02
3.076109999999999900e+02 1.680000000000000000e+02 1.590054473876953125e+02
3.079470000000000027e+02 1.210000000000000000e+02 1.590148773193359375e+02
3.082839999999999918e+02 1.460000000000000000e+02 1.589959564208984375e+02
3.086200000000000045e+02 1.420000000000000000e+02 1.589958953857421875e+02
3.089560000000000173e+02 3.780000000000000000e+02 1.589992828369140625e+02
3.092919999999999732e+02 1.280000000000000000e+02 1.589944000244140625e+02
3.096290000000000191e+02 1.570000000000000000e+02 1.589938812255859375e+02
3.099649999999999750e+02 2.370000000000000000e+02 1.590018920898437500e+02
