3.035740000000000123e+02 2.090000000000000000e+02 2.891307067871093750e+02
3.039119999999999777e+02 1.360000000000000000e+02 2.891293334960937500e+02
3.042479999999999905e+02 2.130000000000000000e+02 2.891430053710937500e+02
3.045840000000000032e+02 4.760000000000000000e+02 2.891471557617187500e+02
3.049209999999999923e+02 2.950000000000000000e+02 2.891356201171875000e+02
3.052570000000000050e+02 3.990000000000000000e+02 2.891326904296875000e+02
3.055930000000000177e+02 4.260000000000000000e+02 2.891441345214843750e+02
3.059289999999999736e+02 2.770000000000000000e+02 2.891469421386718750e+02
3.062660000000000196e+02 1.900000000000000000e+02 2.891450805664062500e+02
3.066019999999999754e+02 4.310000000000000000e+02 2.891381225585937500e+02
3.069379999999999882e+02 3.540000000000000000e+02 2.891419982910156250e+02
3.072749999999999773e+02 2.680000000000000000e+02 2.891480407714843750e+02
3.076109999999999900e+02 2.960000000000000000e+02 2.891414794921875000e+02
3.079470000000000027e+02 2.910000000000000000e+02 2.891388854980468750e+02
3.082839999999999918e+02 2.370000000000000000e+02 2.891364440917968750e+02
3.086200000000000045e+02 2.320000000000000000e+02 2.891368713378906250e+02
3.089560000000000173e+02 2.620000000000000000e+02 2.891359863281250000e+02
3.092919999999999732e+02 1.670000000000000000e+02 2.891336059570312500e+02
3.096290000000000191e+02 2.210000000000000000e+02 2.891425781250000000e+02
3.099649999999999750e+02 3.010000000000000000e+02 2.891390075683593750e+02
3.103020000000000209e+02 2.040000000000000000e+02 2.891445617675781250e+02
3.106379999999999768e+02 2.860000000000000000e+02 2.891351623535156250e+02
