1.965920000000000130e+02 3.110000000000000000e+02 1.680478820800781250e+02
1.969290000000000020e+02 3.280000000000000000e+02 1.680484924316406250e+02
1.972649999999999864e+02 2.140000000000000000e+02 1.680482177734375000e+02
1.976009999999999991e+02 2.560000000000000000e+02 1.680482940673828125e+02
1.979370000000000118e+02 2.520000000000000000e+02 1.680469055175781250e+02
1.982740000000000009e+02 2.070000000000000000e+02 1.680483398437500000e+02
1.986100000000000136e+02 3.280000000000000000e+02 1.680471343994140625e+02
1.989470000000000027e+02 2.820000000000000000e+02 1.680478820800781250e+02
1.992829999999999870e+02 1.580000000000000000e+02 1.680461883544921875e+02
1.996200000000000045e+02 2.020000000000000000e+02 1.680506896972656250e+02
1.999559999999999889e+02 1.890000000000000000e+02 1.680450592041015625e+02
2.002920000000000016e+02 2.280000000000000000e+02 1.680489349365234375e+02
2.006289999999999907e+02 1.200000000000000000e+02 1.680475921630859375e+02
2.009650000000000034e+02 1.660000000000000000e+02 1.680489349365234375e+02
2.013009999999999877e+02 3.170000000000000000e+02 1.680458374023437500e+02
2.016380000000000052e+02 1.960000000000000000e+02 1.680457305908203125e+02
2.019739999999999895e+02 3.300000000000000000e+02 1.680466766357421875e+02
2.023100000000000023e+02 3.460000000000000000e+02 1.680451202392578125e+02
2.026459999999999866e+02 2.900000000000000000e+02 1.680448303222656250e+02
2.029840000000000089e+02 2.040000000000000000e+02 1.680496520996093750e+02
2.033199999999999932e+02 1.040000000000000000e+02 1.680398101806640625e+02
2.036570000000000107e+02 2.980000000000000000e+02 1.680469207763671875e+02
2.039929999999999950e+02 3.180000000000000000e+02 1.680474548339843750e+02
2.043290000000000077e+02 2.600000000000000000e+02 1.680496215820312500e+02
2.046659999999999968e+02 2.160000000000000000e+02 1.680437927246093750e+02
2.050020000000000095e+02 1.980000000000000000e+02 1.680513305664062500e+02
2.053379999999999939e+02 2.890000000000000000e+02 1.680468750000000000e+02
2.056750000000000114e+02 3.420000000000000000e+02 1.680482177734375000e+02
2.060120000000000005e+02 3.040000000000000000e+02 1.680427398681640625e+02
2.063489999999999895e+02 2.310000000000000000e+02 1.680442199707031250e+02
2.066850000000000023e+02 4.650000000000000000e+02 1.680470581054687500e+02
2.070209999999999866e+02 2.500000000000000000e+02 1.680501403808593750e+02
2.073569999999999993e+02 2.950000000000000000e+02 1.680416564941406250e+02
2.076939999999999884e+02 3.780000000000000000e+02 1.680433044433593750e+02
2.080300000000000011e+02 3.970000000000000000e+02 1.680481262207031250e+02
2.083660000000000139e+02 4.270000000000000000e+02 1.680476074218750000e+02
2.087030000000000030e+02 2.170000000000000000e+02 1.680466918945312500e+02
2.090389999999999873e+02 1.620000000000000000e+02 1.680382080078125000e+02
2.093750000000000000e+02 1.310000000000000000e+02 1.680473785400390625e+02
2.097119999999999891e+02 1.490000000000000000e+02 1.680561370849609375e+02
2.100480000000000018e+02 8.500000000000000000e+01 1.680486297607421875e+02
2.103839999999999861e+02 1.350000000000000000e+02 1.680481262207031250e+02
2.107210000000000036e+02 3.800000000000000000e+01 1.680445251464843750e+02
2.110569999999999879e+02 1.450000000000000000e+02 1.680509185791015625e+02
2.113930000000000007e+02 1.580000000000000000e+02 1.680406951904296875e+02
2.117299999999999898e+02 9.800000000000000000e+01 1.680431060791015625e+02
2.120670000000000073e+02 1.230000000000000000e+02 1.680388488769531250e+02
2.124029999999999916e+02 1.220000000000000000e+02 1.680371704101562500e+02
2.127400000000000091e+02 2.090000000000000000e+02 1.680390319824218750e+02
2.130780000000000030e+02 1.670000000000000000e+02 1.680455017089843750e+02
2.134139999999999873e+02 1.020000000000000000e+02 1.680462493896484375e+02
2.137500000000000000e+02 1.270000000000000000e+02 1.680473175048828125e+02
2.140860000000000127e+02 1.860000000000000000e+02 1.680465698242187500e+02
2.144230000000000018e+02 1.350000000000000000e+02 1.680460968017578125e+02
2.147589999999999861e+02 1.220000000000000000e+02 1.680545501708984375e+02
2.150960000000000036e+02 2.750000000000000000e+02 1.680424957275390625e+02
2.154319999999999879e+02 3.200000000000000000e+02 1.680424957275390625e+02
2.157690000000000055e+02 1.980000000000000000e+02 1.680463714599609375e+02
2.161049999999999898e+02 3.360000000000000000e+02 1.680466766357421875e+02
2.164410000000000025e+02 3.420000000000000000e+02 1.680450592041015625e+02
2.167779999999999916e+02 1.860000000000000000e+02 1.680449523925781250e+02
2.171140000000000043e+02 3.330000000000000000e+02 1.680445251464843750e+02
2.174499999999999886e+02 2.810000000000000000e+02 1.680463256835937500e+02
2.177870000000000061e+02 3.830000000000000000e+02 1.680451507568359375e+02
2.181229999999999905e+02 2.880000000000000000e+02 1.680449371337890625e+02
2.184590000000000032e+02 3.020000000000000000e+02 1.680449981689453125e+02
2.187959999999999923e+02 3.470000000000000000e+02 1.680423583984375000e+02
2.191320000000000050e+02 3.480000000000000000e+02 1.680466766357421875e+02
2.194679999999999893e+02 2.720000000000000000e+02 1.680465240478515625e+02
2.198040000000000020e+02 1.710000000000000000e+02 1.680472412109375000e+02
2.201409999999999911e+02 2.800000000000000000e+02 1.680423583984375000e+02
2.204770000000000039e+02 2.520000000000000000e+02 1.680465087890625000e+02
2.208129999999999882e+02 4.000000000000000000e+02 1.680458068847656250e+02
2.211500000000000057e+02 3.380000000000000000e+02 1.680481262207031250e+02
