3.076109999999999900e+02 2.450000000000000000e+02 5.542731933593750000e+02
3.079470000000000027e+02 2.720000000000000000e+02 5.542766723632812500e+02
3.082839999999999918e+02 4.590000000000000000e+02 5.542709960937500000e+02
3.086200000000000045e+02 1.250000000000000000e+02 5.542725830078125000e+02
3.089560000000000173e+02 1.690000000000000000e+02 5.542724609375000000e+02
3.092919999999999732e+02 1.580000000000000000e+02 5.542521362304687500e+02
3.096290000000000191e+02 1.880000000000000000e+02 5.542779541015625000e+02
3.099649999999999750e+02 1.240000000000000000e+02 5.542667846679687500e+02
3.103020000000000209e+02 1.400000000000000000e+02 5.542731323242187500e+02
3.106379999999999768e+02 9.200000000000000000e+01 5.542778930664062500e+02
3.109739999999999895e+02 1.470000000000000000e+02 5.542638549804687500e+02
