2.736349999999999909e+02 1.480000000000000000e+02 3.551683654785156250e+02
2.739719999999999800e+02 1.620000000000000000e+02 3.551859130859375000e+02
2.743079999999999927e+02 4.330000000000000000e+02 3.551761779785156250e+02
2.746440000000000055e+02 2.680000000000000000e+02 3.551738586425781250e+02
2.749809999999999945e+02 3.450000000000000000e+02 3.551849975585937500e+02
2.753170000000000073e+02 3.810000000000000000e+02 3.551758422851562500e+02
2.756530000000000200e+02 3.790000000000000000e+02 3.551696472167968750e+02
2.759889999999999759e+02 4.580000000000000000e+02 3.551692199707031250e+02
2.763260000000000218e+02 2.710000000000000000e+02 3.551739807128906250e+02
2.766619999999999777e+02 2.620000000000000000e+02 3.551749267578125000e+02
2.769979999999999905e+02 2.490000000000000000e+02 3.551683349609375000e+02
2.773369999999999891e+02 3.340000000000000000e+02 3.551653442382812500e+02
2.776730000000000018e+02 2.730000000000000000e+02 3.551673583984375000e+02
2.780090000000000146e+02 2.130000000000000000e+02 3.551833496093750000e+02
