5.799699999999999989e+01 4.530000000000000000e+02 2.150023345947265625e+02
5.833400000000000318e+01 2.570000000000000000e+02 2.150054016113281250e+02
5.867000000000000171e+01 3.110000000000000000e+02 2.150153656005859375e+02
5.900600000000000023e+01 2.370000000000000000e+02 2.150219268798828125e+02
5.934300000000000352e+01 3.050000000000000000e+02 2.150113067626953125e+02
5.967900000000000205e+01 2.500000000000000000e+02 2.150116882324218750e+02
6.001500000000000057e+01 2.930000000000000000e+02 2.150036315917968750e+02
6.035220000000000340e+01 3.670000000000000000e+02 2.150142822265625000e+02
6.068820000000000192e+01 2.250000000000000000e+02 2.149969177246093750e+02
6.102420000000000044e+01 3.300000000000000000e+02 2.150083923339843750e+02
6.136019999999999897e+01 3.920000000000000000e+02 2.150020751953125000e+02
6.169800000000000040e+01 3.510000000000000000e+02 2.150059509277343750e+02
6.203520000000000323e+01 3.740000000000000000e+02 2.149999694824218750e+02
6.237120000000000175e+01 3.780000000000000000e+02 2.150086212158203125e+02
6.270720000000000027e+01 4.050000000000000000e+02 2.149893341064453125e+02
6.304319999999999879e+01 2.220000000000000000e+02 2.150083160400390625e+02
6.337980000000000302e+01 2.790000000000000000e+02 2.150062713623046875e+02
6.371580000000000155e+01 3.050000000000000000e+02 2.150082855224609375e+02
6.405180000000000007e+01 2.640000000000000000e+02 2.150035095214843750e+02
6.438899999999999579e+01 2.460000000000000000e+02 2.150085906982421875e+02
6.472499999999999432e+01 2.130000000000000000e+02 2.150077362060546875e+02
6.506100000000000705e+01 3.350000000000000000e+02 2.150143737792968750e+02
6.539820000000000277e+01 3.940000000000000000e+02 2.150191650390625000e+02
6.573420000000000130e+01 2.810000000000000000e+02 2.150182495117187500e+02
6.607019999999999982e+01 3.390000000000000000e+02 2.150083465576171875e+02
6.640619999999999834e+01 3.600000000000000000e+02 2.150016021728515625e+02
6.674280000000000257e+01 4.240000000000000000e+02 2.150087738037109375e+02
6.707880000000000109e+01 3.200000000000000000e+02 2.150158386230468750e+02
6.741479999999999961e+01 3.920000000000000000e+02 2.150066986083984375e+02
6.775199999999999534e+01 3.190000000000000000e+02 2.150010375976562500e+02
6.808799999999999386e+01 4.500000000000000000e+02 2.150108184814453125e+02
6.842400000000000659e+01 2.980000000000000000e+02 2.150007629394531250e+02
6.876120000000000232e+01 3.880000000000000000e+02 2.150026855468750000e+02
6.909720000000000084e+01 2.710000000000000000e+02 2.150032043457031250e+02
6.943319999999999936e+01 3.650000000000000000e+02 2.150061340332031250e+02
6.976980000000000359e+01 2.650000000000000000e+02 2.150025482177734375e+02
7.010580000000000211e+01 3.100000000000000000e+02 2.149976959228515625e+02
7.044180000000000064e+01 2.490000000000000000e+02 2.150064544677734375e+02
7.077779999999999916e+01 2.270000000000000000e+02 2.150113830566406250e+02
7.111499999999999488e+01 2.050000000000000000e+02 2.150203704833984375e+02
7.145099999999999341e+01 3.420000000000000000e+02 2.150125274658203125e+02
7.178879999999999484e+01 2.670000000000000000e+02 2.150038146972656250e+02
7.212479999999999336e+01 2.950000000000000000e+02 2.150114440917968750e+02
7.246200000000000330e+01 2.010000000000000000e+02 2.150079345703125000e+02
