9.544980000000000473e+02 3.990000000000000000e+02 8.126074829101562500e+02
9.548339999999999463e+02 4.520000000000000000e+02 8.126270141601562500e+02
9.551699999999999591e+02 2.740000000000000000e+02 8.126203613281250000e+02
9.555119999999999436e+02 3.360000000000000000e+02 8.126071166992187500e+02
9.558479999999999563e+02 3.190000000000000000e+02 8.126154785156250000e+02
9.561839999999999691e+02 3.400000000000000000e+02 8.126085815429687500e+02
9.565199999999999818e+02 1.990000000000000000e+02 8.126176757812500000e+02
9.568559999999999945e+02 2.750000000000000000e+02 8.126155395507812500e+02
9.571920000000000073e+02 3.050000000000000000e+02 8.126127929687500000e+02
9.575280000000000200e+02 2.740000000000000000e+02 8.126220703125000000e+02
