2.301500000000000057e+01 2.400000000000000000e+01 5.908378295898437500e+02
2.335099999999999909e+01 1.880000000000000000e+02 5.908463134765625000e+02
2.368700000000000117e+01 1.025000000000000000e+03 5.908427734375000000e+02
2.402400000000000091e+01 1.730000000000000000e+03 5.908420410156250000e+02
2.435999999999999943e+01 3.115000000000000000e+03 5.908394775390625000e+02
2.469600000000000151e+01 3.743000000000000000e+03 5.908426513671875000e+02
2.503200000000000003e+01 3.424000000000000000e+03 5.908456420898437500e+02
2.536899999999999977e+01 2.637000000000000000e+03 5.908410644531250000e+02
2.570499999999999829e+01 1.681000000000000000e+03 5.908355712890625000e+02
2.604200000000000159e+01 1.368000000000000000e+03 5.908375854492187500e+02
2.637800000000000011e+01 1.093000000000000000e+03 5.908261718750000000e+02
