8.260080000000000382e+02 3.280000000000000000e+02 1.680445098876953125e+02
8.263379999999999654e+02 3.780000000000000000e+02 1.680433349609375000e+02
8.266799999999999500e+02 3.290000000000000000e+02 1.680473327636718750e+02
8.270159999999999627e+02 2.190000000000000000e+02 1.680462188720703125e+02
8.273519999999999754e+02 2.550000000000000000e+02 1.680442810058593750e+02
8.276879999999999882e+02 2.730000000000000000e+02 1.680421905517578125e+02
8.280240000000000009e+02 3.420000000000000000e+02 1.680443725585937500e+02
8.283600000000000136e+02 3.370000000000000000e+02 1.680465850830078125e+02
8.286960000000000264e+02 1.780000000000000000e+02 1.680463714599609375e+02
8.290320000000000391e+02 2.280000000000000000e+02 1.680472106933593750e+02
8.293680000000000518e+02 4.260000000000000000e+02 1.680461578369140625e+02
8.297039999999999509e+02 3.640000000000000000e+02 1.680410156250000000e+02
8.300399999999999636e+02 2.760000000000000000e+02 1.680489196777343750e+02
8.303819999999999482e+02 3.970000000000000000e+02 1.680481719970703125e+02
8.307179999999999609e+02 2.940000000000000000e+02 1.680432281494140625e+02
8.310539999999999736e+02 3.610000000000000000e+02 1.680429992675781250e+02
8.313899999999999864e+02 1.990000000000000000e+02 1.680441741943359375e+02
8.317259999999999991e+02 2.370000000000000000e+02 1.680449981689453125e+02
8.320620000000000118e+02 3.380000000000000000e+02 1.680435485839843750e+02
8.323980000000000246e+02 2.980000000000000000e+02 1.680434417724609375e+02
8.327340000000000373e+02 3.460000000000000000e+02 1.680463104248046875e+02
8.330700000000000500e+02 3.040000000000000000e+02 1.680412292480468750e+02
8.334059999999999491e+02 3.200000000000000000e+02 1.680446624755859375e+02
8.337419999999999618e+02 2.530000000000000000e+02 1.680429992675781250e+02
8.340779999999999745e+02 2.450000000000000000e+02 1.680457458496093750e+02
8.344139999999999873e+02 2.050000000000000000e+02 1.680468139648437500e+02
8.347500000000000000e+02 2.010000000000000000e+02 1.680441284179687500e+02
8.350860000000000127e+02 2.550000000000000000e+02 1.680435791015625000e+02
8.354220000000000255e+02 2.960000000000000000e+02 1.680459747314453125e+02
8.357580000000000382e+02 2.120000000000000000e+02 1.680473022460937500e+02
8.360940000000000509e+02 1.780000000000000000e+02 1.680439758300781250e+02
8.364360000000000355e+02 3.080000000000000000e+02 1.680392913818359375e+02
8.367659999999999627e+02 2.710000000000000000e+02 1.680464782714843750e+02
8.371079999999999472e+02 2.230000000000000000e+02 1.680453338623046875e+02
8.374439999999999600e+02 3.920000000000000000e+02 1.680421142578125000e+02
8.377799999999999727e+02 3.020000000000000000e+02 1.680456542968750000e+02
8.381159999999999854e+02 2.430000000000000000e+02 1.680414276123046875e+02
8.384519999999999982e+02 3.380000000000000000e+02 1.680428161621093750e+02
8.387880000000000109e+02 3.070000000000000000e+02 1.680412292480468750e+02
8.391240000000000236e+02 3.040000000000000000e+02 1.680466766357421875e+02
8.394600000000000364e+02 1.800000000000000000e+02 1.680520019531250000e+02
8.397960000000000491e+02 2.780000000000000000e+02 1.680483245849609375e+02
8.401319999999999482e+02 2.360000000000000000e+02 1.680435485839843750e+02
8.404679999999999609e+02 3.360000000000000000e+02 1.680414581298828125e+02
8.408039999999999736e+02 4.400000000000000000e+02 1.680446929931640625e+02
8.411399999999999864e+02 2.420000000000000000e+02 1.680461273193359375e+02
8.414819999999999709e+02 3.130000000000000000e+02 1.680445404052734375e+02
8.418179999999999836e+02 2.570000000000000000e+02 1.680456390380859375e+02
8.421539999999999964e+02 1.470000000000000000e+02 1.680466918945312500e+02
8.424900000000000091e+02 2.740000000000000000e+02 1.680449218750000000e+02
8.428260000000000218e+02 3.130000000000000000e+02 1.680424957275390625e+02
8.431620000000000346e+02 4.220000000000000000e+02 1.680449218750000000e+02
8.434980000000000473e+02 2.580000000000000000e+02 1.680456695556640625e+02
8.438339999999999463e+02 2.660000000000000000e+02 1.680437316894531250e+02
8.441699999999999591e+02 2.250000000000000000e+02 1.680413970947265625e+02
8.445059999999999718e+02 3.360000000000000000e+02 1.680423889160156250e+02
8.448419999999999845e+02 2.890000000000000000e+02 1.680490112304687500e+02
8.451779999999999973e+02 3.520000000000000000e+02 1.680446929931640625e+02
8.455140000000000100e+02 2.800000000000000000e+02 1.680457763671875000e+02
8.458500000000000227e+02 2.580000000000000000e+02 1.680443267822265625e+02
8.461860000000000355e+02 3.330000000000000000e+02 1.680432891845703125e+02
8.465220000000000482e+02 3.090000000000000000e+02 1.680453948974609375e+02
8.468579999999999472e+02 3.020000000000000000e+02 1.680456848144531250e+02
8.471939999999999600e+02 2.360000000000000000e+02 1.680422668457031250e+02
8.475359999999999445e+02 2.410000000000000000e+02 1.680438079833984375e+02
8.478719999999999573e+02 2.780000000000000000e+02 1.680465698242187500e+02
8.482079999999999700e+02 3.740000000000000000e+02 1.680459136962890625e+02
8.485439999999999827e+02 2.890000000000000000e+02 1.680464630126953125e+02
8.488799999999999955e+02 2.320000000000000000e+02 1.680473480224609375e+02
8.492160000000000082e+02 2.570000000000000000e+02 1.680457458496093750e+02
8.495520000000000209e+02 1.430000000000000000e+02 1.680457305908203125e+02
8.498880000000000337e+02 2.250000000000000000e+02 1.680456390380859375e+02
8.502240000000000464e+02 2.190000000000000000e+02 1.680459289550781250e+02
8.505599999999999454e+02 2.000000000000000000e+02 1.680481414794921875e+02
8.508959999999999582e+02 3.350000000000000000e+02 1.680418853759765625e+02
8.512319999999999709e+02 3.170000000000000000e+02 1.680464477539062500e+02
8.515679999999999836e+02 2.020000000000000000e+02 1.680497894287109375e+02
8.519039999999999964e+02 2.940000000000000000e+02 1.680437164306640625e+02
8.522459999999999809e+02 3.030000000000000000e+02 1.680453338623046875e+02
8.525819999999999936e+02 1.960000000000000000e+02 1.680480041503906250e+02
8.529120000000000346e+02 2.340000000000000000e+02 1.680438842773437500e+02
8.532480000000000473e+02 2.660000000000000000e+02 1.680483093261718750e+02
8.535900000000000318e+02 2.040000000000000000e+02 1.680445709228515625e+02
8.539260000000000446e+02 2.440000000000000000e+02 1.680457458496093750e+02
8.542619999999999436e+02 2.580000000000000000e+02 1.680455932617187500e+02
8.545979999999999563e+02 3.000000000000000000e+02 1.680441894531250000e+02
8.549339999999999691e+02 2.740000000000000000e+02 1.680474853515625000e+02
8.552699999999999818e+02 2.150000000000000000e+02 1.680455169677734375e+02
