2.625339999999999918e+02 4.140000000000000000e+02 4.111836853027343750e+02
2.628700000000000045e+02 4.140000000000000000e+02 4.111936340332031250e+02
2.632069999999999936e+02 5.040000000000000000e+02 4.111794433593750000e+02
2.635450000000000159e+02 4.860000000000000000e+02 4.111865539550781250e+02
2.638809999999999718e+02 5.100000000000000000e+02 4.111802978515625000e+02
2.642169999999999845e+02 4.390000000000000000e+02 4.111858825683593750e+02
2.645539999999999736e+02 2.980000000000000000e+02 4.111942443847656250e+02
2.648899999999999864e+02 3.480000000000000000e+02 4.111918334960937500e+02
2.652259999999999991e+02 2.820000000000000000e+02 4.111893005371093750e+02
2.655620000000000118e+02 3.380000000000000000e+02 4.111885986328125000e+02
