2.857459999999999809e+02 2.230000000000000000e+02 7.041513061523437500e+02
2.860830000000000268e+02 1.420000000000000000e+03 7.041542968750000000e+02
2.864189999999999827e+02 4.465000000000000000e+03 7.041527099609375000e+02
2.867549999999999955e+02 9.742000000000000000e+03 7.041550903320312500e+02
2.870919999999999845e+02 1.309600000000000000e+04 7.041543579101562500e+02
2.874279999999999973e+02 1.515600000000000000e+04 7.041561889648437500e+02
2.877640000000000100e+02 1.631900000000000000e+04 7.041564331054687500e+02
2.881000000000000227e+02 1.648300000000000000e+04 7.041535034179687500e+02
2.884370000000000118e+02 1.824700000000000000e+04 7.041578369140625000e+02
2.887730000000000246e+02 1.733500000000000000e+04 7.041530151367187500e+02
2.891089999999999804e+02 1.687800000000000000e+04 7.041530761718750000e+02
2.894460000000000264e+02 1.627400000000000000e+04 7.041553344726562500e+02
2.897830000000000155e+02 1.493300000000000000e+04 7.041537475585937500e+02
2.901190000000000282e+02 1.371200000000000000e+04 7.041525878906250000e+02
2.904549999999999841e+02 1.238000000000000000e+04 7.041540527343750000e+02
2.907919999999999732e+02 1.216500000000000000e+04 7.041539916992187500e+02
2.911279999999999859e+02 1.180200000000000000e+04 7.041532592773437500e+02
2.914639999999999986e+02 1.097200000000000000e+04 7.041530761718750000e+02
2.918009999999999877e+02 1.073300000000000000e+04 7.041509399414062500e+02
2.921370000000000005e+02 1.036500000000000000e+04 7.041508789062500000e+02
2.924730000000000132e+02 8.931000000000000000e+03 7.041533813476562500e+02
2.928100000000000023e+02 7.355000000000000000e+03 7.041519165039062500e+02
2.931460000000000150e+02 5.906000000000000000e+03 7.041501464843750000e+02
2.934820000000000277e+02 4.518000000000000000e+03 7.041510620117187500e+02
2.938199999999999932e+02 2.812000000000000000e+03 7.041553955078125000e+02
2.941569999999999823e+02 1.622000000000000000e+03 7.041555175781250000e+02
2.944940000000000282e+02 1.312000000000000000e+03 7.041533203125000000e+02
2.948299999999999841e+02 6.370000000000000000e+02 7.041578979492187500e+02
2.951659999999999968e+02 5.270000000000000000e+02 7.041512451171875000e+02
2.955020000000000095e+02 2.290000000000000000e+02 7.041629638671875000e+02
2.958389999999999986e+02 2.040000000000000000e+02 7.041473388671875000e+02
