3.812789999999999964e+02 1.610000000000000000e+02 2.301208343505859375e+02
3.816150000000000091e+02 2.530000000000000000e+02 2.301286163330078125e+02
3.819510000000000218e+02 8.100000000000000000e+02 2.301332244873046875e+02
3.822880000000000109e+02 9.640000000000000000e+02 2.301364746093750000e+02
3.826240000000000236e+02 1.592000000000000000e+03 2.301367492675781250e+02
3.829599999999999795e+02 2.172000000000000000e+03 2.301360015869140625e+02
3.832959999999999923e+02 2.106000000000000000e+03 2.301350402832031250e+02
3.836329999999999814e+02 2.504000000000000000e+03 2.301357574462890625e+02
3.839689999999999941e+02 2.257000000000000000e+03 2.301376800537109375e+02
3.843050000000000068e+02 2.400000000000000000e+03 2.301351928710937500e+02
3.846429999999999723e+02 1.911000000000000000e+03 2.301364135742187500e+02
3.849789999999999850e+02 2.077000000000000000e+03 2.301338348388671875e+02
3.853159999999999741e+02 1.584000000000000000e+03 2.301360931396484375e+02
3.856519999999999868e+02 1.317000000000000000e+03 2.301342315673828125e+02
3.859879999999999995e+02 7.670000000000000000e+02 2.301333160400390625e+02
3.863249999999999886e+02 7.400000000000000000e+02 2.301364135742187500e+02
3.866610000000000014e+02 6.190000000000000000e+02 2.301306457519531250e+02
3.869970000000000141e+02 5.380000000000000000e+02 2.301329498291015625e+02
3.873340000000000032e+02 2.830000000000000000e+02 2.301323089599609375e+02
3.876700000000000159e+02 2.120000000000000000e+02 2.301324615478515625e+02
3.880059999999999718e+02 1.420000000000000000e+02 2.301165008544921875e+02
3.883430000000000177e+02 1.060000000000000000e+02 2.301276702880859375e+02
3.886789999999999736e+02 1.360000000000000000e+02 2.301420593261718750e+02
