2.383060000000000116e+02 3.970000000000000000e+02 3.610817565917968750e+02
2.386419999999999959e+02 6.960000000000000000e+02 3.610847167968750000e+02
2.389780000000000086e+02 4.700000000000000000e+02 3.610910644531250000e+02
2.393149999999999977e+02 1.075000000000000000e+03 3.610892639160156250e+02
2.396510000000000105e+02 1.362000000000000000e+03 3.610851135253906250e+02
2.399869999999999948e+02 1.797000000000000000e+03 3.610838012695312500e+02
2.403230000000000075e+02 2.030000000000000000e+03 3.610846252441406250e+02
2.406599999999999966e+02 1.598000000000000000e+03 3.610863952636718750e+02
2.409960000000000093e+02 1.749000000000000000e+03 3.610847167968750000e+02
2.413319999999999936e+02 1.836000000000000000e+03 3.610895996093750000e+02
2.416690000000000111e+02 1.466000000000000000e+03 3.610887451171875000e+02
2.420049999999999955e+02 1.893000000000000000e+03 3.610889892578125000e+02
2.423420000000000130e+02 1.939000000000000000e+03 3.610909423828125000e+02
2.426779999999999973e+02 2.242000000000000000e+03 3.610968933105468750e+02
2.430140000000000100e+02 2.107000000000000000e+03 3.610980834960937500e+02
2.433520000000000039e+02 1.757000000000000000e+03 3.610985107421875000e+02
2.436879999999999882e+02 1.189000000000000000e+03 3.611013488769531250e+02
2.440250000000000057e+02 9.600000000000000000e+02 3.610956726074218750e+02
2.443609999999999900e+02 7.070000000000000000e+02 3.611064147949218750e+02
2.446980000000000075e+02 4.920000000000000000e+02 3.611046752929687500e+02
2.450339999999999918e+02 6.200000000000000000e+02 3.610986328125000000e+02
2.453700000000000045e+02 2.950000000000000000e+02 3.611041564941406250e+02
2.457069999999999936e+02 3.140000000000000000e+02 3.611065063476562500e+02
2.460430000000000064e+02 2.310000000000000000e+02 3.611022949218750000e+02
2.463799999999999955e+02 1.980000000000000000e+02 3.611002502441406250e+02
2.467160000000000082e+02 2.040000000000000000e+02 3.611123352050781250e+02
2.470529999999999973e+02 1.680000000000000000e+02 3.611134948730468750e+02
