2.463799999999999955e+02 4.040000000000000000e+02 4.352333984375000000e+02
2.467160000000000082e+02 4.980000000000000000e+02 4.352253723144531250e+02
2.470529999999999973e+02 4.950000000000000000e+02 4.352307128906250000e+02
2.473890000000000100e+02 5.350000000000000000e+02 4.352265625000000000e+02
2.477259999999999991e+02 6.650000000000000000e+02 4.352231445312500000e+02
2.480620000000000118e+02 5.700000000000000000e+02 4.352234191894531250e+02
2.483979999999999961e+02 5.670000000000000000e+02 4.352189941406250000e+02
2.487350000000000136e+02 4.280000000000000000e+02 4.352229309082031250e+02
2.490709999999999980e+02 5.850000000000000000e+02 4.352195129394531250e+02
2.494070000000000107e+02 6.000000000000000000e+02 4.352195129394531250e+02
2.497429999999999950e+02 7.530000000000000000e+02 4.352210388183593750e+02
2.500800000000000125e+02 7.030000000000000000e+02 4.352243957519531250e+02
2.504159999999999968e+02 7.950000000000000000e+02 4.352198791503906250e+02
2.507520000000000095e+02 1.159000000000000000e+03 4.352163085937500000e+02
2.510889999999999986e+02 1.217000000000000000e+03 4.352199401855468750e+02
2.514250000000000114e+02 1.235000000000000000e+03 4.352190551757812500e+02
2.517609999999999957e+02 1.388000000000000000e+03 4.352218017578125000e+02
2.520980000000000132e+02 1.414000000000000000e+03 4.352194213867187500e+02
2.524339999999999975e+02 1.583000000000000000e+03 4.352207336425781250e+02
2.527700000000000102e+02 1.672000000000000000e+03 4.352214355468750000e+02
2.531059999999999945e+02 1.895000000000000000e+03 4.352194824218750000e+02
2.534439999999999884e+02 2.006000000000000000e+03 4.352176208496093750e+02
2.537810000000000059e+02 1.843000000000000000e+03 4.352212219238281250e+02
2.541169999999999902e+02 1.922000000000000000e+03 4.352194824218750000e+02
2.544530000000000030e+02 1.737000000000000000e+03 4.352180786132812500e+02
2.547899999999999920e+02 1.543000000000000000e+03 4.352196350097656250e+02
2.551260000000000048e+02 1.411000000000000000e+03 4.352157897949218750e+02
2.554619999999999891e+02 1.301000000000000000e+03 4.352198791503906250e+02
2.557980000000000018e+02 1.353000000000000000e+03 4.352212829589843750e+02
2.561440000000000055e+02 1.249000000000000000e+03 4.352194213867187500e+02
2.564800000000000182e+02 1.212000000000000000e+03 4.352228393554687500e+02
2.568159999999999741e+02 9.880000000000000000e+02 4.352181091308593750e+02
2.571519999999999868e+02 7.730000000000000000e+02 4.352196350097656250e+02
2.574889999999999759e+02 7.940000000000000000e+02 4.352163085937500000e+02
2.578249999999999886e+02 6.210000000000000000e+02 4.352150573730468750e+02
2.581610000000000014e+02 4.940000000000000000e+02 4.352159423828125000e+02
2.584979999999999905e+02 3.880000000000000000e+02 4.352182922363281250e+02
2.588340000000000032e+02 3.100000000000000000e+02 4.352173461914062500e+02
2.591700000000000159e+02 3.400000000000000000e+02 4.352255859375000000e+02
2.595070000000000050e+02 3.780000000000000000e+02 4.352205505371093750e+02
2.598430000000000177e+02 2.610000000000000000e+02 4.352134094238281250e+02
2.601789999999999736e+02 2.160000000000000000e+02 4.352150573730468750e+02
2.605149999999999864e+02 2.160000000000000000e+02 4.352233886718750000e+02
2.608519999999999754e+02 1.220000000000000000e+02 4.351995849609375000e+02
2.611879999999999882e+02 1.690000000000000000e+02 4.352066345214843750e+02
2.615240000000000009e+02 1.600000000000000000e+02 4.352329406738281250e+02
2.618609999999999900e+02 7.900000000000000000e+01 4.352293701171875000e+02
