2.738700000000000045e+01 2.520000000000000000e+02 4.551081848144531250e+02
2.772299999999999898e+01 2.950000000000000000e+02 4.551107177734375000e+02
2.805999999999999872e+01 4.470000000000000000e+02 4.551153259277343750e+02
2.839600000000000080e+01 7.100000000000000000e+02 4.551075439453125000e+02
2.873199999999999932e+01 6.080000000000000000e+02 4.551127929687500000e+02
2.906899999999999906e+01 7.730000000000000000e+02 4.551110839843750000e+02
2.940500000000000114e+01 5.700000000000000000e+02 4.551164855957031250e+02
2.974099999999999966e+01 9.650000000000000000e+02 4.551137390136718750e+02
3.007700000000000173e+01 7.360000000000000000e+02 4.551161193847656250e+02
3.041400000000000148e+01 8.350000000000000000e+02 4.551146850585937500e+02
3.075000000000000000e+01 1.079000000000000000e+03 4.551097717285156250e+02
3.108599999999999852e+01 1.134000000000000000e+03 4.551117858886718750e+02
3.142399999999999949e+01 1.385000000000000000e+03 4.551140747070312500e+02
3.176099999999999923e+01 1.792000000000000000e+03 4.551136779785156250e+02
3.209700000000000131e+01 1.573000000000000000e+03 4.551122741699218750e+02
3.243299999999999983e+01 1.820000000000000000e+03 4.551071166992187500e+02
3.277000000000000313e+01 1.575000000000000000e+03 4.551074523925781250e+02
3.310600000000000165e+01 1.704000000000000000e+03 4.551124267578125000e+02
3.344200000000000017e+01 1.935000000000000000e+03 4.551074829101562500e+02
3.377900000000000347e+01 1.321000000000000000e+03 4.551109924316406250e+02
3.411500000000000199e+01 1.964000000000000000e+03 4.551089172363281250e+02
3.445100000000000051e+01 1.766000000000000000e+03 4.551057434082031250e+02
3.478799999999999670e+01 1.595000000000000000e+03 4.551082458496093750e+02
3.512400000000000233e+01 1.465000000000000000e+03 4.551109313964843750e+02
3.546000000000000085e+01 1.159000000000000000e+03 4.550995483398437500e+02
3.579699999999999704e+01 1.073000000000000000e+03 4.551083068847656250e+02
3.613300000000000267e+01 8.990000000000000000e+02 4.551117248535156250e+02
3.646900000000000119e+01 7.700000000000000000e+02 4.551101379394531250e+02
3.680499999999999972e+01 1.023000000000000000e+03 4.551056518554687500e+02
