7.556879999999999882e+02 1.900000000000000000e+02 4.192377929687500000e+02
7.560240000000000009e+02 1.320000000000000000e+02 4.192440795898437500e+02
7.563600000000000136e+02 4.000000000000000000e+01 4.192373352050781250e+02
7.566960000000000264e+02 1.170000000000000000e+02 4.192568359375000000e+02
7.570320000000000391e+02 1.900000000000000000e+02 4.192329101562500000e+02
7.573680000000000518e+02 1.460000000000000000e+02 4.192486572265625000e+02
7.577039999999999509e+02 1.210000000000000000e+02 4.192569885253906250e+02
7.580460000000000491e+02 1.150000000000000000e+02 4.192621765136718750e+02
7.583819999999999482e+02 1.560000000000000000e+02 4.192633056640625000e+02
7.587300000000000182e+02 3.090000000000000000e+02 4.192404785156250000e+02
7.590660000000000309e+02 3.030000000000000000e+02 4.192460632324218750e+02
7.594020000000000437e+02 2.810000000000000000e+02 4.192476501464843750e+02
7.597380000000000564e+02 2.620000000000000000e+02 4.192371826171875000e+02
7.600739999999999554e+02 1.740000000000000000e+02 4.192497863769531250e+02
7.604099999999999682e+02 1.870000000000000000e+02 4.192349243164062500e+02
7.607459999999999809e+02 2.860000000000000000e+02 4.192406921386718750e+02
7.610819999999999936e+02 3.360000000000000000e+02 4.192556762695312500e+02
7.614180000000000064e+02 2.560000000000000000e+02 4.192364501953125000e+02
7.617540000000000191e+02 3.700000000000000000e+02 4.192397155761718750e+02
7.620900000000000318e+02 3.750000000000000000e+02 4.192489013671875000e+02
7.624260000000000446e+02 6.020000000000000000e+02 4.192492675781250000e+02
7.627619999999999436e+02 3.090000000000000000e+02 4.192484130859375000e+02
7.630979999999999563e+02 4.550000000000000000e+02 4.192399597167968750e+02
7.634400000000000546e+02 7.660000000000000000e+02 4.192459106445312500e+02
7.637759999999999536e+02 9.330000000000000000e+02 4.192486572265625000e+02
7.641119999999999663e+02 9.540000000000000000e+02 4.192455444335937500e+02
7.644479999999999791e+02 8.620000000000000000e+02 4.192432250976562500e+02
7.647839999999999918e+02 1.163000000000000000e+03 4.192441711425781250e+02
7.651200000000000045e+02 1.158000000000000000e+03 4.192475891113281250e+02
7.654560000000000173e+02 1.239000000000000000e+03 4.192468261718750000e+02
7.657980000000000018e+02 1.670000000000000000e+03 4.192470703125000000e+02
7.661280000000000427e+02 1.352000000000000000e+03 4.192457275390625000e+02
7.664700000000000273e+02 1.500000000000000000e+03 4.192481689453125000e+02
7.668060000000000400e+02 1.414000000000000000e+03 4.192478637695312500e+02
7.671420000000000528e+02 1.539000000000000000e+03 4.192458190917968750e+02
7.674779999999999518e+02 1.193000000000000000e+03 4.192455749511718750e+02
7.678139999999999645e+02 9.940000000000000000e+02 4.192429809570312500e+02
7.681499999999999773e+02 9.910000000000000000e+02 4.192460327148437500e+02
7.684859999999999900e+02 1.005000000000000000e+03 4.192439270019531250e+02
7.688220000000000027e+02 7.150000000000000000e+02 4.192431335449218750e+02
7.691580000000000155e+02 6.660000000000000000e+02 4.192433776855468750e+02
7.694940000000000282e+02 7.030000000000000000e+02 4.192508544921875000e+02
7.698300000000000409e+02 5.790000000000000000e+02 4.192469787597656250e+02
7.701720000000000255e+02 6.180000000000000000e+02 4.192411499023437500e+02
7.705019999999999527e+02 5.150000000000000000e+02 4.192471008300781250e+02
7.708440000000000509e+02 3.360000000000000000e+02 4.192430725097656250e+02
7.711799999999999500e+02 3.740000000000000000e+02 4.192483215332031250e+02
7.715159999999999627e+02 2.050000000000000000e+02 4.192489318847656250e+02
7.718519999999999754e+02 1.960000000000000000e+02 4.192486877441406250e+02
7.721879999999999882e+02 3.870000000000000000e+02 4.192518310546875000e+02
7.725240000000000009e+02 2.890000000000000000e+02 4.192574157714843750e+02
7.728600000000000136e+02 1.620000000000000000e+02 4.192567443847656250e+02
7.731960000000000264e+02 2.170000000000000000e+02 4.192578735351562500e+02
7.735320000000000391e+02 2.470000000000000000e+02 4.192485656738281250e+02
7.738680000000000518e+02 2.460000000000000000e+02 4.192476196289062500e+02
7.742039999999999509e+02 1.750000000000000000e+02 4.192512207031250000e+02
7.745399999999999636e+02 2.260000000000000000e+02 4.192571105957031250e+02
7.748759999999999764e+02 2.330000000000000000e+02 4.192489318847656250e+02
7.752119999999999891e+02 2.290000000000000000e+02 4.192586364746093750e+02
7.755480000000000018e+02 2.010000000000000000e+02 4.192548828125000000e+02
7.758840000000000146e+02 3.480000000000000000e+02 4.192459716796875000e+02
7.762200000000000273e+02 2.270000000000000000e+02 4.192551269531250000e+02
7.765560000000000400e+02 3.260000000000000000e+02 4.192566528320312500e+02
7.768980000000000246e+02 3.210000000000000000e+02 4.192554931640625000e+02
7.772279999999999518e+02 2.140000000000000000e+02 4.192583923339843750e+02
7.775700000000000500e+02 3.610000000000000000e+02 4.192520751953125000e+02
7.779059999999999491e+02 2.310000000000000000e+02 4.192460327148437500e+02
7.782419999999999618e+02 2.570000000000000000e+02 4.192573852539062500e+02
7.785779999999999745e+02 1.660000000000000000e+02 4.192624206542968750e+02
7.789139999999999873e+02 2.470000000000000000e+02 4.192492065429687500e+02
