9.376799999999999500e+02 1.467000000000000000e+03 5.734832153320312500e+02
9.380159999999999627e+02 1.345000000000000000e+03 5.734889526367187500e+02
9.383519999999999754e+02 1.601000000000000000e+03 5.734847412109375000e+02
9.386879999999999882e+02 1.387000000000000000e+03 5.734831542968750000e+02
9.390299999999999727e+02 1.540000000000000000e+03 5.734844360351562500e+02
9.393659999999999854e+02 1.524000000000000000e+03 5.734827270507812500e+02
9.397019999999999982e+02 1.364000000000000000e+03 5.734826049804687500e+02
9.400380000000000109e+02 1.146000000000000000e+03 5.734843750000000000e+02
9.403740000000000236e+02 1.345000000000000000e+03 5.734890747070312500e+02
9.407100000000000364e+02 1.267000000000000000e+03 5.734803466796875000e+02
9.410460000000000491e+02 1.422000000000000000e+03 5.734815063476562500e+02
9.413819999999999482e+02 1.237000000000000000e+03 5.734824829101562500e+02
9.417179999999999609e+02 1.502000000000000000e+03 5.734861450195312500e+02
9.420539999999999736e+02 1.291000000000000000e+03 5.734822998046875000e+02
9.423899999999999864e+02 1.514000000000000000e+03 5.734805297851562500e+02
9.427259999999999991e+02 1.313000000000000000e+03 5.734854736328125000e+02
9.430620000000000118e+02 1.215000000000000000e+03 5.734862670898437500e+02
9.434039999999999964e+02 1.390000000000000000e+03 5.734823608398437500e+02
9.437340000000000373e+02 1.221000000000000000e+03 5.734880981445312500e+02
9.440700000000000500e+02 1.437000000000000000e+03 5.734863891601562500e+02
9.444120000000000346e+02 1.402000000000000000e+03 5.734874267578125000e+02
9.447480000000000473e+02 1.472000000000000000e+03 5.734830932617187500e+02
9.450839999999999463e+02 1.580000000000000000e+03 5.734771728515625000e+02
9.454199999999999591e+02 1.376000000000000000e+03 5.734876708984375000e+02
9.457559999999999718e+02 1.292000000000000000e+03 5.734841918945312500e+02
9.460919999999999845e+02 1.325000000000000000e+03 5.734871215820312500e+02
9.464279999999999973e+02 1.593000000000000000e+03 5.734854736328125000e+02
9.467640000000000100e+02 1.486000000000000000e+03 5.734857788085937500e+02
9.471000000000000227e+02 1.394000000000000000e+03 5.734800415039062500e+02
9.474360000000000355e+02 1.158000000000000000e+03 5.734837036132812500e+02
9.477720000000000482e+02 1.175000000000000000e+03 5.734878540039062500e+02
9.481079999999999472e+02 1.364000000000000000e+03 5.734829101562500000e+02
9.484439999999999600e+02 1.223000000000000000e+03 5.734817504882812500e+02
9.487799999999999727e+02 1.402000000000000000e+03 5.734867553710937500e+02
9.491159999999999854e+02 1.429000000000000000e+03 5.734819335937500000e+02
9.494519999999999982e+02 1.172000000000000000e+03 5.734841918945312500e+02
9.497939999999999827e+02 1.233000000000000000e+03 5.734833374023437500e+02
9.501299999999999955e+02 1.410000000000000000e+03 5.734849243164062500e+02
9.504660000000000082e+02 1.281000000000000000e+03 5.734845581054687500e+02
9.508020000000000209e+02 1.281000000000000000e+03 5.734886474609375000e+02
9.511380000000000337e+02 1.311000000000000000e+03 5.734907836914062500e+02
9.514740000000000464e+02 1.217000000000000000e+03 5.734830932617187500e+02
9.518099999999999454e+02 1.451000000000000000e+03 5.734846191406250000e+02
9.521459999999999582e+02 1.185000000000000000e+03 5.734852905273437500e+02
9.524819999999999709e+02 1.616000000000000000e+03 5.734842529296875000e+02
9.528179999999999836e+02 1.334000000000000000e+03 5.734870605468750000e+02
9.531539999999999964e+02 9.710000000000000000e+02 5.734870605468750000e+02
9.534900000000000091e+02 1.431000000000000000e+03 5.734789428710937500e+02
9.538260000000000218e+02 1.238000000000000000e+03 5.734869995117187500e+02
9.541620000000000346e+02 1.139000000000000000e+03 5.734867553710937500e+02
9.544980000000000473e+02 1.255000000000000000e+03 5.734840698242187500e+02
9.548339999999999463e+02 1.384000000000000000e+03 5.734886474609375000e+02
9.551699999999999591e+02 1.217000000000000000e+03 5.734891357421875000e+02
9.555119999999999436e+02 1.236000000000000000e+03 5.734868164062500000e+02
9.558479999999999563e+02 1.323000000000000000e+03 5.734852905273437500e+02
9.561839999999999691e+02 1.305000000000000000e+03 5.734857177734375000e+02
9.565199999999999818e+02 1.060000000000000000e+03 5.734865112304687500e+02
9.568559999999999945e+02 1.127000000000000000e+03 5.734884643554687500e+02
9.571920000000000073e+02 1.308000000000000000e+03 5.734868164062500000e+02
9.575280000000000200e+02 1.311000000000000000e+03 5.734861450195312500e+02
9.578640000000000327e+02 1.202000000000000000e+03 5.734863281250000000e+02
9.582000000000000455e+02 1.178000000000000000e+03 5.734901123046875000e+02
9.585359999999999445e+02 9.910000000000000000e+02 5.734872436523437500e+02
9.588719999999999573e+02 1.238000000000000000e+03 5.734843139648437500e+02
9.592079999999999700e+02 1.102000000000000000e+03 5.734849243164062500e+02
9.595439999999999827e+02 1.235000000000000000e+03 5.734855346679687500e+02
9.598859999999999673e+02 1.026000000000000000e+03 5.734872436523437500e+02
9.602219999999999800e+02 1.224000000000000000e+03 5.734819335937500000e+02
9.605579999999999927e+02 1.201000000000000000e+03 5.734818725585937500e+02
9.608940000000000055e+02 1.176000000000000000e+03 5.734852294921875000e+02
9.612300000000000182e+02 1.095000000000000000e+03 5.734862060546875000e+02
9.615660000000000309e+02 1.004000000000000000e+03 5.734912719726562500e+02
9.619020000000000437e+02 1.064000000000000000e+03 5.734816284179687500e+02
9.622380000000000564e+02 1.064000000000000000e+03 5.734817504882812500e+02
9.625739999999999554e+02 1.174000000000000000e+03 5.734848022460937500e+02
9.629099999999999682e+02 1.171000000000000000e+03 5.734838256835937500e+02
9.632459999999999809e+02 1.190000000000000000e+03 5.734840087890625000e+02
9.635819999999999936e+02 1.159000000000000000e+03 5.734850463867187500e+02
9.639180000000000064e+02 1.018000000000000000e+03 5.734858398437500000e+02
9.642540000000000191e+02 9.370000000000000000e+02 5.734895019531250000e+02
9.645900000000000318e+02 1.244000000000000000e+03 5.734805297851562500e+02
9.649260000000000446e+02 1.018000000000000000e+03 5.734913330078125000e+02
9.652619999999999436e+02 1.143000000000000000e+03 5.734854125976562500e+02
9.655979999999999563e+02 1.074000000000000000e+03 5.734912109375000000e+02
9.659339999999999691e+02 1.081000000000000000e+03 5.734837036132812500e+02
9.662759999999999536e+02 1.222000000000000000e+03 5.734873657226562500e+02
9.666119999999999663e+02 9.800000000000000000e+02 5.734885253906250000e+02
9.669479999999999791e+02 8.790000000000000000e+02 5.734830322265625000e+02
