5.530599999999999739e+01 3.180000000000000000e+02 3.490639648437500000e+02
5.564200000000000301e+01 5.460000000000000000e+02 3.490619812011718750e+02
5.597899999999999920e+01 6.670000000000000000e+02 3.490624389648437500e+02
5.631499999999999773e+01 5.890000000000000000e+02 3.490774841308593750e+02
5.665100000000000335e+01 6.530000000000000000e+02 3.490759887695312500e+02
5.698799999999999955e+01 9.400000000000000000e+02 3.490806274414062500e+02
5.732399999999999807e+01 6.080000000000000000e+02 3.490701904296875000e+02
5.766100000000000136e+01 9.270000000000000000e+02 3.490786132812500000e+02
5.799699999999999989e+01 9.170000000000000000e+02 3.490825805664062500e+02
5.833400000000000318e+01 1.105000000000000000e+03 3.490774536132812500e+02
5.867000000000000171e+01 1.040000000000000000e+03 3.490814819335937500e+02
5.900600000000000023e+01 1.257000000000000000e+03 3.490798339843750000e+02
5.934300000000000352e+01 1.204000000000000000e+03 3.490782165527343750e+02
5.967900000000000205e+01 9.320000000000000000e+02 3.490796813964843750e+02
6.001500000000000057e+01 1.178000000000000000e+03 3.490815429687500000e+02
6.035220000000000340e+01 1.384000000000000000e+03 3.490772399902343750e+02
6.068820000000000192e+01 1.124000000000000000e+03 3.490808105468750000e+02
6.102420000000000044e+01 1.117000000000000000e+03 3.490798339843750000e+02
6.136019999999999897e+01 8.880000000000000000e+02 3.490844726562500000e+02
6.169800000000000040e+01 8.300000000000000000e+02 3.490781250000000000e+02
6.203520000000000323e+01 9.990000000000000000e+02 3.490790710449218750e+02
6.237120000000000175e+01 8.090000000000000000e+02 3.490755310058593750e+02
6.270720000000000027e+01 6.850000000000000000e+02 3.490787963867187500e+02
6.304319999999999879e+01 6.830000000000000000e+02 3.490787048339843750e+02
6.337980000000000302e+01 4.970000000000000000e+02 3.490699768066406250e+02
6.371580000000000155e+01 6.590000000000000000e+02 3.490814819335937500e+02
6.405180000000000007e+01 5.050000000000000000e+02 3.490741577148437500e+02
6.438899999999999579e+01 3.450000000000000000e+02 3.490574951171875000e+02
6.472499999999999432e+01 5.150000000000000000e+02 3.490727233886718750e+02
6.506100000000000705e+01 4.760000000000000000e+02 3.490767822265625000e+02
6.539820000000000277e+01 2.860000000000000000e+02 3.490575866699218750e+02
6.573420000000000130e+01 2.560000000000000000e+02 3.490637207031250000e+02
6.607019999999999982e+01 4.120000000000000000e+02 3.490717163085937500e+02
6.640619999999999834e+01 3.810000000000000000e+02 3.490704040527343750e+02
6.674280000000000257e+01 2.830000000000000000e+02 3.490763549804687500e+02
