2.938199999999999932e+02 5.480000000000000000e+02 4.090929565429687500e+02
2.941569999999999823e+02 5.980000000000000000e+02 4.090964660644531250e+02
2.944940000000000282e+02 5.230000000000000000e+02 4.090962829589843750e+02
2.948299999999999841e+02 5.670000000000000000e+02 4.091190185546875000e+02
2.951659999999999968e+02 4.720000000000000000e+02 4.090902099609375000e+02
2.955020000000000095e+02 4.570000000000000000e+02 4.091027526855468750e+02
2.958389999999999986e+02 5.140000000000000000e+02 4.091179809570312500e+02
2.961750000000000114e+02 6.670000000000000000e+02 4.091203918457031250e+02
2.965110000000000241e+02 1.108000000000000000e+03 4.091179809570312500e+02
2.968480000000000132e+02 2.075000000000000000e+03 4.091129150390625000e+02
2.971840000000000259e+02 3.858000000000000000e+03 4.091137084960937500e+02
2.975199999999999818e+02 5.502000000000000000e+03 4.091100463867187500e+02
2.978570000000000277e+02 7.877000000000000000e+03 4.091105957031250000e+02
2.981929999999999836e+02 8.950000000000000000e+03 4.091119079589843750e+02
2.985289999999999964e+02 1.058800000000000000e+04 4.091104125976562500e+02
2.988659999999999854e+02 1.038200000000000000e+04 4.091117553710937500e+02
2.992019999999999982e+02 9.492000000000000000e+03 4.091114501953125000e+02
2.995380000000000109e+02 9.290000000000000000e+03 4.091106567382812500e+02
2.998740000000000236e+02 6.995000000000000000e+03 4.091132202148437500e+02
3.002110000000000127e+02 6.194000000000000000e+03 4.091130981445312500e+02
3.005470000000000255e+02 4.607000000000000000e+03 4.091125488281250000e+02
3.008829999999999814e+02 3.393000000000000000e+03 4.091158142089843750e+02
3.012200000000000273e+02 2.642000000000000000e+03 4.091187744140625000e+02
3.015559999999999832e+02 2.164000000000000000e+03 4.091183776855468750e+02
3.018919999999999959e+02 1.369000000000000000e+03 4.091259155273437500e+02
