5.397369999999999663e+02 1.410000000000000000e+02 3.410269470214843750e+02
5.400729999999999791e+02 2.770000000000000000e+02 3.410348205566406250e+02
5.404099999999999682e+02 4.700000000000000000e+02 3.410338439941406250e+02
5.407459999999999809e+02 4.010000000000000000e+02 3.410307006835937500e+02
5.410819999999999936e+02 5.640000000000000000e+02 3.410315856933593750e+02
5.414189999999999827e+02 8.050000000000000000e+02 3.410370788574218750e+02
5.417549999999999955e+02 1.235000000000000000e+03 3.410315856933593750e+02
5.420910000000000082e+02 7.950000000000000000e+02 3.410374450683593750e+02
5.424279999999999973e+02 7.940000000000000000e+02 3.410324707031250000e+02
5.427640000000000100e+02 9.010000000000000000e+02 3.410343933105468750e+02
5.431000000000000227e+02 8.190000000000000000e+02 3.410297851562500000e+02
5.434360000000000355e+02 6.990000000000000000e+02 3.410296936035156250e+02
5.437730000000000246e+02 7.530000000000000000e+02 3.410331726074218750e+02
5.441090000000000373e+02 5.780000000000000000e+02 3.410335083007812500e+02
5.444450000000000500e+02 3.910000000000000000e+02 3.410316162109375000e+02
5.447820000000000391e+02 2.460000000000000000e+02 3.410291442871093750e+02
5.451180000000000518e+02 2.080000000000000000e+02 3.410383911132812500e+02
5.454539999999999509e+02 8.600000000000000000e+01 3.410332946777343750e+02
5.457910000000000537e+02 5.400000000000000000e+01 3.410346984863281250e+02
5.461269999999999527e+02 5.200000000000000000e+01 3.410278015136718750e+02
