4.034940000000000282e+02 3.000000000000000000e+02 5.752984008789062500e+02
4.038310000000000173e+02 4.630000000000000000e+02 5.752930297851562500e+02
4.041669999999999732e+02 4.770000000000000000e+02 5.753013916015625000e+02
4.045029999999999859e+02 6.240000000000000000e+02 5.753003540039062500e+02
4.048399999999999750e+02 8.860000000000000000e+02 5.752932739257812500e+02
4.051759999999999877e+02 1.034000000000000000e+03 5.753030395507812500e+02
4.055120000000000005e+02 1.174000000000000000e+03 5.753021850585937500e+02
4.058489999999999895e+02 1.107000000000000000e+03 5.753032226562500000e+02
4.061850000000000023e+02 1.203000000000000000e+03 5.753075561523437500e+02
4.065210000000000150e+02 9.530000000000000000e+02 5.753030395507812500e+02
4.068580000000000041e+02 8.310000000000000000e+02 5.752947998046875000e+02
4.071940000000000168e+02 6.880000000000000000e+02 5.752997436523437500e+02
4.075319999999999823e+02 5.920000000000000000e+02 5.753007812500000000e+02
4.078679999999999950e+02 5.730000000000000000e+02 5.753057861328125000e+02
4.082040000000000077e+02 2.470000000000000000e+02 5.752890625000000000e+02
4.085409999999999968e+02 3.010000000000000000e+02 5.753002929687500000e+02
