9.535200000000000387e+01 1.580000000000000000e+02 2.891086120605468750e+02
9.568800000000000239e+01 2.920000000000000000e+02 2.891276855468750000e+02
9.602519999999999811e+01 3.150000000000000000e+02 2.891138000488281250e+02
9.636119999999999663e+01 1.990000000000000000e+02 2.891260375976562500e+02
9.669780000000000086e+01 4.730000000000000000e+02 2.891215515136718750e+02
9.703379999999999939e+01 3.380000000000000000e+02 2.891154174804687500e+02
9.736979999999999791e+01 3.910000000000000000e+02 2.891199340820312500e+02
9.770699999999999363e+01 3.630000000000000000e+02 2.891145629882812500e+02
9.804300000000000637e+01 3.700000000000000000e+02 2.891187133789062500e+02
9.837900000000000489e+01 4.930000000000000000e+02 2.891218261718750000e+02
9.871620000000000061e+01 4.470000000000000000e+02 2.891211547851562500e+02
9.905219999999999914e+01 2.430000000000000000e+02 2.891132812500000000e+02
9.938819999999999766e+01 3.680000000000000000e+02 2.891172485351562500e+02
9.972480000000000189e+01 2.850000000000000000e+02 2.891244506835937500e+02
1.000610000000000070e+02 4.960000000000000000e+02 2.891201171875000000e+02
1.003970000000000056e+02 2.820000000000000000e+02 2.891070556640625000e+02
1.007330000000000041e+02 3.210000000000000000e+02 2.891150512695312500e+02
1.010699999999999932e+02 4.730000000000000000e+02 2.891224365234375000e+02
1.014060000000000059e+02 6.300000000000000000e+02 2.891232299804687500e+02
1.017420000000000044e+02 3.510000000000000000e+02 2.891230468750000000e+02
1.020789999999999935e+02 4.720000000000000000e+02 2.891209716796875000e+02
1.024150000000000063e+02 3.730000000000000000e+02 2.891245117187500000e+02
1.027510000000000048e+02 5.740000000000000000e+02 2.891219482421875000e+02
1.030979999999999990e+02 6.680000000000000000e+02 2.891224975585937500e+02
1.034350000000000023e+02 6.130000000000000000e+02 2.891200561523437500e+02
1.037710000000000008e+02 8.890000000000000000e+02 2.891228637695312500e+02
1.041069999999999993e+02 6.870000000000000000e+02 2.891201171875000000e+02
1.044429999999999978e+02 1.180000000000000000e+03 2.891244201660156250e+02
1.047810000000000059e+02 7.100000000000000000e+02 2.891248168945312500e+02
1.051179999999999950e+02 1.017000000000000000e+03 2.891237487792968750e+02
1.054539999999999935e+02 9.240000000000000000e+02 2.891232299804687500e+02
1.057900000000000063e+02 7.200000000000000000e+02 2.891228027343750000e+02
1.061260000000000048e+02 1.063000000000000000e+03 2.891243286132812500e+02
1.064629999999999939e+02 1.013000000000000000e+03 2.891237792968750000e+02
1.067990000000000066e+02 7.590000000000000000e+02 2.891261901855468750e+02
1.071359999999999957e+02 9.080000000000000000e+02 2.891228637695312500e+02
1.074719999999999942e+02 9.190000000000000000e+02 2.891245422363281250e+02
1.078080000000000069e+02 9.820000000000000000e+02 2.891216735839843750e+02
1.081440000000000055e+02 9.630000000000000000e+02 2.891257324218750000e+02
1.084809999999999945e+02 8.100000000000000000e+02 2.891237487792968750e+02
1.088169999999999931e+02 7.460000000000000000e+02 2.891220703125000000e+02
1.091530000000000058e+02 6.690000000000000000e+02 2.891246948242187500e+02
1.094899999999999949e+02 6.380000000000000000e+02 2.891215209960937500e+02
1.098259999999999934e+02 5.320000000000000000e+02 2.891208496093750000e+02
1.101620000000000061e+02 6.010000000000000000e+02 2.891203613281250000e+02
1.104989999999999952e+02 4.730000000000000000e+02 2.891235046386718750e+02
1.108349999999999937e+02 5.850000000000000000e+02 2.891212158203125000e+02
1.111710000000000065e+02 3.820000000000000000e+02 2.891190795898437500e+02
1.115079999999999956e+02 2.520000000000000000e+02 2.891243591308593750e+02
1.118439999999999941e+02 2.510000000000000000e+02 2.891325683593750000e+02
1.121809999999999974e+02 2.110000000000000000e+02 2.891172485351562500e+02
1.125180000000000007e+02 2.440000000000000000e+02 2.891317138671875000e+02
1.128539999999999992e+02 2.740000000000000000e+02 2.891208801269531250e+02
1.131899999999999977e+02 1.970000000000000000e+02 2.891233825683593750e+02
1.135270000000000010e+02 2.870000000000000000e+02 2.891252746582031250e+02
1.138629999999999995e+02 1.280000000000000000e+02 2.891163635253906250e+02
1.141989999999999981e+02 1.350000000000000000e+02 2.891048889160156250e+02
1.145360000000000014e+02 1.990000000000000000e+02 2.891192626953125000e+02
1.148739999999999952e+02 2.340000000000000000e+02 2.891242980957031250e+02
