9.507960000000000491e+02 7.230000000000000000e+02 7.165192871093750000e+02
9.511319999999999482e+02 7.050000000000000000e+02 7.165160522460937500e+02
9.514679999999999609e+02 7.340000000000000000e+02 7.165122680664062500e+02
9.518039999999999736e+02 8.170000000000000000e+02 7.165242309570312500e+02
9.521399999999999864e+02 8.880000000000000000e+02 7.165109863281250000e+02
9.524819999999999709e+02 6.940000000000000000e+02 7.165196533203125000e+02
9.528179999999999836e+02 7.120000000000000000e+02 7.165130004882812500e+02
9.531539999999999964e+02 7.870000000000000000e+02 7.165118408203125000e+02
9.534900000000000091e+02 6.390000000000000000e+02 7.165150756835937500e+02
9.538260000000000218e+02 7.390000000000000000e+02 7.165214843750000000e+02
9.541620000000000346e+02 7.630000000000000000e+02 7.165145874023437500e+02
9.544980000000000473e+02 7.490000000000000000e+02 7.165062866210937500e+02
9.548339999999999463e+02 8.370000000000000000e+02 7.165179443359375000e+02
9.551699999999999591e+02 7.880000000000000000e+02 7.165209350585937500e+02
9.555059999999999718e+02 8.460000000000000000e+02 7.165150756835937500e+02
9.558419999999999845e+02 9.810000000000000000e+02 7.165136108398437500e+02
9.561779999999999973e+02 7.400000000000000000e+02 7.165159912109375000e+02
9.565140000000000100e+02 9.750000000000000000e+02 7.165173339843750000e+02
9.568500000000000227e+02 6.570000000000000000e+02 7.165178833007812500e+02
9.571860000000000355e+02 8.770000000000000000e+02 7.165180053710937500e+02
9.575220000000000482e+02 6.340000000000000000e+02 7.165162353515625000e+02
9.578579999999999472e+02 8.270000000000000000e+02 7.165081787109375000e+02
9.581939999999999600e+02 8.790000000000000000e+02 7.165123901367187500e+02
9.585359999999999445e+02 7.160000000000000000e+02 7.165192260742187500e+02
9.588719999999999573e+02 1.076000000000000000e+03 7.165116577148437500e+02
9.592079999999999700e+02 8.290000000000000000e+02 7.165173339843750000e+02
9.595439999999999827e+02 6.140000000000000000e+02 7.165216064453125000e+02
9.598799999999999955e+02 9.890000000000000000e+02 7.165145874023437500e+02
9.602160000000000082e+02 9.720000000000000000e+02 7.165184326171875000e+02
9.605520000000000209e+02 7.540000000000000000e+02 7.165194091796875000e+02
9.608880000000000337e+02 7.600000000000000000e+02 7.165204467773437500e+02
9.612240000000000464e+02 8.470000000000000000e+02 7.165142211914062500e+02
9.615599999999999454e+02 8.860000000000000000e+02 7.165179443359375000e+02
9.618959999999999582e+02 9.230000000000000000e+02 7.165168457031250000e+02
9.622319999999999709e+02 9.550000000000000000e+02 7.165133056640625000e+02
9.625739999999999554e+02 8.280000000000000000e+02 7.165187377929687500e+02
9.629039999999999964e+02 7.820000000000000000e+02 7.165209350585937500e+02
9.632459999999999809e+02 8.840000000000000000e+02 7.165198974609375000e+02
9.635819999999999936e+02 7.170000000000000000e+02 7.165200805664062500e+02
9.639180000000000064e+02 8.680000000000000000e+02 7.165085449218750000e+02
9.642540000000000191e+02 7.550000000000000000e+02 7.165102539062500000e+02
9.645900000000000318e+02 7.900000000000000000e+02 7.165162353515625000e+02
9.649260000000000446e+02 9.770000000000000000e+02 7.165156250000000000e+02
9.652619999999999436e+02 6.960000000000000000e+02 7.165223388671875000e+02
9.655979999999999563e+02 1.108000000000000000e+03 7.165175781250000000e+02
9.659339999999999691e+02 9.680000000000000000e+02 7.165164794921875000e+02
9.662699999999999818e+02 7.000000000000000000e+02 7.165151977539062500e+02
9.666059999999999945e+02 9.620000000000000000e+02 7.165106201171875000e+02
9.669420000000000073e+02 7.710000000000000000e+02 7.165167846679687500e+02
9.672780000000000200e+02 6.770000000000000000e+02 7.165179443359375000e+02
9.676140000000000327e+02 8.260000000000000000e+02 7.165127563476562500e+02
9.679500000000000455e+02 8.280000000000000000e+02 7.165146484375000000e+02
9.682859999999999445e+02 6.650000000000000000e+02 7.165204467773437500e+02
9.686219999999999573e+02 7.020000000000000000e+02 7.165127563476562500e+02
9.689579999999999700e+02 8.390000000000000000e+02 7.165090332031250000e+02
9.692939999999999827e+02 8.510000000000000000e+02 7.165120849609375000e+02
9.696359999999999673e+02 8.380000000000000000e+02 7.165139770507812500e+02
9.699719999999999800e+02 7.370000000000000000e+02 7.165123901367187500e+02
9.703079999999999927e+02 6.720000000000000000e+02 7.165155029296875000e+02
9.706440000000000055e+02 6.980000000000000000e+02 7.165087280273437500e+02
9.709800000000000182e+02 6.590000000000000000e+02 7.165169677734375000e+02
9.713160000000000309e+02 7.300000000000000000e+02 7.165103759765625000e+02
9.716520000000000437e+02 8.380000000000000000e+02 7.165216064453125000e+02
9.719880000000000564e+02 7.700000000000000000e+02 7.165181274414062500e+02
9.723239999999999554e+02 7.800000000000000000e+02 7.165141601562500000e+02
9.726599999999999682e+02 8.550000000000000000e+02 7.165142211914062500e+02
9.729959999999999809e+02 8.500000000000000000e+02 7.165085449218750000e+02
9.733319999999999936e+02 5.720000000000000000e+02 7.165151977539062500e+02
9.736680000000000064e+02 7.660000000000000000e+02 7.165082397460937500e+02
9.740099999999999909e+02 9.550000000000000000e+02 7.165109863281250000e+02
9.743460000000000036e+02 7.850000000000000000e+02 7.165135498046875000e+02
9.746820000000000164e+02 7.620000000000000000e+02 7.165127563476562500e+02
9.750180000000000291e+02 6.930000000000000000e+02 7.165167846679687500e+02
9.753540000000000418e+02 7.660000000000000000e+02 7.165106201171875000e+02
9.756900000000000546e+02 7.920000000000000000e+02 7.165135498046875000e+02
9.760259999999999536e+02 7.830000000000000000e+02 7.165081176757812500e+02
9.763619999999999663e+02 8.250000000000000000e+02 7.165120239257812500e+02
9.766979999999999791e+02 7.290000000000000000e+02 7.165151367187500000e+02
9.770339999999999918e+02 7.630000000000000000e+02 7.165200195312500000e+02
9.773700000000000045e+02 7.440000000000000000e+02 7.165128173828125000e+02
9.777060000000000173e+02 6.740000000000000000e+02 7.165048828125000000e+02
9.780420000000000300e+02 6.630000000000000000e+02 7.165031127929687500e+02
9.783780000000000427e+02 8.720000000000000000e+02 7.165057373046875000e+02
9.787140000000000555e+02 6.310000000000000000e+02 7.165119018554687500e+02
9.790499999999999545e+02 7.650000000000000000e+02 7.165164184570312500e+02
9.793859999999999673e+02 7.420000000000000000e+02 7.165031127929687500e+02
9.797219999999999800e+02 6.350000000000000000e+02 7.165147094726562500e+02
9.800639999999999645e+02 9.540000000000000000e+02 7.165147094726562500e+02
