2.867649999999999864e+02 2.050000000000000000e+02 7.021486816406250000e+02
2.871009999999999991e+02 4.030000000000000000e+02 7.021387329101562500e+02
2.874370000000000118e+02 4.460000000000000000e+02 7.021478271484375000e+02
2.877740000000000009e+02 8.700000000000000000e+02 7.021362304687500000e+02
2.881100000000000136e+02 8.820000000000000000e+02 7.021307373046875000e+02
2.884460000000000264e+02 6.470000000000000000e+02 7.021416625976562500e+02
2.887830000000000155e+02 8.510000000000000000e+02 7.021406250000000000e+02
2.891190000000000282e+02 8.220000000000000000e+02 7.021409301757812500e+02
2.894549999999999841e+02 8.290000000000000000e+02 7.021436767578125000e+02
2.897909999999999968e+02 9.930000000000000000e+02 7.021354980468750000e+02
2.901290000000000191e+02 6.970000000000000000e+02 7.021417236328125000e+02
2.904649999999999750e+02 8.360000000000000000e+02 7.021378173828125000e+02
2.908020000000000209e+02 6.550000000000000000e+02 7.021373291015625000e+02
2.911379999999999768e+02 9.260000000000000000e+02 7.021320190429687500e+02
2.914739999999999895e+02 1.019000000000000000e+03 7.021402587890625000e+02
2.918100000000000023e+02 7.240000000000000000e+02 7.021281738281250000e+02
2.921469999999999914e+02 8.570000000000000000e+02 7.021303100585937500e+02
2.924830000000000041e+02 9.580000000000000000e+02 7.021379394531250000e+02
2.928190000000000168e+02 8.010000000000000000e+02 7.021326293945312500e+02
2.931560000000000059e+02 6.870000000000000000e+02 7.021314697265625000e+02
2.934920000000000186e+02 5.020000000000000000e+02 7.021324462890625000e+02
2.938279999999999745e+02 6.750000000000000000e+02 7.021340332031250000e+02
2.941650000000000205e+02 2.840000000000000000e+02 7.021440429687500000e+02
