2.117500000000000000e+02 1.350000000000000000e+02 2.010530090332031250e+02
2.120860000000000127e+02 3.210000000000000000e+02 2.010695953369140625e+02
2.124219999999999970e+02 1.840000000000000000e+02 2.010696716308593750e+02
2.127589999999999861e+02 4.970000000000000000e+02 2.010665130615234375e+02
2.130949999999999989e+02 7.900000000000000000e+02 2.010625305175781250e+02
2.134310000000000116e+02 4.540000000000000000e+02 2.010684967041015625e+02
2.137680000000000007e+02 8.850000000000000000e+02 2.010690002441406250e+02
2.141049999999999898e+02 7.110000000000000000e+02 2.010684967041015625e+02
2.144410000000000025e+02 8.720000000000000000e+02 2.010660095214843750e+02
2.147769999999999868e+02 5.400000000000000000e+02 2.010646057128906250e+02
2.151140000000000043e+02 8.770000000000000000e+02 2.010664367675781250e+02
2.154499999999999886e+02 6.460000000000000000e+02 2.010638580322265625e+02
2.157880000000000109e+02 5.140000000000000000e+02 2.010687561035156250e+02
2.161239999999999952e+02 3.680000000000000000e+02 2.010697174072265625e+02
2.164610000000000127e+02 5.560000000000000000e+02 2.010652770996093750e+02
2.167969999999999970e+02 3.980000000000000000e+02 2.010707397460937500e+02
2.171330000000000098e+02 1.910000000000000000e+02 2.010650939941406250e+02
2.174689999999999941e+02 1.930000000000000000e+02 2.010718688964843750e+02
2.178060000000000116e+02 1.390000000000000000e+02 2.010638885498046875e+02
2.181419999999999959e+02 8.000000000000000000e+01 2.010835876464843750e+02
2.184780000000000086e+02 1.460000000000000000e+02 2.010611572265625000e+02
2.188149999999999977e+02 2.170000000000000000e+02 2.010645141601562500e+02
2.191510000000000105e+02 6.700000000000000000e+01 2.010773468017578125e+02
2.194869999999999948e+02 1.270000000000000000e+02 2.010660705566406250e+02
2.198240000000000123e+02 9.100000000000000000e+01 2.010649108886718750e+02
2.201599999999999966e+02 1.000000000000000000e+02 2.010689697265625000e+02
2.204960000000000093e+02 1.690000000000000000e+02 2.010589752197265625e+02
2.208319999999999936e+02 1.140000000000000000e+02 2.010569305419921875e+02
2.211690000000000111e+02 9.900000000000000000e+01 2.010522918701171875e+02
2.215049999999999955e+02 8.300000000000000000e+01 2.010743408203125000e+02
2.218410000000000082e+02 7.900000000000000000e+01 2.010886688232421875e+02
