3.927289999999999850e+02 2.800000000000000000e+02 4.691677551269531250e+02
3.930649999999999977e+02 5.100000000000000000e+02 4.691599121093750000e+02
3.934019999999999868e+02 5.940000000000000000e+02 4.691665649414062500e+02
3.937400000000000091e+02 6.610000000000000000e+02 4.691757202148437500e+02
3.940760000000000218e+02 6.700000000000000000e+02 4.691718444824218750e+02
3.944119999999999777e+02 8.490000000000000000e+02 4.691680297851562500e+02
3.947479999999999905e+02 5.290000000000000000e+02 4.691734619140625000e+02
3.950849999999999795e+02 5.460000000000000000e+02 4.691762695312500000e+02
3.954220000000000255e+02 5.400000000000000000e+02 4.691626586914062500e+02
3.957579999999999814e+02 4.900000000000000000e+02 4.691732482910156250e+02
3.960939999999999941e+02 3.530000000000000000e+02 4.691650390625000000e+02
3.964309999999999832e+02 3.560000000000000000e+02 4.691687011718750000e+02
3.967669999999999959e+02 2.300000000000000000e+02 4.691849975585937500e+02
