2.292429999999999950e+02 9.000000000000000000e+01 3.981888122558593750e+02
2.295790000000000077e+02 2.690000000000000000e+02 3.981560363769531250e+02
2.299159999999999968e+02 2.680000000000000000e+02 3.981751708984375000e+02
2.302520000000000095e+02 4.040000000000000000e+02 3.981723327636718750e+02
2.305879999999999939e+02 5.340000000000000000e+02 3.981793518066406250e+02
2.309250000000000114e+02 8.090000000000000000e+02 3.981796875000000000e+02
2.312609999999999957e+02 4.740000000000000000e+02 3.981828002929687500e+02
2.315970000000000084e+02 8.120000000000000000e+02 3.981757202148437500e+02
2.319329999999999927e+02 5.300000000000000000e+02 3.981744689941406250e+02
2.322700000000000102e+02 6.200000000000000000e+02 3.981758728027343750e+02
2.326059999999999945e+02 3.340000000000000000e+02 3.981569213867187500e+02
