2.194869999999999948e+02 1.480000000000000000e+02 4.231389465332031250e+02
2.198240000000000123e+02 2.850000000000000000e+02 4.231321105957031250e+02
2.201599999999999966e+02 4.160000000000000000e+02 4.231379394531250000e+02
2.204960000000000093e+02 5.040000000000000000e+02 4.231334838867187500e+02
2.208319999999999936e+02 6.650000000000000000e+02 4.231369018554687500e+02
2.211690000000000111e+02 8.200000000000000000e+02 4.231276550292968750e+02
2.215049999999999955e+02 7.880000000000000000e+02 4.231436462402343750e+02
2.218410000000000082e+02 7.380000000000000000e+02 4.231349182128906250e+02
2.221779999999999973e+02 6.440000000000000000e+02 4.231412963867187500e+02
2.225140000000000100e+02 5.360000000000000000e+02 4.231362915039062500e+02
2.228509999999999991e+02 6.080000000000000000e+02 4.231458435058593750e+02
2.231870000000000118e+02 5.790000000000000000e+02 4.231294250488281250e+02
2.235240000000000009e+02 3.210000000000000000e+02 4.231384582519531250e+02
