2.871009999999999991e+02 9.800000000000000000e+01 2.170554809570312500e+02
2.874370000000000118e+02 1.620000000000000000e+02 2.170564880371093750e+02
2.877740000000000009e+02 2.210000000000000000e+02 2.170464019775390625e+02
2.881100000000000136e+02 3.550000000000000000e+02 2.170432128906250000e+02
2.884460000000000264e+02 4.500000000000000000e+02 2.170397796630859375e+02
2.887830000000000155e+02 7.770000000000000000e+02 2.170444793701171875e+02
2.891190000000000282e+02 5.970000000000000000e+02 2.170387878417968750e+02
2.894549999999999841e+02 7.170000000000000000e+02 2.170418395996093750e+02
2.897909999999999968e+02 5.100000000000000000e+02 2.170449066162109375e+02
2.901290000000000191e+02 6.010000000000000000e+02 2.170397949218750000e+02
2.904649999999999750e+02 5.180000000000000000e+02 2.170438690185546875e+02
2.908020000000000209e+02 6.280000000000000000e+02 2.170408172607421875e+02
2.911379999999999768e+02 4.130000000000000000e+02 2.170438995361328125e+02
2.914739999999999895e+02 2.190000000000000000e+02 2.170536346435546875e+02
2.918100000000000023e+02 1.410000000000000000e+02 2.170396118164062500e+02
2.921469999999999914e+02 2.540000000000000000e+02 2.170427856445312500e+02
2.924830000000000041e+02 2.160000000000000000e+02 2.170440979003906250e+02
2.928190000000000168e+02 1.790000000000000000e+02 2.170511779785156250e+02
2.931560000000000059e+02 1.660000000000000000e+02 2.170576171875000000e+02
2.934920000000000186e+02 1.360000000000000000e+02 2.170385437011718750e+02
2.938279999999999745e+02 1.510000000000000000e+02 2.170595245361328125e+02
2.941650000000000205e+02 6.200000000000000000e+01 2.170526275634765625e+02
