4.556499999999999773e+01 2.760000000000000000e+02 2.380020141601562500e+02
4.590200000000000102e+01 3.820000000000000000e+02 2.380134735107421875e+02
4.623799999999999955e+01 4.090000000000000000e+02 2.380072021484375000e+02
4.657399999999999807e+01 4.410000000000000000e+02 2.380009460449218750e+02
4.691100000000000136e+01 3.780000000000000000e+02 2.380100555419921875e+02
4.724699999999999989e+01 5.350000000000000000e+02 2.380068817138671875e+02
4.758299999999999841e+01 5.940000000000000000e+02 2.380048065185546875e+02
4.792000000000000171e+01 7.120000000000000000e+02 2.379974212646484375e+02
4.825600000000000023e+01 6.930000000000000000e+02 2.379995117187500000e+02
4.859199999999999875e+01 4.500000000000000000e+02 2.380054016113281250e+02
4.892900000000000205e+01 4.800000000000000000e+02 2.380122833251953125e+02
4.926500000000000057e+01 4.990000000000000000e+02 2.380015106201171875e+02
4.960199999999999676e+01 5.120000000000000000e+02 2.379943695068359375e+02
4.993800000000000239e+01 4.410000000000000000e+02 2.379995880126953125e+02
5.027400000000000091e+01 6.400000000000000000e+02 2.379979095458984375e+02
5.061099999999999710e+01 4.090000000000000000e+02 2.379991455078125000e+02
5.094700000000000273e+01 6.470000000000000000e+02 2.380000000000000000e+02
5.128300000000000125e+01 4.520000000000000000e+02 2.380042877197265625e+02
5.161899999999999977e+01 2.970000000000000000e+02 2.379939880371093750e+02
5.195600000000000307e+01 4.490000000000000000e+02 2.379982147216796875e+02
5.229200000000000159e+01 3.870000000000000000e+02 2.379944915771484375e+02
5.262800000000000011e+01 3.930000000000000000e+02 2.379969482421875000e+02
5.296500000000000341e+01 5.050000000000000000e+02 2.379999084472656250e+02
5.330100000000000193e+01 2.990000000000000000e+02 2.380090637207031250e+02
5.363700000000000045e+01 2.000000000000000000e+02 2.379995727539062500e+02
5.397399999999999665e+01 3.250000000000000000e+02 2.379980926513671875e+02
5.431099999999999994e+01 4.240000000000000000e+02 2.379999694824218750e+02
5.464800000000000324e+01 2.760000000000000000e+02 2.380053405761718750e+02
5.498400000000000176e+01 2.840000000000000000e+02 2.379898223876953125e+02
5.532000000000000028e+01 3.580000000000000000e+02 2.379911346435546875e+02
