6.675900000000000034e+01 1.770000000000000000e+02 1.680262451171875000e+02
6.709619999999999607e+01 1.930000000000000000e+02 1.680429992675781250e+02
6.743219999999999459e+01 2.040000000000000000e+02 1.680401306152343750e+02
6.776819999999999311e+01 1.150000000000000000e+02 1.680446319580078125e+02
6.810479999999999734e+01 2.240000000000000000e+02 1.680479888916015625e+02
6.844079999999999586e+01 1.440000000000000000e+02 1.680476989746093750e+02
6.877679999999999438e+01 2.270000000000000000e+02 1.680416564941406250e+02
6.911400000000000432e+01 2.350000000000000000e+02 1.680415802001953125e+02
6.945000000000000284e+01 4.030000000000000000e+02 1.680377807617187500e+02
6.978600000000000136e+01 3.060000000000000000e+02 1.680411071777343750e+02
7.012199999999999989e+01 2.170000000000000000e+02 1.680437316894531250e+02
7.045919999999999561e+01 2.710000000000000000e+02 1.680438537597656250e+02
7.079519999999999413e+01 5.120000000000000000e+02 1.680412445068359375e+02
7.113120000000000687e+01 4.290000000000000000e+02 1.680380706787109375e+02
7.146779999999999688e+01 2.380000000000000000e+02 1.680474395751953125e+02
7.180379999999999541e+01 2.920000000000000000e+02 1.680467834472656250e+02
7.213979999999999393e+01 4.080000000000000000e+02 1.680440368652343750e+02
7.247700000000000387e+01 6.900000000000000000e+02 1.680392913818359375e+02
7.281300000000000239e+01 4.150000000000000000e+02 1.680420989990234375e+02
7.314900000000000091e+01 5.270000000000000000e+02 1.680408172607421875e+02
7.348619999999999663e+01 4.330000000000000000e+02 1.680367736816406250e+02
7.382219999999999516e+01 6.310000000000000000e+02 1.680454101562500000e+02
7.415819999999999368e+01 6.060000000000000000e+02 1.680445861816406250e+02
7.449599999999999511e+01 4.580000000000000000e+02 1.680453643798828125e+02
7.483199999999999363e+01 4.000000000000000000e+02 1.680443420410156250e+02
7.516920000000000357e+01 3.790000000000000000e+02 1.680450897216796875e+02
7.550520000000000209e+01 3.640000000000000000e+02 1.680430297851562500e+02
7.584120000000000061e+01 4.840000000000000000e+02 1.680427703857421875e+02
7.617780000000000484e+01 5.520000000000000000e+02 1.680450744628906250e+02
7.651380000000000337e+01 3.940000000000000000e+02 1.680416107177734375e+02
7.684980000000000189e+01 4.810000000000000000e+02 1.680445098876953125e+02
7.718580000000000041e+01 5.160000000000000000e+02 1.680426635742187500e+02
7.752299999999999613e+01 3.360000000000000000e+02 1.680416412353515625e+02
7.785899999999999466e+01 4.060000000000000000e+02 1.680447082519531250e+02
7.819499999999999318e+01 4.420000000000000000e+02 1.680402832031250000e+02
7.853220000000000312e+01 3.400000000000000000e+02 1.680462036132812500e+02
7.886820000000000164e+01 3.890000000000000000e+02 1.680422821044921875e+02
7.920420000000000016e+01 2.890000000000000000e+02 1.680367889404296875e+02
7.954080000000000439e+01 4.550000000000000000e+02 1.680436859130859375e+02
7.987680000000000291e+01 3.260000000000000000e+02 1.680458374023437500e+02
8.021280000000000143e+01 2.160000000000000000e+02 1.680477447509765625e+02
8.054999999999999716e+01 4.280000000000000000e+02 1.680401916503906250e+02
8.088720000000000709e+01 2.350000000000000000e+02 1.680451965332031250e+02
8.122320000000000562e+01 2.080000000000000000e+02 1.680410003662109375e+02
8.155920000000000414e+01 3.740000000000000000e+02 1.680479583740234375e+02
8.189520000000000266e+01 1.230000000000000000e+02 1.680318450927734375e+02
8.223180000000000689e+01 2.550000000000000000e+02 1.680390319824218750e+02
8.256780000000000541e+01 4.010000000000000000e+02 1.680410156250000000e+02
8.290380000000000393e+01 2.170000000000000000e+02 1.680438537597656250e+02
8.324099999999999966e+01 1.940000000000000000e+02 1.680333099365234375e+02
8.357699999999999818e+01 2.960000000000000000e+02 1.680374145507812500e+02
8.391299999999999670e+01 1.490000000000000000e+02 1.680505523681640625e+02
8.425020000000000664e+01 7.800000000000000000e+01 1.680469970703125000e+02
8.458679999999999666e+01 2.750000000000000000e+02 1.680425720214843750e+02
8.492400000000000659e+01 1.120000000000000000e+02 1.680402374267578125e+02
8.526000000000000512e+01 2.600000000000000000e+02 1.680486145019531250e+02
8.559600000000000364e+01 1.170000000000000000e+02 1.680518493652343750e+02
8.593319999999999936e+01 1.980000000000000000e+02 1.680366516113281250e+02
8.626919999999999789e+01 2.570000000000000000e+02 1.680448303222656250e+02
8.660519999999999641e+01 2.650000000000000000e+02 1.680395050048828125e+02
8.694180000000000064e+01 2.200000000000000000e+02 1.680435180664062500e+02
