5.161899999999999977e+01 3.230000000000000000e+02 1.480552673339843750e+02
5.195600000000000307e+01 3.470000000000000000e+02 1.480546875000000000e+02
5.229200000000000159e+01 2.260000000000000000e+02 1.480537261962890625e+02
5.262800000000000011e+01 3.810000000000000000e+02 1.480495758056640625e+02
5.296500000000000341e+01 2.500000000000000000e+02 1.480509490966796875e+02
5.330100000000000193e+01 2.780000000000000000e+02 1.480428161621093750e+02
5.363700000000000045e+01 2.920000000000000000e+02 1.480602569580078125e+02
5.397399999999999665e+01 3.060000000000000000e+02 1.480502014160156250e+02
5.431099999999999994e+01 3.270000000000000000e+02 1.480568847656250000e+02
5.464800000000000324e+01 2.520000000000000000e+02 1.480525207519531250e+02
5.498400000000000176e+01 3.630000000000000000e+02 1.480532073974609375e+02
5.532000000000000028e+01 3.380000000000000000e+02 1.480543365478515625e+02
5.565699999999999648e+01 3.850000000000000000e+02 1.480562744140625000e+02
5.599300000000000210e+01 1.640000000000000000e+02 1.480485382080078125e+02
5.632900000000000063e+01 2.980000000000000000e+02 1.480536499023437500e+02
5.666599999999999682e+01 3.810000000000000000e+02 1.480552215576171875e+02
5.700200000000000244e+01 3.600000000000000000e+02 1.480558929443359375e+02
5.733800000000000097e+01 3.590000000000000000e+02 1.480571136474609375e+02
5.767399999999999949e+01 4.290000000000000000e+02 1.480585784912109375e+02
5.801100000000000279e+01 5.580000000000000000e+02 1.480558471679687500e+02
5.834700000000000131e+01 3.630000000000000000e+02 1.480543060302734375e+02
5.868299999999999983e+01 3.230000000000000000e+02 1.480591430664062500e+02
5.902000000000000313e+01 3.310000000000000000e+02 1.480518951416015625e+02
5.935600000000000165e+01 5.040000000000000000e+02 1.480551300048828125e+02
5.969200000000000017e+01 3.680000000000000000e+02 1.480611572265625000e+02
6.002879999999999683e+01 3.380000000000000000e+02 1.480581665039062500e+02
6.036480000000000246e+01 4.560000000000000000e+02 1.480599517822265625e+02
6.070199999999999818e+01 3.460000000000000000e+02 1.480619201660156250e+02
6.103799999999999670e+01 6.590000000000000000e+02 1.480576019287109375e+02
6.137519999999999953e+01 4.770000000000000000e+02 1.480638885498046875e+02
6.171119999999999806e+01 4.900000000000000000e+02 1.480591125488281250e+02
6.204719999999999658e+01 2.710000000000000000e+02 1.480552673339843750e+02
6.238380000000000081e+01 5.040000000000000000e+02 1.480581970214843750e+02
6.271979999999999933e+01 4.440000000000000000e+02 1.480560150146484375e+02
6.305579999999999785e+01 2.670000000000000000e+02 1.480549774169921875e+02
6.339300000000000068e+01 3.250000000000000000e+02 1.480613555908203125e+02
6.372899999999999920e+01 2.930000000000000000e+02 1.480557098388671875e+02
6.406619999999999493e+01 1.010000000000000000e+02 1.480387878417968750e+02
6.440399999999999636e+01 1.720000000000000000e+02 1.480532989501953125e+02
6.473999999999999488e+01 2.490000000000000000e+02 1.480546264648437500e+02
6.507720000000000482e+01 3.360000000000000000e+02 1.480539093017578125e+02
6.541320000000000334e+01 2.090000000000000000e+02 1.480572204589843750e+02
6.574979999999999336e+01 1.770000000000000000e+02 1.480609741210937500e+02
6.608580000000000609e+01 2.610000000000000000e+02 1.480542144775390625e+02
6.642180000000000462e+01 2.530000000000000000e+02 1.480545654296875000e+02
6.675900000000000034e+01 2.390000000000000000e+02 1.480610961914062500e+02
6.709619999999999607e+01 2.630000000000000000e+02 1.480409088134765625e+02
6.743219999999999459e+01 2.860000000000000000e+02 1.480580139160156250e+02
6.776819999999999311e+01 1.810000000000000000e+02 1.480558624267578125e+02
6.810479999999999734e+01 3.130000000000000000e+02 1.480575866699218750e+02
6.844079999999999586e+01 1.330000000000000000e+02 1.480520629882812500e+02
6.877679999999999438e+01 2.390000000000000000e+02 1.480611114501953125e+02
6.911400000000000432e+01 3.170000000000000000e+02 1.480568237304687500e+02
6.945000000000000284e+01 2.700000000000000000e+02 1.480576477050781250e+02
6.978600000000000136e+01 3.400000000000000000e+02 1.480570678710937500e+02
7.012199999999999989e+01 1.590000000000000000e+02 1.480450592041015625e+02
7.045919999999999561e+01 2.380000000000000000e+02 1.480529174804687500e+02
7.079519999999999413e+01 2.760000000000000000e+02 1.480568847656250000e+02
7.113120000000000687e+01 1.800000000000000000e+02 1.480486450195312500e+02
7.146779999999999688e+01 1.620000000000000000e+02 1.480496673583984375e+02
7.180379999999999541e+01 1.920000000000000000e+02 1.480434112548828125e+02
7.213979999999999393e+01 3.700000000000000000e+02 1.480613555908203125e+02
7.247700000000000387e+01 2.320000000000000000e+02 1.480625457763671875e+02
7.281300000000000239e+01 4.140000000000000000e+02 1.480574035644531250e+02
7.314900000000000091e+01 2.210000000000000000e+02 1.480421752929687500e+02
7.348619999999999663e+01 2.430000000000000000e+02 1.480569152832031250e+02
7.382219999999999516e+01 1.770000000000000000e+02 1.480618743896484375e+02
7.415819999999999368e+01 6.300000000000000000e+01 1.480465240478515625e+02
7.449599999999999511e+01 2.350000000000000000e+02 1.480530090332031250e+02
7.483199999999999363e+01 2.490000000000000000e+02 1.480502014160156250e+02
7.516920000000000357e+01 1.740000000000000000e+02 1.480511627197265625e+02
7.550520000000000209e+01 2.140000000000000000e+02 1.480443878173828125e+02
