2.376519999999999868e+02 9.010000000000000000e+02 3.451234741210937500e+02
2.379890000000000043e+02 1.442000000000000000e+03 3.451178894042968750e+02
2.383249999999999886e+02 2.002000000000000000e+03 3.451184692382812500e+02
2.386620000000000061e+02 2.828000000000000000e+03 3.451162414550781250e+02
2.389979999999999905e+02 4.187000000000000000e+03 3.451170043945312500e+02
2.393340000000000032e+02 6.692000000000000000e+03 3.451153564453125000e+02
2.396709999999999923e+02 9.892000000000000000e+03 3.451159057617187500e+02
2.400070000000000050e+02 1.535300000000000000e+04 3.451141052246093750e+02
2.403429999999999893e+02 2.111000000000000000e+04 3.451140136718750000e+02
2.406800000000000068e+02 2.501200000000000000e+04 3.451152648925781250e+02
2.410159999999999911e+02 3.038700000000000000e+04 3.451150512695312500e+02
2.413520000000000039e+02 3.112200000000000000e+04 3.451151428222656250e+02
2.416889999999999930e+02 2.770700000000000000e+04 3.451151733398437500e+02
2.420260000000000105e+02 2.756700000000000000e+04 3.451144104003906250e+02
2.423619999999999948e+02 2.287300000000000000e+04 3.451149902343750000e+02
2.426980000000000075e+02 1.818900000000000000e+04 3.451148681640625000e+02
2.430339999999999918e+02 1.464800000000000000e+04 3.451154785156250000e+02
2.433710000000000093e+02 1.185100000000000000e+04 3.451159667968750000e+02
2.437069999999999936e+02 8.933000000000000000e+03 3.451149291992187500e+02
2.440430000000000064e+02 7.785000000000000000e+03 3.451134338378906250e+02
2.443799999999999955e+02 6.585000000000000000e+03 3.451152038574218750e+02
2.447160000000000082e+02 4.575000000000000000e+03 3.451153564453125000e+02
2.450519999999999925e+02 4.366000000000000000e+03 3.451156921386718750e+02
2.453890000000000100e+02 3.073000000000000000e+03 3.451147766113281250e+02
2.457249999999999943e+02 2.624000000000000000e+03 3.451145935058593750e+02
2.460629999999999882e+02 2.237000000000000000e+03 3.451164855957031250e+02
2.463990000000000009e+02 1.722000000000000000e+03 3.451184692382812500e+02
2.467350000000000136e+02 1.122000000000000000e+03 3.451149291992187500e+02
2.470720000000000027e+02 1.289000000000000000e+03 3.451158142089843750e+02
2.474079999999999870e+02 6.090000000000000000e+02 3.451188354492187500e+02
2.477439999999999998e+02 7.340000000000000000e+02 3.451271972656250000e+02
2.480809999999999889e+02 5.360000000000000000e+02 3.451209716796875000e+02
2.484170000000000016e+02 6.250000000000000000e+02 3.451300354003906250e+02
2.487529999999999859e+02 4.260000000000000000e+02 3.451341552734375000e+02
2.490900000000000034e+02 4.610000000000000000e+02 3.451265563964843750e+02
2.494259999999999877e+02 1.900000000000000000e+02 3.451262817382812500e+02
