3.590899999999999750e+02 2.380000000000000000e+02 7.263728637695312500e+02
3.594259999999999877e+02 5.950000000000000000e+02 7.263743896484375000e+02
3.597629999999999768e+02 4.980000000000000000e+02 7.263688354492187500e+02
3.600989999999999895e+02 6.230000000000000000e+02 7.263624267578125000e+02
3.604350000000000023e+02 5.820000000000000000e+02 7.263806152343750000e+02
3.607719999999999914e+02 3.700000000000000000e+02 7.263765258789062500e+02
3.611080000000000041e+02 5.050000000000000000e+02 7.263742065429687500e+02
3.614440000000000168e+02 4.070000000000000000e+02 7.263701171875000000e+02
3.617810000000000059e+02 5.180000000000000000e+02 7.263646850585937500e+02
3.621170000000000186e+02 2.700000000000000000e+02 7.263664550781250000e+02
