8.367659999999999627e+02 4.190000000000000000e+02 7.835628051757812500e+02
8.371019999999999754e+02 6.230000000000000000e+02 7.835653686523437500e+02
8.374379999999999882e+02 4.450000000000000000e+02 7.835743408203125000e+02
8.377740000000000009e+02 3.340000000000000000e+02 7.835670166015625000e+02
8.381100000000000136e+02 4.220000000000000000e+02 7.835725708007812500e+02
8.384460000000000264e+02 5.400000000000000000e+02 7.835712280273437500e+02
8.387820000000000391e+02 4.430000000000000000e+02 7.835745239257812500e+02
8.391180000000000518e+02 5.080000000000000000e+02 7.835730590820312500e+02
8.394539999999999509e+02 3.720000000000000000e+02 7.835639038085937500e+02
8.397899999999999636e+02 3.420000000000000000e+02 7.835780639648437500e+02
8.401259999999999764e+02 3.260000000000000000e+02 7.835694580078125000e+02
8.404619999999999891e+02 4.000000000000000000e+02 7.835775756835937500e+02
8.407980000000000018e+02 2.990000000000000000e+02 7.835706787109375000e+02
8.411340000000000146e+02 2.840000000000000000e+02 7.835635375976562500e+02
8.414759999999999991e+02 3.990000000000000000e+02 7.835699462890625000e+02
8.418120000000000118e+02 3.780000000000000000e+02 7.835660400390625000e+02
8.421480000000000246e+02 4.510000000000000000e+02 7.835692138671875000e+02
8.424840000000000373e+02 4.790000000000000000e+02 7.835682373046875000e+02
8.428200000000000500e+02 5.040000000000000000e+02 7.835722045898437500e+02
8.431559999999999491e+02 4.900000000000000000e+02 7.835711669921875000e+02
8.434919999999999618e+02 4.240000000000000000e+02 7.835661621093750000e+02
8.438279999999999745e+02 4.570000000000000000e+02 7.835684204101562500e+02
8.441639999999999873e+02 4.240000000000000000e+02 7.835738525390625000e+02
8.445000000000000000e+02 5.180000000000000000e+02 7.835778808593750000e+02
8.448360000000000127e+02 4.910000000000000000e+02 7.835776977539062500e+02
8.451720000000000255e+02 4.470000000000000000e+02 7.835755615234375000e+02
8.455080000000000382e+02 3.820000000000000000e+02 7.835663452148437500e+02
8.458500000000000227e+02 4.550000000000000000e+02 7.835742797851562500e+02
8.461860000000000355e+02 4.430000000000000000e+02 7.835689697265625000e+02
8.465159999999999627e+02 5.100000000000000000e+02 7.835532226562500000e+02
8.468579999999999472e+02 3.120000000000000000e+02 7.835623779296875000e+02
8.471939999999999600e+02 5.470000000000000000e+02 7.835656738281250000e+02
8.475299999999999727e+02 5.310000000000000000e+02 7.835778198242187500e+02
8.478659999999999854e+02 5.990000000000000000e+02 7.835642700195312500e+02
8.482019999999999982e+02 5.290000000000000000e+02 7.835740356445312500e+02
8.485380000000000109e+02 4.580000000000000000e+02 7.835711059570312500e+02
8.488740000000000236e+02 5.040000000000000000e+02 7.835712280273437500e+02
8.492100000000000364e+02 5.750000000000000000e+02 7.835673217773437500e+02
8.495460000000000491e+02 5.790000000000000000e+02 7.835816040039062500e+02
8.498819999999999482e+02 3.610000000000000000e+02 7.835667114257812500e+02
8.502179999999999609e+02 4.080000000000000000e+02 7.835671997070312500e+02
8.505539999999999736e+02 4.140000000000000000e+02 7.835698242187500000e+02
8.508899999999999864e+02 4.650000000000000000e+02 7.835750122070312500e+02
8.512259999999999991e+02 3.850000000000000000e+02 7.835687866210937500e+02
8.515679999999999836e+02 5.070000000000000000e+02 7.835623168945312500e+02
