6.097079999999999700e+02 7.100000000000000000e+01 2.351295776367187500e+02
6.100439999999999827e+02 1.160000000000000000e+02 2.351270141601562500e+02
6.103799999999999955e+02 9.500000000000000000e+01 2.351109771728515625e+02
6.107160000000000082e+02 6.600000000000000000e+01 2.351331634521484375e+02
6.110520000000000209e+02 1.260000000000000000e+02 2.351406555175781250e+02
6.113880000000000337e+02 1.460000000000000000e+02 2.351349487304687500e+02
6.117240000000000464e+02 1.470000000000000000e+02 2.351230316162109375e+02
6.120599999999999454e+02 3.570000000000000000e+02 2.351234283447265625e+02
6.123959999999999582e+02 3.190000000000000000e+02 2.351349487304687500e+02
6.127319999999999709e+02 4.220000000000000000e+02 2.351272583007812500e+02
6.130679999999999836e+02 5.710000000000000000e+02 2.351290130615234375e+02
6.134039999999999964e+02 5.120000000000000000e+02 2.351287384033203125e+02
6.137400000000000091e+02 5.300000000000000000e+02 2.351302490234375000e+02
6.140760000000000218e+02 6.130000000000000000e+02 2.351283264160156250e+02
6.144120000000000346e+02 4.520000000000000000e+02 2.351318054199218750e+02
6.147480000000000473e+02 4.440000000000000000e+02 2.351309051513671875e+02
6.150900000000000318e+02 3.990000000000000000e+02 2.351285095214843750e+02
6.154260000000000446e+02 3.720000000000000000e+02 2.351333770751953125e+02
6.157619999999999436e+02 2.750000000000000000e+02 2.351314239501953125e+02
6.160979999999999563e+02 2.960000000000000000e+02 2.351325073242187500e+02
6.164339999999999691e+02 2.500000000000000000e+02 2.351274108886718750e+02
6.167699999999999818e+02 1.360000000000000000e+02 2.351354370117187500e+02
6.171059999999999945e+02 1.090000000000000000e+02 2.351373443603515625e+02
6.174420000000000073e+02 1.380000000000000000e+02 2.351333007812500000e+02
6.177780000000000200e+02 1.460000000000000000e+02 2.351338958740234375e+02
