7.842899999999999636e+02 3.750000000000000000e+02 1.680448913574218750e+02
7.846259999999999764e+02 4.130000000000000000e+02 1.680446472167968750e+02
7.849619999999999891e+02 3.330000000000000000e+02 1.680466003417968750e+02
7.852980000000000018e+02 3.940000000000000000e+02 1.680442352294921875e+02
7.856340000000000146e+02 3.630000000000000000e+02 1.680452270507812500e+02
7.859700000000000273e+02 2.440000000000000000e+02 1.680439300537109375e+02
7.863060000000000400e+02 3.410000000000000000e+02 1.680443878173828125e+02
7.866420000000000528e+02 3.460000000000000000e+02 1.680481262207031250e+02
7.869779999999999518e+02 4.210000000000000000e+02 1.680437011718750000e+02
7.873200000000000500e+02 2.990000000000000000e+02 1.680424804687500000e+02
7.876499999999999773e+02 2.790000000000000000e+02 1.680488433837890625e+02
7.879919999999999618e+02 3.070000000000000000e+02 1.680466308593750000e+02
7.883279999999999745e+02 4.210000000000000000e+02 1.680451202392578125e+02
7.886639999999999873e+02 4.540000000000000000e+02 1.680430908203125000e+02
7.890000000000000000e+02 2.170000000000000000e+02 1.680453186035156250e+02
7.893360000000000127e+02 1.730000000000000000e+02 1.680426483154296875e+02
7.896720000000000255e+02 2.880000000000000000e+02 1.680462493896484375e+02
7.900080000000000382e+02 3.180000000000000000e+02 1.680455169677734375e+02
7.903440000000000509e+02 2.980000000000000000e+02 1.680460662841796875e+02
7.906799999999999500e+02 3.130000000000000000e+02 1.680462493896484375e+02
7.910159999999999627e+02 3.310000000000000000e+02 1.680453948974609375e+02
7.913519999999999754e+02 3.580000000000000000e+02 1.680423889160156250e+02
7.916939999999999600e+02 2.720000000000000000e+02 1.680462036132812500e+02
7.920299999999999727e+02 3.860000000000000000e+02 1.680449523925781250e+02
7.923659999999999854e+02 3.590000000000000000e+02 1.680452728271484375e+02
7.927019999999999982e+02 2.060000000000000000e+02 1.680451812744140625e+02
7.930380000000000109e+02 2.670000000000000000e+02 1.680457000732421875e+02
7.933740000000000236e+02 2.570000000000000000e+02 1.680480651855468750e+02
7.937100000000000364e+02 3.230000000000000000e+02 1.680420379638671875e+02
7.940460000000000491e+02 2.390000000000000000e+02 1.680441894531250000e+02
7.943819999999999482e+02 2.520000000000000000e+02 1.680424194335937500e+02
7.947179999999999609e+02 4.080000000000000000e+02 1.680446929931640625e+02
7.950539999999999736e+02 2.910000000000000000e+02 1.680458374023437500e+02
7.953899999999999864e+02 3.440000000000000000e+02 1.680444793701171875e+02
7.957259999999999991e+02 2.820000000000000000e+02 1.680462341308593750e+02
7.960620000000000118e+02 3.560000000000000000e+02 1.680417327880859375e+02
7.963980000000000246e+02 5.070000000000000000e+02 1.680439453125000000e+02
7.967340000000000373e+02 3.710000000000000000e+02 1.680431518554687500e+02
7.970700000000000500e+02 4.530000000000000000e+02 1.680457458496093750e+02
7.974059999999999491e+02 3.810000000000000000e+02 1.680439910888671875e+02
7.977419999999999618e+02 3.180000000000000000e+02 1.680464172363281250e+02
7.980779999999999745e+02 4.260000000000000000e+02 1.680451202392578125e+02
7.984199999999999591e+02 3.430000000000000000e+02 1.680472259521484375e+02
7.987559999999999718e+02 3.480000000000000000e+02 1.680485382080078125e+02
7.990919999999999845e+02 6.060000000000000000e+02 1.680424957275390625e+02
7.994279999999999973e+02 3.280000000000000000e+02 1.680433502197265625e+02
7.997640000000000100e+02 4.100000000000000000e+02 1.680473480224609375e+02
8.001000000000000227e+02 3.590000000000000000e+02 1.680425109863281250e+02
8.004360000000000355e+02 2.910000000000000000e+02 1.680440063476562500e+02
8.007720000000000482e+02 4.560000000000000000e+02 1.680444946289062500e+02
8.011079999999999472e+02 4.360000000000000000e+02 1.680469055175781250e+02
8.014439999999999600e+02 3.640000000000000000e+02 1.680411987304687500e+02
8.017799999999999727e+02 3.240000000000000000e+02 1.680477752685546875e+02
8.021159999999999854e+02 3.300000000000000000e+02 1.680466766357421875e+02
8.024519999999999982e+02 5.210000000000000000e+02 1.680434875488281250e+02
8.027880000000000109e+02 3.750000000000000000e+02 1.680408477783203125e+02
8.031299999999999955e+02 4.870000000000000000e+02 1.680419769287109375e+02
8.034660000000000082e+02 4.780000000000000000e+02 1.680434417724609375e+02
8.037960000000000491e+02 3.640000000000000000e+02 1.680441436767578125e+02
8.041380000000000337e+02 2.950000000000000000e+02 1.680454406738281250e+02
8.044740000000000464e+02 2.280000000000000000e+02 1.680450134277343750e+02
8.048099999999999454e+02 3.860000000000000000e+02 1.680442810058593750e+02
8.051459999999999582e+02 3.730000000000000000e+02 1.680453948974609375e+02
8.054819999999999709e+02 2.760000000000000000e+02 1.680457458496093750e+02
8.058179999999999836e+02 3.390000000000000000e+02 1.680417633056640625e+02
8.061539999999999964e+02 3.630000000000000000e+02 1.680435485839843750e+02
8.064900000000000091e+02 2.120000000000000000e+02 1.680427246093750000e+02
8.068260000000000218e+02 1.680000000000000000e+02 1.680520477294921875e+02
8.071620000000000346e+02 2.830000000000000000e+02 1.680443267822265625e+02
8.074980000000000473e+02 4.650000000000000000e+02 1.680455780029296875e+02
8.078339999999999463e+02 3.860000000000000000e+02 1.680451965332031250e+02
8.081699999999999591e+02 2.450000000000000000e+02 1.680458526611328125e+02
8.085059999999999718e+02 3.240000000000000000e+02 1.680442657470703125e+02
8.088479999999999563e+02 2.910000000000000000e+02 1.680439605712890625e+02
8.091839999999999691e+02 4.270000000000000000e+02 1.680471191406250000e+02
8.095199999999999818e+02 2.650000000000000000e+02 1.680467681884765625e+02
8.098559999999999945e+02 1.990000000000000000e+02 1.680458831787109375e+02
8.101920000000000073e+02 3.530000000000000000e+02 1.680426025390625000e+02
8.105280000000000200e+02 4.150000000000000000e+02 1.680434722900390625e+02
8.108640000000000327e+02 3.350000000000000000e+02 1.680481872558593750e+02
8.112000000000000455e+02 3.530000000000000000e+02 1.680457611083984375e+02
8.115359999999999445e+02 3.050000000000000000e+02 1.680457763671875000e+02
8.118719999999999573e+02 2.400000000000000000e+02 1.680494689941406250e+02
8.122079999999999700e+02 2.730000000000000000e+02 1.680431060791015625e+02
8.125439999999999827e+02 3.090000000000000000e+02 1.680429687500000000e+02
8.128799999999999955e+02 2.750000000000000000e+02 1.680497131347656250e+02
8.132160000000000082e+02 2.690000000000000000e+02 1.680444488525390625e+02
8.135579999999999927e+02 2.730000000000000000e+02 1.680431518554687500e+02
