6.103799999999999955e+02 6.900000000000000000e+01 3.581638793945312500e+02
6.107160000000000082e+02 9.600000000000000000e+01 3.581480407714843750e+02
6.110520000000000209e+02 2.560000000000000000e+02 3.581597595214843750e+02
6.113880000000000337e+02 2.970000000000000000e+02 3.581632385253906250e+02
6.117240000000000464e+02 3.640000000000000000e+02 3.581553039550781250e+02
6.120599999999999454e+02 3.660000000000000000e+02 3.581555786132812500e+02
6.123959999999999582e+02 5.390000000000000000e+02 3.581670532226562500e+02
6.127319999999999709e+02 5.720000000000000000e+02 3.581626586914062500e+02
6.130679999999999836e+02 5.970000000000000000e+02 3.581617126464843750e+02
6.134039999999999964e+02 4.050000000000000000e+02 3.581663208007812500e+02
6.137400000000000091e+02 4.520000000000000000e+02 3.581567077636718750e+02
6.140760000000000218e+02 5.220000000000000000e+02 3.581679077148437500e+02
6.144120000000000346e+02 3.900000000000000000e+02 3.581664428710937500e+02
6.147480000000000473e+02 3.110000000000000000e+02 3.581624450683593750e+02
6.150900000000000318e+02 1.640000000000000000e+02 3.581597900390625000e+02
6.154260000000000446e+02 1.990000000000000000e+02 3.581561279296875000e+02
6.157619999999999436e+02 2.050000000000000000e+02 3.581696166992187500e+02
6.160979999999999563e+02 7.500000000000000000e+01 3.581633605957031250e+02
6.164339999999999691e+02 3.200000000000000000e+01 3.581474914550781250e+02
