8.269980000000000109e-01 6.300000000000000000e+01 2.801647949218750000e+02
1.163000000000000034e+00 6.900000000000000000e+01 2.801651916503906250e+02
1.500000000000000000e+00 8.300000000000000000e+01 2.801737365722656250e+02
1.836000000000000076e+00 9.900000000000000000e+01 2.801584777832031250e+02
2.173000000000000043e+00 1.480000000000000000e+02 2.801584472656250000e+02
2.508999999999999897e+00 9.000000000000000000e+01 2.801637268066406250e+02
2.846000000000000085e+00 7.900000000000000000e+01 2.801635742187500000e+02
3.181999999999999940e+00 4.700000000000000000e+01 2.801618957519531250e+02
3.517999999999999794e+00 8.200000000000000000e+01 2.801714172363281250e+02
3.855999999999999872e+00 1.040000000000000000e+02 2.801691284179687500e+02
4.192000000000000171e+00 1.070000000000000000e+02 2.801622009277343750e+02
4.528999999999999915e+00 5.000000000000000000e+01 2.801528930664062500e+02
4.865000000000000213e+00 1.370000000000000000e+02 2.801519470214843750e+02
5.200999999999999623e+00 1.290000000000000000e+02 2.801632690429687500e+02
5.538000000000000256e+00 1.330000000000000000e+02 2.801695251464843750e+02
5.873999999999999666e+00 9.600000000000000000e+01 2.801520690917968750e+02
6.209999999999999964e+00 1.270000000000000000e+02 2.801609497070312500e+02
6.547019999999999840e+00 1.340000000000000000e+02 2.801608886718750000e+02
6.883020000000000138e+00 3.350000000000000000e+02 2.801600036621093750e+02
7.219020000000000437e+00 3.000000000000000000e+02 2.801591491699218750e+02
7.555019999999999847e+00 1.570000000000000000e+02 2.801652526855468750e+02
7.891980000000000217e+00 3.510000000000000000e+02 2.801590881347656250e+02
8.227980000000000516e+00 1.980000000000000000e+02 2.801591491699218750e+02
8.563980000000000814e+00 2.740000000000000000e+02 2.801576232910156250e+02
8.900999999999999801e+00 3.290000000000000000e+02 2.801631164550781250e+02
9.237000000000000099e+00 2.190000000000000000e+02 2.801651611328125000e+02
9.573000000000000398e+00 2.820000000000000000e+02 2.801607055664062500e+02
9.910019999999999385e+00 2.750000000000000000e+02 2.801635131835937500e+02
1.024600000000000044e+01 3.180000000000000000e+02 2.801608276367187500e+02
1.058200000000000074e+01 3.270000000000000000e+02 2.801567993164062500e+02
1.091799999999999926e+01 3.730000000000000000e+02 2.801610107421875000e+02
1.125500000000000078e+01 4.000000000000000000e+02 2.801624755859375000e+02
1.159099999999999930e+01 3.160000000000000000e+02 2.801621398925781250e+02
1.192699999999999960e+01 5.760000000000000000e+02 2.801640930175781250e+02
1.226399999999999935e+01 4.120000000000000000e+02 2.801608581542968750e+02
1.259999999999999964e+01 5.410000000000000000e+02 2.801594238281250000e+02
1.293599999999999994e+01 3.060000000000000000e+02 2.801620788574218750e+02
1.327299999999999969e+01 2.640000000000000000e+02 2.801665649414062500e+02
1.360899999999999999e+01 3.280000000000000000e+02 2.801625366210937500e+02
1.394699999999999918e+01 2.720000000000000000e+02 2.801640625000000000e+02
1.428299999999999947e+01 2.700000000000000000e+02 2.801650695800781250e+02
1.461899999999999977e+01 2.070000000000000000e+02 2.801564636230468750e+02
1.495599999999999952e+01 2.210000000000000000e+02 2.801575622558593750e+02
1.529199999999999982e+01 3.190000000000000000e+02 2.801601867675781250e+02
1.562800000000000011e+01 1.140000000000000000e+02 2.801634521484375000e+02
1.596499999999999986e+01 8.100000000000000000e+01 2.801444091796875000e+02
1.630099999999999838e+01 1.020000000000000000e+02 2.801574096679687500e+02
1.663700000000000045e+01 1.320000000000000000e+02 2.801575622558593750e+02
1.697400000000000020e+01 8.400000000000000000e+01 2.801593322753906250e+02
1.730999999999999872e+01 7.100000000000000000e+01 2.801514282226562500e+02
1.764600000000000080e+01 3.800000000000000000e+01 2.801604614257812500e+02
