3.584180000000000064e+02 1.740000000000000000e+02 4.791938171386718750e+02
3.587540000000000191e+02 3.110000000000000000e+02 4.791859436035156250e+02
3.590899999999999750e+02 2.500000000000000000e+02 4.791974487304687500e+02
3.594259999999999877e+02 3.920000000000000000e+02 4.791942749023437500e+02
3.597629999999999768e+02 5.000000000000000000e+02 4.791888122558593750e+02
3.600989999999999895e+02 4.810000000000000000e+02 4.791956176757812500e+02
3.604350000000000023e+02 6.630000000000000000e+02 4.791856689453125000e+02
3.607719999999999914e+02 6.280000000000000000e+02 4.791871948242187500e+02
3.611080000000000041e+02 5.230000000000000000e+02 4.791833801269531250e+02
3.614440000000000168e+02 4.520000000000000000e+02 4.792019348144531250e+02
3.617810000000000059e+02 5.500000000000000000e+02 4.791819763183593750e+02
3.621170000000000186e+02 4.930000000000000000e+02 4.791736755371093750e+02
3.624529999999999745e+02 4.770000000000000000e+02 4.791828613281250000e+02
3.627889999999999873e+02 2.430000000000000000e+02 4.791738891601562500e+02
3.631259999999999764e+02 2.050000000000000000e+02 4.791749267578125000e+02
3.634619999999999891e+02 1.170000000000000000e+02 4.791856384277343750e+02
3.637989999999999782e+02 2.020000000000000000e+02 4.791825256347656250e+02
