3.823000000000000114e+02 3.120000000000000000e+02 2.871445312500000000e+02
3.826370000000000005e+02 3.170000000000000000e+02 2.871312255859375000e+02
3.829730000000000132e+02 2.850000000000000000e+02 2.871357116699218750e+02
3.833090000000000259e+02 3.250000000000000000e+02 2.871280822753906250e+02
3.836460000000000150e+02 2.040000000000000000e+02 2.871347045898437500e+02
3.839820000000000277e+02 2.420000000000000000e+02 2.871188049316406250e+02
3.843179999999999836e+02 2.650000000000000000e+02 2.871324768066406250e+02
3.846549999999999727e+02 3.480000000000000000e+02 2.871340637207031250e+02
3.849909999999999854e+02 3.190000000000000000e+02 2.871284790039062500e+02
3.853279999999999745e+02 5.250000000000000000e+02 2.871356201171875000e+02
3.856639999999999873e+02 4.490000000000000000e+02 2.871238708496093750e+02
3.860000000000000000e+02 2.100000000000000000e+02 2.871347045898437500e+02
3.863369999999999891e+02 3.070000000000000000e+02 2.871310119628906250e+02
3.866730000000000018e+02 1.650000000000000000e+02 2.871199035644531250e+02
3.870090000000000146e+02 3.040000000000000000e+02 2.871342773437500000e+02
3.873469999999999800e+02 2.890000000000000000e+02 2.871375732421875000e+02
3.876829999999999927e+02 2.810000000000000000e+02 2.871337890625000000e+02
3.880199999999999818e+02 1.850000000000000000e+02 2.871425781250000000e+02
3.883559999999999945e+02 1.730000000000000000e+02 2.871362915039062500e+02
