8.414759999999999991e+02 4.560000000000000000e+02 7.845749511718750000e+02
8.418120000000000118e+02 5.150000000000000000e+02 7.845837402343750000e+02
8.421480000000000246e+02 3.970000000000000000e+02 7.845766601562500000e+02
8.424840000000000373e+02 4.520000000000000000e+02 7.845720825195312500e+02
8.428200000000000500e+02 3.510000000000000000e+02 7.845780029296875000e+02
8.431559999999999491e+02 4.530000000000000000e+02 7.845770874023437500e+02
8.434919999999999618e+02 3.320000000000000000e+02 7.845870971679687500e+02
8.438279999999999745e+02 3.600000000000000000e+02 7.845741577148437500e+02
8.441639999999999873e+02 4.490000000000000000e+02 7.845826416015625000e+02
8.445000000000000000e+02 4.780000000000000000e+02 7.845819091796875000e+02
8.448360000000000127e+02 3.880000000000000000e+02 7.845834350585937500e+02
8.451720000000000255e+02 4.820000000000000000e+02 7.845800781250000000e+02
8.455080000000000382e+02 4.400000000000000000e+02 7.845810546875000000e+02
8.458500000000000227e+02 3.390000000000000000e+02 7.845801391601562500e+02
8.461860000000000355e+02 3.860000000000000000e+02 7.845678710937500000e+02
8.465159999999999627e+02 3.510000000000000000e+02 7.845863647460937500e+02
8.468579999999999472e+02 3.930000000000000000e+02 7.845894165039062500e+02
8.471939999999999600e+02 3.580000000000000000e+02 7.845850219726562500e+02
8.475299999999999727e+02 4.730000000000000000e+02 7.845855712890625000e+02
8.478659999999999854e+02 3.160000000000000000e+02 7.845868530273437500e+02
8.482019999999999982e+02 4.250000000000000000e+02 7.845750122070312500e+02
8.485380000000000109e+02 3.620000000000000000e+02 7.845783691406250000e+02
8.488740000000000236e+02 3.970000000000000000e+02 7.845754394531250000e+02
8.492100000000000364e+02 4.440000000000000000e+02 7.845806884765625000e+02
8.495460000000000491e+02 5.150000000000000000e+02 7.845687866210937500e+02
8.498819999999999482e+02 3.340000000000000000e+02 7.845916748046875000e+02
8.502179999999999609e+02 4.240000000000000000e+02 7.845773315429687500e+02
8.505539999999999736e+02 4.140000000000000000e+02 7.845881958007812500e+02
8.508899999999999864e+02 4.140000000000000000e+02 7.845886840820312500e+02
8.512259999999999991e+02 4.250000000000000000e+02 7.845817260742187500e+02
8.515679999999999836e+02 4.300000000000000000e+02 7.845780029296875000e+02
8.519039999999999964e+02 5.590000000000000000e+02 7.845679931640625000e+02
8.522400000000000091e+02 4.350000000000000000e+02 7.845821533203125000e+02
8.525760000000000218e+02 4.400000000000000000e+02 7.845815429687500000e+02
8.529120000000000346e+02 4.780000000000000000e+02 7.845769653320312500e+02
8.532480000000000473e+02 4.860000000000000000e+02 7.845863037109375000e+02
8.535839999999999463e+02 3.350000000000000000e+02 7.845700073242187500e+02
8.539199999999999591e+02 4.660000000000000000e+02 7.845769042968750000e+02
8.542559999999999718e+02 3.950000000000000000e+02 7.845725097656250000e+02
8.545919999999999845e+02 4.490000000000000000e+02 7.845843505859375000e+02
8.549279999999999973e+02 4.750000000000000000e+02 7.845753173828125000e+02
8.552640000000000100e+02 2.790000000000000000e+02 7.845844726562500000e+02
8.556000000000000227e+02 5.220000000000000000e+02 7.845867919921875000e+02
8.559360000000000355e+02 4.520000000000000000e+02 7.845836791992187500e+02
8.562780000000000200e+02 4.110000000000000000e+02 7.845806884765625000e+02
8.566140000000000327e+02 5.030000000000000000e+02 7.845801391601562500e+02
8.569439999999999600e+02 5.000000000000000000e+02 7.845927734375000000e+02
8.572859999999999445e+02 4.220000000000000000e+02 7.845722045898437500e+02
8.576219999999999573e+02 5.900000000000000000e+02 7.845760498046875000e+02
8.579579999999999700e+02 5.210000000000000000e+02 7.845790405273437500e+02
8.582939999999999827e+02 4.310000000000000000e+02 7.845760498046875000e+02
8.586299999999999955e+02 4.760000000000000000e+02 7.845787353515625000e+02
8.589660000000000082e+02 4.210000000000000000e+02 7.845701293945312500e+02
8.593020000000000209e+02 5.780000000000000000e+02 7.845877075195312500e+02
8.596380000000000337e+02 4.780000000000000000e+02 7.845826416015625000e+02
8.599740000000000464e+02 5.110000000000000000e+02 7.845810546875000000e+02
8.603099999999999454e+02 4.050000000000000000e+02 7.845780639648437500e+02
8.606459999999999582e+02 4.410000000000000000e+02 7.845779418945312500e+02
8.609819999999999709e+02 4.870000000000000000e+02 7.845758666992187500e+02
8.613179999999999836e+02 4.480000000000000000e+02 7.845690917968750000e+02
8.616599999999999682e+02 4.970000000000000000e+02 7.845751342773437500e+02
8.619959999999999809e+02 5.710000000000000000e+02 7.845739746093750000e+02
8.623319999999999936e+02 5.110000000000000000e+02 7.845781250000000000e+02
8.626680000000000064e+02 4.550000000000000000e+02 7.845786743164062500e+02
8.630040000000000191e+02 5.650000000000000000e+02 7.845756225585937500e+02
8.633400000000000318e+02 5.820000000000000000e+02 7.845742797851562500e+02
8.636760000000000446e+02 5.330000000000000000e+02 7.845781860351562500e+02
8.640119999999999436e+02 5.860000000000000000e+02 7.845756225585937500e+02
8.643479999999999563e+02 5.510000000000000000e+02 7.845694580078125000e+02
8.646839999999999691e+02 4.280000000000000000e+02 7.845798339843750000e+02
8.650199999999999818e+02 6.200000000000000000e+02 7.845754394531250000e+02
