4.327649999999999864e+02 5.110000000000000000e+02 6.002884521484375000e+02
4.331009999999999991e+02 4.270000000000000000e+02 6.002875366210937500e+02
4.334379999999999882e+02 4.960000000000000000e+02 6.002947998046875000e+02
4.337740000000000009e+02 4.990000000000000000e+02 6.002896118164062500e+02
4.341100000000000136e+02 4.460000000000000000e+02 6.002886962890625000e+02
4.344460000000000264e+02 3.920000000000000000e+02 6.002897949218750000e+02
4.347830000000000155e+02 4.170000000000000000e+02 6.002897338867187500e+02
4.351190000000000282e+02 2.900000000000000000e+02 6.002819213867187500e+02
4.354549999999999841e+02 2.230000000000000000e+02 6.002923583984375000e+02
4.357919999999999732e+02 1.740000000000000000e+02 6.002886962890625000e+02
4.361279999999999859e+02 1.020000000000000000e+02 6.002990112304687500e+02
4.364639999999999986e+02 9.400000000000000000e+01 6.002957153320312500e+02
4.368009999999999877e+02 8.100000000000000000e+01 6.002808227539062500e+02
4.371370000000000005e+02 8.800000000000000000e+01 6.002916870117187500e+02
4.374730000000000132e+02 2.600000000000000000e+01 6.002927246093750000e+02
