7.220639999999999645e+02 6.800000000000000000e+01 1.610966796875000000e+02
7.223999999999999773e+02 3.900000000000000000e+01 1.610775604248046875e+02
7.227359999999999900e+02 2.350000000000000000e+02 1.610962219238281250e+02
7.230720000000000027e+02 1.250000000000000000e+02 1.610925903320312500e+02
7.234080000000000155e+02 2.360000000000000000e+02 1.610986785888671875e+02
7.237440000000000282e+02 2.680000000000000000e+02 1.611016082763671875e+02
7.240800000000000409e+02 5.080000000000000000e+02 1.610965881347656250e+02
7.244160000000000537e+02 3.800000000000000000e+02 1.610994567871093750e+02
7.247519999999999527e+02 3.700000000000000000e+02 1.610980377197265625e+02
7.250879999999999654e+02 4.260000000000000000e+02 1.610991516113281250e+02
7.254239999999999782e+02 3.200000000000000000e+02 1.610959472656250000e+02
7.257599999999999909e+02 3.160000000000000000e+02 1.610980834960937500e+02
7.260960000000000036e+02 2.370000000000000000e+02 1.610965423583984375e+02
7.264320000000000164e+02 2.680000000000000000e+02 1.610968170166015625e+02
7.267740000000000009e+02 1.670000000000000000e+02 1.610964202880859375e+02
7.271040000000000418e+02 1.400000000000000000e+02 1.610979156494140625e+02
7.274460000000000264e+02 1.250000000000000000e+02 1.611032257080078125e+02
7.277820000000000391e+02 1.270000000000000000e+02 1.611056976318359375e+02
7.281180000000000518e+02 4.000000000000000000e+01 1.611050415039062500e+02
7.284539999999999509e+02 4.000000000000000000e+01 1.610925140380859375e+02
7.287899999999999636e+02 6.900000000000000000e+01 1.610995788574218750e+02
7.291259999999999764e+02 9.900000000000000000e+01 1.610926361083984375e+02
7.294619999999999891e+02 1.370000000000000000e+02 1.610994720458984375e+02
