6.382980000000000018e+02 5.180000000000000000e+02 2.241108856201171875e+02
6.386340000000000146e+02 4.160000000000000000e+02 2.241082000732421875e+02
6.389700000000000273e+02 5.900000000000000000e+02 2.241049652099609375e+02
6.393060000000000400e+02 4.670000000000000000e+02 2.240998382568359375e+02
6.396480000000000246e+02 3.400000000000000000e+02 2.241057739257812500e+02
6.399840000000000373e+02 2.610000000000000000e+02 2.241137695312500000e+02
6.403200000000000500e+02 1.930000000000000000e+02 2.241083679199218750e+02
6.406559999999999491e+02 4.260000000000000000e+02 2.241065979003906250e+02
6.409919999999999618e+02 3.160000000000000000e+02 2.241071777343750000e+02
6.413279999999999745e+02 4.030000000000000000e+02 2.241049499511718750e+02
6.416639999999999873e+02 2.760000000000000000e+02 2.241068267822265625e+02
6.420000000000000000e+02 3.150000000000000000e+02 2.241072540283203125e+02
6.423360000000000127e+02 2.390000000000000000e+02 2.241072692871093750e+02
6.426720000000000255e+02 3.320000000000000000e+02 2.241079559326171875e+02
6.430080000000000382e+02 2.000000000000000000e+02 2.241096954345703125e+02
6.433440000000000509e+02 3.090000000000000000e+02 2.241069641113281250e+02
6.436799999999999500e+02 2.540000000000000000e+02 2.241103668212890625e+02
6.440159999999999627e+02 1.910000000000000000e+02 2.241106109619140625e+02
6.443519999999999754e+02 3.220000000000000000e+02 2.241103820800781250e+02
6.446879999999999882e+02 3.220000000000000000e+02 2.241031188964843750e+02
6.450240000000000009e+02 4.000000000000000000e+02 2.241027984619140625e+02
6.453600000000000136e+02 3.220000000000000000e+02 2.241055603027343750e+02
6.457019999999999982e+02 2.640000000000000000e+02 2.241113891601562500e+02
6.460320000000000391e+02 3.210000000000000000e+02 2.241021728515625000e+02
6.463740000000000236e+02 3.370000000000000000e+02 2.241107177734375000e+02
6.467100000000000364e+02 2.390000000000000000e+02 2.241141052246093750e+02
6.470460000000000491e+02 3.780000000000000000e+02 2.241102905273437500e+02
6.473819999999999482e+02 3.950000000000000000e+02 2.241043090820312500e+02
6.477179999999999609e+02 2.900000000000000000e+02 2.241087646484375000e+02
6.480539999999999736e+02 3.040000000000000000e+02 2.241018218994140625e+02
6.483899999999999864e+02 2.610000000000000000e+02 2.241039123535156250e+02
6.487259999999999991e+02 3.540000000000000000e+02 2.241129455566406250e+02
6.490620000000000118e+02 4.290000000000000000e+02 2.241043395996093750e+02
6.493980000000000246e+02 3.390000000000000000e+02 2.241075897216796875e+02
6.497340000000000373e+02 3.250000000000000000e+02 2.241114196777343750e+02
6.500760000000000218e+02 2.940000000000000000e+02 2.241066131591796875e+02
6.504120000000000346e+02 3.340000000000000000e+02 2.241069946289062500e+02
6.507480000000000473e+02 2.790000000000000000e+02 2.241046142578125000e+02
6.510839999999999463e+02 4.000000000000000000e+02 2.241093597412109375e+02
6.514199999999999591e+02 2.350000000000000000e+02 2.241110382080078125e+02
6.517559999999999718e+02 3.340000000000000000e+02 2.241088867187500000e+02
6.520919999999999845e+02 1.930000000000000000e+02 2.241126098632812500e+02
6.524279999999999973e+02 2.900000000000000000e+02 2.241037750244140625e+02
6.527640000000000100e+02 4.020000000000000000e+02 2.241062469482421875e+02
6.531000000000000227e+02 4.910000000000000000e+02 2.241077575683593750e+02
6.534360000000000355e+02 3.890000000000000000e+02 2.241055297851562500e+02
6.537720000000000482e+02 3.120000000000000000e+02 2.241024017333984375e+02
6.541079999999999472e+02 2.650000000000000000e+02 2.241047058105468750e+02
6.544439999999999600e+02 2.960000000000000000e+02 2.241094360351562500e+02
6.547799999999999727e+02 3.050000000000000000e+02 2.241101074218750000e+02
6.551159999999999854e+02 3.000000000000000000e+02 2.241080017089843750e+02
6.554519999999999982e+02 2.570000000000000000e+02 2.241011352539062500e+02
6.557880000000000109e+02 2.890000000000000000e+02 2.241084442138671875e+02
6.561299999999999955e+02 3.130000000000000000e+02 2.241076202392578125e+02
6.564600000000000364e+02 3.240000000000000000e+02 2.241068420410156250e+02
6.568020000000000209e+02 2.880000000000000000e+02 2.241097412109375000e+02
6.571380000000000337e+02 2.600000000000000000e+02 2.241058044433593750e+02
6.574740000000000464e+02 3.560000000000000000e+02 2.241073455810546875e+02
6.578099999999999454e+02 3.420000000000000000e+02 2.241049652099609375e+02
6.581459999999999582e+02 2.900000000000000000e+02 2.241089935302734375e+02
6.584819999999999709e+02 2.550000000000000000e+02 2.241016082763671875e+02
6.588179999999999836e+02 2.670000000000000000e+02 2.241106109619140625e+02
6.591539999999999964e+02 3.400000000000000000e+02 2.241107482910156250e+02
6.594900000000000091e+02 2.250000000000000000e+02 2.241031494140625000e+02
6.598260000000000218e+02 3.570000000000000000e+02 2.241022186279296875e+02
6.601620000000000346e+02 2.980000000000000000e+02 2.241077880859375000e+02
6.604980000000000473e+02 2.590000000000000000e+02 2.241078491210937500e+02
6.608339999999999463e+02 4.270000000000000000e+02 2.241066589355468750e+02
6.611760000000000446e+02 4.210000000000000000e+02 2.241027984619140625e+02
6.615119999999999436e+02 2.860000000000000000e+02 2.241051177978515625e+02
6.618479999999999563e+02 2.750000000000000000e+02 2.241068115234375000e+02
6.621839999999999691e+02 2.450000000000000000e+02 2.241118316650390625e+02
6.625199999999999818e+02 2.840000000000000000e+02 2.241091766357421875e+02
6.628559999999999945e+02 4.110000000000000000e+02 2.241041717529296875e+02
6.631920000000000073e+02 2.460000000000000000e+02 2.241066894531250000e+02
6.635280000000000200e+02 2.250000000000000000e+02 2.241072387695312500e+02
6.638640000000000327e+02 2.570000000000000000e+02 2.241059875488281250e+02
6.642000000000000455e+02 3.140000000000000000e+02 2.241063995361328125e+02
6.645359999999999445e+02 2.110000000000000000e+02 2.241105499267578125e+02
6.648719999999999573e+02 3.760000000000000000e+02 2.241095733642578125e+02
6.652079999999999700e+02 2.120000000000000000e+02 2.241133880615234375e+02
6.655439999999999827e+02 3.980000000000000000e+02 2.241032714843750000e+02
6.658799999999999955e+02 1.680000000000000000e+02 2.241092376708984375e+02
6.662160000000000082e+02 2.420000000000000000e+02 2.241064453125000000e+02
6.665579999999999927e+02 2.420000000000000000e+02 2.241108703613281250e+02
6.668880000000000337e+02 3.580000000000000000e+02 2.241051635742187500e+02
6.672300000000000182e+02 2.130000000000000000e+02 2.241081695556640625e+02
6.675660000000000309e+02 4.390000000000000000e+02 2.241017608642578125e+02
