6.685739999999999554e+02 7.800000000000000000e+01 2.612252502441406250e+02
6.689099999999999682e+02 5.500000000000000000e+01 2.612153015136718750e+02
6.692459999999999809e+02 2.230000000000000000e+02 2.612141418457031250e+02
6.695819999999999936e+02 1.930000000000000000e+02 2.612193603515625000e+02
6.699180000000000064e+02 3.640000000000000000e+02 2.612195739746093750e+02
6.702540000000000191e+02 1.930000000000000000e+02 2.612152099609375000e+02
6.705900000000000318e+02 2.180000000000000000e+02 2.612274475097656250e+02
6.709260000000000446e+02 3.810000000000000000e+02 2.612214050292968750e+02
6.712619999999999436e+02 4.830000000000000000e+02 2.612138977050781250e+02
6.716040000000000418e+02 2.450000000000000000e+02 2.612203674316406250e+02
6.719400000000000546e+02 3.090000000000000000e+02 2.612161865234375000e+02
6.722759999999999536e+02 3.930000000000000000e+02 2.612212219238281250e+02
6.726119999999999663e+02 3.230000000000000000e+02 2.612200927734375000e+02
6.729479999999999791e+02 1.860000000000000000e+02 2.612167968750000000e+02
6.732839999999999918e+02 1.820000000000000000e+02 2.612107238769531250e+02
6.736200000000000045e+02 1.910000000000000000e+02 2.612112731933593750e+02
6.739560000000000173e+02 1.700000000000000000e+02 2.612064514160156250e+02
6.742920000000000300e+02 1.410000000000000000e+02 2.612023315429687500e+02
6.746280000000000427e+02 1.100000000000000000e+02 2.612165832519531250e+02
6.749640000000000555e+02 9.500000000000000000e+01 2.612093505859375000e+02
6.752999999999999545e+02 1.090000000000000000e+02 2.612144470214843750e+02
6.756359999999999673e+02 1.000000000000000000e+02 2.612138061523437500e+02
