4.388199999999999790e+01 1.000000000000000000e+02 1.230467147827148438e+02
4.421999999999999886e+01 1.060000000000000000e+02 1.230555801391601562e+02
4.455700000000000216e+01 1.450000000000000000e+02 1.230550689697265625e+02
4.489300000000000068e+01 1.930000000000000000e+02 1.230547561645507812e+02
4.522899999999999920e+01 1.590000000000000000e+02 1.230545806884765625e+02
4.556499999999999773e+01 1.910000000000000000e+02 1.230524520874023438e+02
4.590200000000000102e+01 1.680000000000000000e+02 1.230462951660156250e+02
4.623799999999999955e+01 2.680000000000000000e+02 1.230423889160156250e+02
4.657399999999999807e+01 3.740000000000000000e+02 1.230443038940429688e+02
4.691100000000000136e+01 3.980000000000000000e+02 1.230432891845703125e+02
4.724699999999999989e+01 4.820000000000000000e+02 1.230453414916992188e+02
4.758299999999999841e+01 1.760000000000000000e+02 1.230447692871093750e+02
4.792000000000000171e+01 3.840000000000000000e+02 1.230412597656250000e+02
4.825600000000000023e+01 4.210000000000000000e+02 1.230472030639648438e+02
4.859199999999999875e+01 4.590000000000000000e+02 1.230443725585937500e+02
4.892900000000000205e+01 4.270000000000000000e+02 1.230411453247070312e+02
4.926500000000000057e+01 3.520000000000000000e+02 1.230451736450195312e+02
4.960199999999999676e+01 2.670000000000000000e+02 1.230424194335937500e+02
4.993800000000000239e+01 1.670000000000000000e+02 1.230451583862304688e+02
5.027400000000000091e+01 2.540000000000000000e+02 1.230385055541992188e+02
5.061099999999999710e+01 2.230000000000000000e+02 1.230449676513671875e+02
5.094700000000000273e+01 6.900000000000000000e+01 1.230511245727539062e+02
5.128300000000000125e+01 1.150000000000000000e+02 1.230486831665039062e+02
5.161899999999999977e+01 4.400000000000000000e+01 1.230387191772460938e+02
