4.045029999999999859e+02 4.650000000000000000e+02 4.171702270507812500e+02
4.048399999999999750e+02 4.560000000000000000e+02 4.171627807617187500e+02
4.051759999999999877e+02 3.930000000000000000e+02 4.171639404296875000e+02
4.055120000000000005e+02 3.060000000000000000e+02 4.171699829101562500e+02
4.058489999999999895e+02 4.140000000000000000e+02 4.171633300781250000e+02
4.061850000000000023e+02 3.370000000000000000e+02 4.171605529785156250e+02
4.065210000000000150e+02 3.200000000000000000e+02 4.171679992675781250e+02
4.068580000000000041e+02 4.100000000000000000e+02 4.171619262695312500e+02
4.071940000000000168e+02 2.770000000000000000e+02 4.171577148437500000e+02
4.075319999999999823e+02 2.570000000000000000e+02 4.171766357421875000e+02
4.078679999999999950e+02 1.240000000000000000e+02 4.171872253417968750e+02
