9.440700000000000500e+02 2.280000000000000000e+02 7.305279541015625000e+02
9.444059999999999491e+02 2.900000000000000000e+02 7.305413818359375000e+02
9.447419999999999618e+02 8.700000000000000000e+01 7.305335693359375000e+02
9.450779999999999745e+02 1.710000000000000000e+02 7.305446166992187500e+02
9.454139999999999873e+02 2.980000000000000000e+02 7.305351562500000000e+02
9.457500000000000000e+02 2.310000000000000000e+02 7.305340576171875000e+02
9.460860000000000127e+02 2.540000000000000000e+02 7.305283203125000000e+02
9.464220000000000255e+02 1.780000000000000000e+02 7.305430908203125000e+02
9.467580000000000382e+02 1.650000000000000000e+02 7.305333251953125000e+02
9.471000000000000227e+02 1.870000000000000000e+02 7.305410156250000000e+02
9.474360000000000355e+02 1.460000000000000000e+02 7.305349121093750000e+02
9.477720000000000482e+02 3.380000000000000000e+02 7.305367431640625000e+02
9.481079999999999472e+02 2.110000000000000000e+02 7.305471191406250000e+02
9.484439999999999600e+02 2.290000000000000000e+02 7.305420532226562500e+02
9.487799999999999727e+02 2.240000000000000000e+02 7.305351562500000000e+02
9.491159999999999854e+02 1.900000000000000000e+02 7.305417480468750000e+02
9.494519999999999982e+02 2.790000000000000000e+02 7.305465698242187500e+02
9.497880000000000109e+02 2.180000000000000000e+02 7.305517578125000000e+02
9.501240000000000236e+02 1.810000000000000000e+02 7.305331420898437500e+02
9.504600000000000364e+02 2.010000000000000000e+02 7.305343627929687500e+02
9.507960000000000491e+02 3.280000000000000000e+02 7.305277099609375000e+02
9.511319999999999482e+02 2.550000000000000000e+02 7.305493774414062500e+02
9.514679999999999609e+02 4.540000000000000000e+02 7.305326538085937500e+02
9.518039999999999736e+02 3.180000000000000000e+02 7.305412597656250000e+02
9.521399999999999864e+02 2.650000000000000000e+02 7.305386352539062500e+02
9.524819999999999709e+02 3.410000000000000000e+02 7.305255737304687500e+02
9.528179999999999836e+02 3.530000000000000000e+02 7.305390014648437500e+02
9.531539999999999964e+02 2.560000000000000000e+02 7.305227661132812500e+02
9.534900000000000091e+02 2.870000000000000000e+02 7.305294799804687500e+02
9.538260000000000218e+02 2.710000000000000000e+02 7.305372314453125000e+02
9.541620000000000346e+02 2.820000000000000000e+02 7.305408935546875000e+02
9.544980000000000473e+02 3.710000000000000000e+02 7.305267944335937500e+02
9.548339999999999463e+02 3.400000000000000000e+02 7.305404052734375000e+02
9.551699999999999591e+02 2.800000000000000000e+02 7.305427856445312500e+02
9.555059999999999718e+02 4.130000000000000000e+02 7.305347900390625000e+02
9.558419999999999845e+02 3.030000000000000000e+02 7.305310058593750000e+02
9.561779999999999973e+02 3.160000000000000000e+02 7.305416870117187500e+02
9.565140000000000100e+02 3.180000000000000000e+02 7.305479125976562500e+02
9.568500000000000227e+02 5.260000000000000000e+02 7.305355224609375000e+02
9.571860000000000355e+02 4.350000000000000000e+02 7.305292968750000000e+02
9.575220000000000482e+02 3.710000000000000000e+02 7.305399169921875000e+02
9.578579999999999472e+02 4.770000000000000000e+02 7.305354614257812500e+02
9.581939999999999600e+02 3.520000000000000000e+02 7.305334472656250000e+02
9.585359999999999445e+02 4.680000000000000000e+02 7.305438232421875000e+02
9.588719999999999573e+02 3.230000000000000000e+02 7.305316772460937500e+02
9.592079999999999700e+02 3.210000000000000000e+02 7.305349731445312500e+02
9.595439999999999827e+02 4.990000000000000000e+02 7.305415039062500000e+02
9.598799999999999955e+02 4.070000000000000000e+02 7.305345458984375000e+02
9.602160000000000082e+02 3.750000000000000000e+02 7.305347900390625000e+02
9.605520000000000209e+02 2.610000000000000000e+02 7.305293579101562500e+02
9.608880000000000337e+02 4.360000000000000000e+02 7.305352783203125000e+02
9.612240000000000464e+02 3.770000000000000000e+02 7.305390625000000000e+02
9.615599999999999454e+02 4.120000000000000000e+02 7.305345458984375000e+02
9.618959999999999582e+02 4.760000000000000000e+02 7.305347290039062500e+02
9.622319999999999709e+02 5.640000000000000000e+02 7.305390014648437500e+02
9.625739999999999554e+02 4.020000000000000000e+02 7.305462646484375000e+02
9.629039999999999964e+02 5.160000000000000000e+02 7.305411987304687500e+02
9.632459999999999809e+02 4.790000000000000000e+02 7.305342407226562500e+02
9.635819999999999936e+02 5.640000000000000000e+02 7.305352783203125000e+02
9.639180000000000064e+02 5.050000000000000000e+02 7.305421752929687500e+02
9.642540000000000191e+02 4.730000000000000000e+02 7.305303344726562500e+02
9.645900000000000318e+02 4.240000000000000000e+02 7.305411987304687500e+02
9.649260000000000446e+02 5.530000000000000000e+02 7.305440063476562500e+02
9.652619999999999436e+02 5.810000000000000000e+02 7.305357055664062500e+02
9.655979999999999563e+02 6.470000000000000000e+02 7.305354003906250000e+02
9.659339999999999691e+02 5.670000000000000000e+02 7.305401611328125000e+02
