6.917820000000000391e+02 1.600000000000000000e+02 4.651436767578125000e+02
6.921180000000000518e+02 1.560000000000000000e+02 4.651498718261718750e+02
6.924600000000000364e+02 1.940000000000000000e+02 4.651499938964843750e+02
6.927960000000000491e+02 2.710000000000000000e+02 4.651587219238281250e+02
6.931319999999999482e+02 3.610000000000000000e+02 4.651538391113281250e+02
6.934679999999999609e+02 4.500000000000000000e+02 4.651480407714843750e+02
6.938039999999999736e+02 4.070000000000000000e+02 4.651564636230468750e+02
6.941399999999999864e+02 3.530000000000000000e+02 4.651558837890625000e+02
6.944759999999999991e+02 3.260000000000000000e+02 4.651536254882812500e+02
6.948120000000000118e+02 3.390000000000000000e+02 4.651631469726562500e+02
6.951480000000000246e+02 1.410000000000000000e+02 4.651578063964843750e+02
6.954840000000000373e+02 2.110000000000000000e+02 4.651452636718750000e+02
6.958200000000000500e+02 2.660000000000000000e+02 4.651463928222656250e+02
6.961559999999999491e+02 1.710000000000000000e+02 4.651603698730468750e+02
6.964919999999999618e+02 1.030000000000000000e+02 4.651529846191406250e+02
6.968279999999999745e+02 4.900000000000000000e+01 4.651481628417968750e+02
