7.281300000000000239e+01 4.150000000000000000e+02 1.680420989990234375e+02
7.314900000000000091e+01 5.270000000000000000e+02 1.680408172607421875e+02
7.348619999999999663e+01 4.330000000000000000e+02 1.680367736816406250e+02
7.382219999999999516e+01 6.310000000000000000e+02 1.680454101562500000e+02
7.415819999999999368e+01 6.060000000000000000e+02 1.680445861816406250e+02
7.449599999999999511e+01 4.580000000000000000e+02 1.680453643798828125e+02
7.483199999999999363e+01 4.000000000000000000e+02 1.680443420410156250e+02
7.516920000000000357e+01 3.790000000000000000e+02 1.680450897216796875e+02
7.550520000000000209e+01 3.640000000000000000e+02 1.680430297851562500e+02
7.584120000000000061e+01 4.840000000000000000e+02 1.680427703857421875e+02
7.617780000000000484e+01 5.520000000000000000e+02 1.680450744628906250e+02
7.651380000000000337e+01 3.940000000000000000e+02 1.680416107177734375e+02
7.684980000000000189e+01 4.810000000000000000e+02 1.680445098876953125e+02
7.718580000000000041e+01 5.160000000000000000e+02 1.680426635742187500e+02
7.752299999999999613e+01 3.360000000000000000e+02 1.680416412353515625e+02
7.785899999999999466e+01 4.060000000000000000e+02 1.680447082519531250e+02
7.819499999999999318e+01 4.420000000000000000e+02 1.680402832031250000e+02
7.853220000000000312e+01 3.400000000000000000e+02 1.680462036132812500e+02
7.886820000000000164e+01 3.890000000000000000e+02 1.680422821044921875e+02
7.920420000000000016e+01 2.890000000000000000e+02 1.680367889404296875e+02
7.954080000000000439e+01 4.550000000000000000e+02 1.680436859130859375e+02
7.987680000000000291e+01 3.260000000000000000e+02 1.680458374023437500e+02
8.021280000000000143e+01 2.160000000000000000e+02 1.680477447509765625e+02
8.054999999999999716e+01 4.280000000000000000e+02 1.680401916503906250e+02
8.088720000000000709e+01 2.350000000000000000e+02 1.680451965332031250e+02
8.122320000000000562e+01 2.080000000000000000e+02 1.680410003662109375e+02
8.155920000000000414e+01 3.740000000000000000e+02 1.680479583740234375e+02
8.189520000000000266e+01 1.230000000000000000e+02 1.680318450927734375e+02
8.223180000000000689e+01 2.550000000000000000e+02 1.680390319824218750e+02
8.256780000000000541e+01 4.010000000000000000e+02 1.680410156250000000e+02
8.290380000000000393e+01 2.170000000000000000e+02 1.680438537597656250e+02
8.324099999999999966e+01 1.940000000000000000e+02 1.680333099365234375e+02
8.357699999999999818e+01 2.960000000000000000e+02 1.680374145507812500e+02
8.391299999999999670e+01 1.490000000000000000e+02 1.680505523681640625e+02
8.425020000000000664e+01 7.800000000000000000e+01 1.680469970703125000e+02
8.458679999999999666e+01 2.750000000000000000e+02 1.680425720214843750e+02
8.492400000000000659e+01 1.120000000000000000e+02 1.680402374267578125e+02
8.526000000000000512e+01 2.600000000000000000e+02 1.680486145019531250e+02
8.559600000000000364e+01 1.170000000000000000e+02 1.680518493652343750e+02
8.593319999999999936e+01 1.980000000000000000e+02 1.680366516113281250e+02
8.626919999999999789e+01 2.570000000000000000e+02 1.680448303222656250e+02
8.660519999999999641e+01 2.650000000000000000e+02 1.680395050048828125e+02
8.694180000000000064e+01 2.200000000000000000e+02 1.680435180664062500e+02
8.727779999999999916e+01 2.290000000000000000e+02 1.680414886474609375e+02
8.761499999999999488e+01 4.470000000000000000e+02 1.680423431396484375e+02
8.795099999999999341e+01 2.040000000000000000e+02 1.680448608398437500e+02
8.828820000000000334e+01 2.050000000000000000e+02 1.680438995361328125e+02
8.862420000000000186e+01 1.950000000000000000e+02 1.680456237792968750e+02
8.896020000000000039e+01 2.550000000000000000e+02 1.680460205078125000e+02
8.929619999999999891e+01 1.890000000000000000e+02 1.680432434082031250e+02
8.963280000000000314e+01 2.050000000000000000e+02 1.680440216064453125e+02
8.996880000000000166e+01 1.770000000000000000e+02 1.680507354736328125e+02
9.030480000000000018e+01 2.070000000000000000e+02 1.680420684814453125e+02
9.064199999999999591e+01 9.400000000000000000e+01 1.680471038818359375e+02
9.097799999999999443e+01 1.230000000000000000e+02 1.680442962646484375e+02
9.131399999999999295e+01 3.020000000000000000e+02 1.680388031005859375e+02
9.165120000000000289e+01 1.830000000000000000e+02 1.680457763671875000e+02
9.198720000000000141e+01 2.270000000000000000e+02 1.680462493896484375e+02
9.232319999999999993e+01 2.140000000000000000e+02 1.680470428466796875e+02
9.265980000000000416e+01 2.450000000000000000e+02 1.680420379638671875e+02
9.299580000000000268e+01 2.020000000000000000e+02 1.680465850830078125e+02
9.333180000000000121e+01 2.780000000000000000e+02 1.680421600341796875e+02
9.366779999999999973e+01 1.580000000000000000e+02 1.680429840087890625e+02
9.400499999999999545e+01 3.310000000000000000e+02 1.680422210693359375e+02
9.434099999999999397e+01 3.440000000000000000e+02 1.680425872802734375e+02
9.467879999999999541e+01 3.300000000000000000e+01 1.680352172851562500e+02
9.501479999999999393e+01 2.140000000000000000e+02 1.680497131347656250e+02
9.535200000000000387e+01 1.990000000000000000e+02 1.680412445068359375e+02
9.568800000000000239e+01 1.910000000000000000e+02 1.680458526611328125e+02
9.602519999999999811e+01 2.910000000000000000e+02 1.680421600341796875e+02
9.636119999999999663e+01 2.180000000000000000e+02 1.680426330566406250e+02
9.669780000000000086e+01 2.900000000000000000e+02 1.680370788574218750e+02
9.703379999999999939e+01 1.820000000000000000e+02 1.680447845458984375e+02
9.736979999999999791e+01 3.450000000000000000e+02 1.680418548583984375e+02
9.770699999999999363e+01 2.000000000000000000e+02 1.680520782470703125e+02
9.804300000000000637e+01 3.460000000000000000e+02 1.680426177978515625e+02
9.837900000000000489e+01 3.260000000000000000e+02 1.680458068847656250e+02
9.871620000000000061e+01 2.790000000000000000e+02 1.680454254150390625e+02
9.905219999999999914e+01 2.630000000000000000e+02 1.680468292236328125e+02
9.938819999999999766e+01 2.140000000000000000e+02 1.680491943359375000e+02
9.972480000000000189e+01 1.780000000000000000e+02 1.680478668212890625e+02
1.000610000000000070e+02 1.040000000000000000e+02 1.680418548583984375e+02
1.003970000000000056e+02 3.930000000000000000e+02 1.680447692871093750e+02
1.007330000000000041e+02 3.740000000000000000e+02 1.680399627685546875e+02
1.010699999999999932e+02 3.430000000000000000e+02 1.680450744628906250e+02
1.014060000000000059e+02 1.950000000000000000e+02 1.680502014160156250e+02
1.017420000000000044e+02 2.160000000000000000e+02 1.680476226806640625e+02
1.020789999999999935e+02 2.890000000000000000e+02 1.680516815185546875e+02
