8.878920000000000528e+02 3.300000000000000000e+01 2.221654510498046875e+02
8.882279999999999518e+02 6.900000000000000000e+01 2.221660919189453125e+02
8.885700000000000500e+02 1.180000000000000000e+02 2.221820983886718750e+02
8.888999999999999773e+02 1.220000000000000000e+02 2.221794433593750000e+02
8.892419999999999618e+02 1.840000000000000000e+02 2.221863098144531250e+02
8.895779999999999745e+02 2.570000000000000000e+02 2.221762542724609375e+02
8.899139999999999873e+02 3.300000000000000000e+02 2.221807556152343750e+02
8.902500000000000000e+02 2.820000000000000000e+02 2.221792144775390625e+02
8.905860000000000127e+02 2.110000000000000000e+02 2.221809844970703125e+02
8.909220000000000255e+02 4.300000000000000000e+02 2.221796875000000000e+02
8.912580000000000382e+02 3.450000000000000000e+02 2.221811065673828125e+02
8.915940000000000509e+02 2.610000000000000000e+02 2.221846466064453125e+02
8.919299999999999500e+02 2.350000000000000000e+02 2.221820831298828125e+02
8.922659999999999627e+02 2.460000000000000000e+02 2.221809539794921875e+02
8.926019999999999754e+02 3.560000000000000000e+02 2.221822814941406250e+02
8.929439999999999600e+02 2.650000000000000000e+02 2.221817169189453125e+02
8.932799999999999727e+02 2.920000000000000000e+02 2.221784820556640625e+02
8.936159999999999854e+02 1.750000000000000000e+02 2.221852111816406250e+02
8.939519999999999982e+02 2.070000000000000000e+02 2.221817626953125000e+02
8.942880000000000109e+02 1.570000000000000000e+02 2.221847229003906250e+02
8.946240000000000236e+02 8.200000000000000000e+01 2.221791687011718750e+02
8.949600000000000364e+02 3.700000000000000000e+01 2.221694030761718750e+02
8.952960000000000491e+02 2.610000000000000000e+02 2.221891021728515625e+02
8.956319999999999482e+02 1.220000000000000000e+02 2.221848754882812500e+02
8.959679999999999609e+02 9.500000000000000000e+01 2.221780090332031250e+02
8.963039999999999736e+02 1.220000000000000000e+02 2.221820983886718750e+02
8.966399999999999864e+02 2.130000000000000000e+02 2.221828918457031250e+02
8.969759999999999991e+02 6.900000000000000000e+01 2.221792449951171875e+02
8.973120000000000118e+02 1.090000000000000000e+02 2.221863555908203125e+02
8.976480000000000246e+02 1.150000000000000000e+02 2.221674804687500000e+02
8.979840000000000373e+02 9.300000000000000000e+01 2.221740570068359375e+02
8.983200000000000500e+02 1.030000000000000000e+02 2.221767272949218750e+02
8.986559999999999491e+02 4.000000000000000000e+01 2.221893157958984375e+02
