2.003120000000000118e+02 1.580000000000000000e+02 3.490932312011718750e+02
2.006479999999999961e+02 1.930000000000000000e+02 3.490941772460937500e+02
2.009840000000000089e+02 1.890000000000000000e+02 3.490982360839843750e+02
2.013199999999999932e+02 1.060000000000000000e+02 3.491015014648437500e+02
2.016570000000000107e+02 4.270000000000000000e+02 3.490928039550781250e+02
2.019929999999999950e+02 2.570000000000000000e+02 3.490928649902343750e+02
2.023290000000000077e+02 3.620000000000000000e+02 3.490904235839843750e+02
2.026659999999999968e+02 3.800000000000000000e+02 3.490944213867187500e+02
2.030020000000000095e+02 1.700000000000000000e+02 3.491037902832031250e+02
2.033379999999999939e+02 2.110000000000000000e+02 3.490809631347656250e+02
2.036750000000000114e+02 3.260000000000000000e+02 3.490857238769531250e+02
