3.271309999999999718e+02 4.090000000000000000e+02 3.691197509765625000e+02
3.274680000000000177e+02 3.950000000000000000e+02 3.691131896972656250e+02
3.278039999999999736e+02 4.050000000000000000e+02 3.691225891113281250e+02
3.281399999999999864e+02 2.680000000000000000e+02 3.691289672851562500e+02
3.284769999999999754e+02 1.740000000000000000e+02 3.691265869140625000e+02
3.288129999999999882e+02 2.460000000000000000e+02 3.691306457519531250e+02
3.291490000000000009e+02 3.150000000000000000e+02 3.691280822753906250e+02
3.294859999999999900e+02 2.560000000000000000e+02 3.691111755371093750e+02
3.298220000000000027e+02 3.040000000000000000e+02 3.691186523437500000e+02
3.301610000000000014e+02 4.180000000000000000e+02 3.691149902343750000e+02
3.304970000000000141e+02 3.240000000000000000e+02 3.691218872070312500e+02
3.308330000000000268e+02 3.500000000000000000e+02 3.691087646484375000e+02
3.311700000000000159e+02 2.050000000000000000e+02 3.691236877441406250e+02
3.315059999999999718e+02 2.680000000000000000e+02 3.691342468261718750e+02
3.318419999999999845e+02 1.340000000000000000e+02 3.691240234375000000e+02
3.321789999999999736e+02 2.190000000000000000e+02 3.691338806152343750e+02
3.325160000000000196e+02 1.830000000000000000e+02 3.691250305175781250e+02
3.328519999999999754e+02 3.080000000000000000e+02 3.691292724609375000e+02
3.331890000000000214e+02 1.550000000000000000e+02 3.691248168945312500e+02
3.335249999999999773e+02 2.690000000000000000e+02 3.691251220703125000e+02
