4.563100000000000023e+02 1.330000000000000000e+02 3.151501770019531250e+02
4.566460000000000150e+02 1.510000000000000000e+02 3.151512756347656250e+02
4.569830000000000041e+02 1.920000000000000000e+02 3.151482849121093750e+02
4.573190000000000168e+02 6.400000000000000000e+01 3.151262207031250000e+02
4.576560000000000059e+02 1.360000000000000000e+02 3.151513366699218750e+02
4.579940000000000282e+02 1.990000000000000000e+02 3.151567993164062500e+02
4.583299999999999841e+02 1.840000000000000000e+02 3.151370239257812500e+02
4.586669999999999732e+02 7.000000000000000000e+01 3.151496582031250000e+02
4.590029999999999859e+02 1.990000000000000000e+02 3.151414184570312500e+02
4.593399999999999750e+02 1.840000000000000000e+02 3.151432800292968750e+02
4.596759999999999877e+02 3.620000000000000000e+02 3.151354980468750000e+02
4.600120000000000005e+02 4.090000000000000000e+02 3.151386108398437500e+02
4.603489999999999895e+02 4.090000000000000000e+02 3.151433105468750000e+02
4.606850000000000023e+02 3.140000000000000000e+02 3.151354980468750000e+02
4.610210000000000150e+02 2.360000000000000000e+02 3.151429138183593750e+02
4.613580000000000041e+02 2.760000000000000000e+02 3.151343994140625000e+02
4.616940000000000168e+02 1.830000000000000000e+02 3.151290283203125000e+02
4.620299999999999727e+02 2.130000000000000000e+02 3.151470642089843750e+02
4.623659999999999854e+02 2.820000000000000000e+02 3.151426391601562500e+02
4.627029999999999745e+02 1.170000000000000000e+02 3.151573791503906250e+02
