3.389069999999999823e+02 1.250000000000000000e+02 2.900318603515625000e+02
3.392440000000000282e+02 3.510000000000000000e+02 2.900409240722656250e+02
3.395799999999999841e+02 2.960000000000000000e+02 2.900330505371093750e+02
3.399159999999999968e+02 2.600000000000000000e+02 2.900419006347656250e+02
3.402520000000000095e+02 3.020000000000000000e+02 2.900307006835937500e+02
3.405889999999999986e+02 1.230000000000000000e+02 2.900387878417968750e+02
3.409250000000000114e+02 1.650000000000000000e+02 2.900322265625000000e+02
3.412610000000000241e+02 2.020000000000000000e+02 2.900454406738281250e+02
3.415980000000000132e+02 4.070000000000000000e+02 2.900348510742187500e+02
3.419340000000000259e+02 3.440000000000000000e+02 2.900401306152343750e+02
3.422699999999999818e+02 1.230000000000000000e+02 2.900396728515625000e+02
