1.895469999999999970e+02 4.700000000000000000e+01 1.381293792724609375e+02
1.898839999999999861e+02 1.160000000000000000e+02 1.381269836425781250e+02
1.902199999999999989e+02 2.910000000000000000e+02 1.381263122558593750e+02
1.905569999999999879e+02 3.540000000000000000e+02 1.381274414062500000e+02
1.908930000000000007e+02 9.030000000000000000e+02 1.381277923583984375e+02
1.912299999999999898e+02 1.620000000000000000e+03 1.381278686523437500e+02
1.915660000000000025e+02 2.287000000000000000e+03 1.381279754638671875e+02
1.919019999999999868e+02 2.829000000000000000e+03 1.381280059814453125e+02
1.922390000000000043e+02 2.688000000000000000e+03 1.381285858154296875e+02
1.925749999999999886e+02 3.610000000000000000e+03 1.381272735595703125e+02
1.929110000000000014e+02 3.082000000000000000e+03 1.381282806396484375e+02
1.932470000000000141e+02 3.018000000000000000e+03 1.381280212402343750e+02
1.935840000000000032e+02 2.376000000000000000e+03 1.381290435791015625e+02
1.939199999999999875e+02 1.910000000000000000e+03 1.381293640136718750e+02
1.942560000000000002e+02 1.581000000000000000e+03 1.381287384033203125e+02
1.945929999999999893e+02 1.467000000000000000e+03 1.381297149658203125e+02
1.949290000000000020e+02 1.577000000000000000e+03 1.381268463134765625e+02
1.952649999999999864e+02 9.820000000000000000e+02 1.381273956298828125e+02
1.956030000000000086e+02 7.590000000000000000e+02 1.381268463134765625e+02
1.959399999999999977e+02 7.270000000000000000e+02 1.381261901855468750e+02
1.962760000000000105e+02 4.510000000000000000e+02 1.381286010742187500e+02
1.966119999999999948e+02 5.450000000000000000e+02 1.381273345947265625e+02
1.969490000000000123e+02 3.570000000000000000e+02 1.381267089843750000e+02
1.972849999999999966e+02 2.820000000000000000e+02 1.381248779296875000e+02
1.976210000000000093e+02 2.680000000000000000e+02 1.381236877441406250e+02
1.979569999999999936e+02 3.260000000000000000e+02 1.381266479492187500e+02
1.982940000000000111e+02 1.950000000000000000e+02 1.381341705322265625e+02
1.986299999999999955e+02 2.830000000000000000e+02 1.381285247802734375e+02
1.989660000000000082e+02 2.250000000000000000e+02 1.381274414062500000e+02
1.993029999999999973e+02 2.070000000000000000e+02 1.381263122558593750e+02
1.996390000000000100e+02 2.160000000000000000e+02 1.381309967041015625e+02
1.999749999999999943e+02 1.100000000000000000e+02 1.381297912597656250e+02
2.003120000000000118e+02 1.250000000000000000e+02 1.381283264160156250e+02
2.006479999999999961e+02 1.120000000000000000e+02 1.381273498535156250e+02
2.009840000000000089e+02 2.420000000000000000e+02 1.381315460205078125e+02
