4.583299999999999841e+02 1.079000000000000000e+03 3.350617065429687500e+02
4.586669999999999732e+02 9.730000000000000000e+02 3.350628051757812500e+02
4.590029999999999859e+02 6.580000000000000000e+02 3.350646362304687500e+02
4.593399999999999750e+02 8.950000000000000000e+02 3.350571594238281250e+02
4.596759999999999877e+02 9.210000000000000000e+02 3.350617370605468750e+02
4.600120000000000005e+02 9.660000000000000000e+02 3.350596618652343750e+02
4.603489999999999895e+02 7.690000000000000000e+02 3.350640563964843750e+02
4.606850000000000023e+02 8.360000000000000000e+02 3.350644836425781250e+02
4.610210000000000150e+02 7.090000000000000000e+02 3.350623474121093750e+02
4.613580000000000041e+02 8.910000000000000000e+02 3.350652770996093750e+02
4.616940000000000168e+02 7.010000000000000000e+02 3.350596313476562500e+02
4.620299999999999727e+02 7.570000000000000000e+02 3.350577087402343750e+02
4.623659999999999854e+02 1.069000000000000000e+03 3.350586547851562500e+02
4.627029999999999745e+02 9.660000000000000000e+02 3.350578918457031250e+02
4.630400000000000205e+02 8.860000000000000000e+02 3.350596313476562500e+02
4.633759999999999764e+02 1.269000000000000000e+03 3.350634155273437500e+02
4.637119999999999891e+02 1.282000000000000000e+03 3.350658264160156250e+02
4.640489999999999782e+02 1.304000000000000000e+03 3.350601196289062500e+02
4.643849999999999909e+02 1.443000000000000000e+03 3.350607299804687500e+02
4.647210000000000036e+02 1.366000000000000000e+03 3.350619506835937500e+02
4.650579999999999927e+02 1.253000000000000000e+03 3.350606689453125000e+02
4.653940000000000055e+02 1.068000000000000000e+03 3.350642089843750000e+02
4.657300000000000182e+02 1.359000000000000000e+03 3.350603637695312500e+02
4.660659999999999741e+02 1.035000000000000000e+03 3.350617675781250000e+02
4.664030000000000200e+02 7.720000000000000000e+02 3.350638732910156250e+02
4.667389999999999759e+02 8.970000000000000000e+02 3.350588989257812500e+02
4.670749999999999886e+02 6.180000000000000000e+02 3.350567321777343750e+02
4.674119999999999777e+02 8.410000000000000000e+02 3.350571899414062500e+02
4.677479999999999905e+02 6.930000000000000000e+02 3.350575561523437500e+02
4.680860000000000127e+02 5.120000000000000000e+02 3.350603942871093750e+02
4.684220000000000255e+02 3.420000000000000000e+02 3.350673217773437500e+02
4.687579999999999814e+02 5.070000000000000000e+02 3.350630187988281250e+02
4.690950000000000273e+02 5.150000000000000000e+02 3.350685119628906250e+02
4.694309999999999832e+02 3.660000000000000000e+02 3.350638732910156250e+02
4.697669999999999959e+02 4.050000000000000000e+02 3.350657348632812500e+02
4.701039999999999850e+02 4.800000000000000000e+02 3.350606994628906250e+02
4.704399999999999977e+02 4.450000000000000000e+02 3.350622253417968750e+02
4.707760000000000105e+02 6.360000000000000000e+02 3.350645751953125000e+02
4.711120000000000232e+02 6.860000000000000000e+02 3.350619201660156250e+02
4.714490000000000123e+02 1.119000000000000000e+03 3.350608520507812500e+02
4.717850000000000250e+02 1.332000000000000000e+03 3.350609741210937500e+02
4.721220000000000141e+02 2.445000000000000000e+03 3.350616455078125000e+02
4.724580000000000268e+02 2.652000000000000000e+03 3.350604248046875000e+02
4.727950000000000159e+02 3.162000000000000000e+03 3.350626525878906250e+02
4.731309999999999718e+02 3.527000000000000000e+03 3.350587158203125000e+02
4.734669999999999845e+02 3.354000000000000000e+03 3.350641174316406250e+02
4.738039999999999736e+02 3.133000000000000000e+03 3.350605468750000000e+02
4.741399999999999864e+02 3.259000000000000000e+03 3.350603942871093750e+02
4.744769999999999754e+02 2.790000000000000000e+03 3.350583496093750000e+02
4.748129999999999882e+02 2.322000000000000000e+03 3.350604248046875000e+02
4.751490000000000009e+02 1.829000000000000000e+03 3.350626831054687500e+02
4.754859999999999900e+02 1.541000000000000000e+03 3.350631408691406250e+02
4.758220000000000027e+02 1.295000000000000000e+03 3.350593261718750000e+02
4.761580000000000155e+02 7.990000000000000000e+02 3.350621643066406250e+02
4.764950000000000045e+02 8.340000000000000000e+02 3.350588378906250000e+02
4.768310000000000173e+02 7.750000000000000000e+02 3.350599975585937500e+02
4.771669999999999732e+02 5.530000000000000000e+02 3.350666198730468750e+02
4.775040000000000191e+02 7.630000000000000000e+02 3.350598449707031250e+02
4.778399999999999750e+02 5.470000000000000000e+02 3.350650329589843750e+02
4.781779999999999973e+02 5.050000000000000000e+02 3.350620117187500000e+02
4.785140000000000100e+02 4.550000000000000000e+02 3.350573730468750000e+02
4.788500000000000227e+02 5.920000000000000000e+02 3.350621948242187500e+02
4.791870000000000118e+02 4.780000000000000000e+02 3.350613708496093750e+02
4.795230000000000246e+02 3.730000000000000000e+02 3.350671691894531250e+02
4.798589999999999804e+02 5.370000000000000000e+02 3.350611877441406250e+02
4.801960000000000264e+02 4.180000000000000000e+02 3.350664367675781250e+02
4.805319999999999823e+02 3.720000000000000000e+02 3.350584411621093750e+02
4.808679999999999950e+02 4.050000000000000000e+02 3.350669860839843750e+02
4.812049999999999841e+02 2.430000000000000000e+02 3.350675659179687500e+02
4.815409999999999968e+02 3.020000000000000000e+02 3.350618591308593750e+02
4.818770000000000095e+02 3.370000000000000000e+02 3.350654907226562500e+02
4.822130000000000223e+02 4.450000000000000000e+02 3.350594177246093750e+02
4.825500000000000114e+02 4.580000000000000000e+02 3.350638427734375000e+02
4.828860000000000241e+02 6.600000000000000000e+02 3.350620727539062500e+02
4.832219999999999800e+02 4.600000000000000000e+02 3.350622253417968750e+02
4.835590000000000259e+02 5.390000000000000000e+02 3.350593566894531250e+02
4.838949999999999818e+02 5.150000000000000000e+02 3.350598144531250000e+02
4.842309999999999945e+02 4.790000000000000000e+02 3.350564575195312500e+02
4.845679999999999836e+02 5.610000000000000000e+02 3.350665283203125000e+02
4.849039999999999964e+02 3.680000000000000000e+02 3.350628662109375000e+02
4.852400000000000091e+02 6.940000000000000000e+02 3.350596618652343750e+02
4.855760000000000218e+02 4.490000000000000000e+02 3.350607910156250000e+02
4.859130000000000109e+02 7.360000000000000000e+02 3.350621948242187500e+02
4.862490000000000236e+02 5.840000000000000000e+02 3.350635375976562500e+02
4.865849999999999795e+02 5.020000000000000000e+02 3.350609130859375000e+02
4.869220000000000255e+02 4.150000000000000000e+02 3.350636291503906250e+02
4.872579999999999814e+02 5.000000000000000000e+02 3.350623474121093750e+02
4.875939999999999941e+02 4.700000000000000000e+02 3.350635375976562500e+02
