3.056019999999999754e+02 1.450000000000000000e+02 4.111534423828125000e+02
3.059379999999999882e+02 2.080000000000000000e+02 4.111731262207031250e+02
3.062740000000000009e+02 4.820000000000000000e+02 4.111661376953125000e+02
3.066129999999999995e+02 7.110000000000000000e+02 4.111629638671875000e+02
3.069490000000000123e+02 1.212000000000000000e+03 4.111661376953125000e+02
3.072850000000000250e+02 1.629000000000000000e+03 4.111689758300781250e+02
3.076220000000000141e+02 2.150000000000000000e+03 4.111642761230468750e+02
3.079580000000000268e+02 3.055000000000000000e+03 4.111629333496093750e+02
3.082939999999999827e+02 3.495000000000000000e+03 4.111645812988281250e+02
3.086309999999999718e+02 3.420000000000000000e+03 4.111610717773437500e+02
3.089669999999999845e+02 3.504000000000000000e+03 4.111615600585937500e+02
3.093029999999999973e+02 2.949000000000000000e+03 4.111634216308593750e+02
3.096390000000000100e+02 2.657000000000000000e+03 4.111681213378906250e+02
3.099759999999999991e+02 2.513000000000000000e+03 4.111649475097656250e+02
3.103120000000000118e+02 1.439000000000000000e+03 4.111683654785156250e+02
3.106480000000000246e+02 1.256000000000000000e+03 4.111643066406250000e+02
3.109850000000000136e+02 9.930000000000000000e+02 4.111723022460937500e+02
3.113210000000000264e+02 9.940000000000000000e+02 4.111669006347656250e+02
3.116569999999999823e+02 5.570000000000000000e+02 4.111696777343750000e+02
3.119940000000000282e+02 5.560000000000000000e+02 4.111648559570312500e+02
3.123299999999999841e+02 2.590000000000000000e+02 4.111679077148437500e+02
3.126659999999999968e+02 2.380000000000000000e+02 4.111757202148437500e+02
3.130020000000000095e+02 2.850000000000000000e+02 4.111813049316406250e+02
