6.342659999999999627e+02 2.430000000000000000e+02 5.292542114257812500e+02
6.346019999999999754e+02 4.150000000000000000e+02 5.292459716796875000e+02
6.349379999999999882e+02 7.620000000000000000e+02 5.292622680664062500e+02
6.352740000000000009e+02 9.910000000000000000e+02 5.292485351562500000e+02
6.356100000000000136e+02 1.589000000000000000e+03 5.292510375976562500e+02
6.359460000000000264e+02 1.917000000000000000e+03 5.292540283203125000e+02
6.362820000000000391e+02 2.253000000000000000e+03 5.292528076171875000e+02
6.366180000000000518e+02 1.841000000000000000e+03 5.292537841796875000e+02
6.369539999999999509e+02 2.103000000000000000e+03 5.292528686523437500e+02
6.372899999999999636e+02 2.391000000000000000e+03 5.292519531250000000e+02
6.376259999999999764e+02 2.040000000000000000e+03 5.292524414062500000e+02
6.379619999999999891e+02 1.555000000000000000e+03 5.292503051757812500e+02
6.382980000000000018e+02 1.476000000000000000e+03 5.292505493164062500e+02
6.386340000000000146e+02 1.204000000000000000e+03 5.292474365234375000e+02
6.389700000000000273e+02 1.015000000000000000e+03 5.292540283203125000e+02
6.393060000000000400e+02 9.200000000000000000e+02 5.292491455078125000e+02
6.396480000000000246e+02 6.460000000000000000e+02 5.292516479492187500e+02
6.399840000000000373e+02 6.340000000000000000e+02 5.292556762695312500e+02
6.403200000000000500e+02 3.380000000000000000e+02 5.292527465820312500e+02
6.406559999999999491e+02 3.460000000000000000e+02 5.292635498046875000e+02
6.409919999999999618e+02 1.350000000000000000e+02 5.292637939453125000e+02
6.413279999999999745e+02 2.590000000000000000e+02 5.292534790039062500e+02
6.416639999999999873e+02 1.840000000000000000e+02 5.292482299804687500e+02
6.420000000000000000e+02 1.940000000000000000e+02 5.292574462890625000e+02
