2.776809999999999832e+02 6.100000000000000000e+01 1.350578460693359375e+02
2.780169999999999959e+02 5.500000000000000000e+01 1.350433502197265625e+02
2.783539999999999850e+02 1.010000000000000000e+02 1.350500030517578125e+02
2.786899999999999977e+02 2.330000000000000000e+02 1.350414733886718750e+02
2.790260000000000105e+02 4.660000000000000000e+02 1.350458068847656250e+02
2.793620000000000232e+02 8.210000000000000000e+02 1.350468139648437500e+02
2.796990000000000123e+02 1.773000000000000000e+03 1.350458526611328125e+02
2.800350000000000250e+02 3.726000000000000000e+03 1.350453491210937500e+02
2.803709999999999809e+02 7.184000000000000000e+03 1.350452728271484375e+02
2.807090000000000032e+02 9.755000000000000000e+03 1.350450897216796875e+02
2.810450000000000159e+02 1.198800000000000000e+04 1.350447692871093750e+02
2.813820000000000050e+02 1.580800000000000000e+04 1.350459594726562500e+02
2.817180000000000177e+02 1.696400000000000000e+04 1.350457611083984375e+02
2.820539999999999736e+02 1.674300000000000000e+04 1.350450897216796875e+02
2.823910000000000196e+02 1.616800000000000000e+04 1.350447540283203125e+02
2.827269999999999754e+02 1.393000000000000000e+04 1.350447082519531250e+02
2.830629999999999882e+02 1.316900000000000000e+04 1.350449829101562500e+02
2.833990000000000009e+02 1.084500000000000000e+04 1.350446624755859375e+02
2.837359999999999900e+02 8.329000000000000000e+03 1.350447235107421875e+02
2.840720000000000027e+02 7.091000000000000000e+03 1.350449218750000000e+02
2.844080000000000155e+02 5.192000000000000000e+03 1.350454559326171875e+02
2.847450000000000045e+02 3.596000000000000000e+03 1.350462341308593750e+02
2.850810000000000173e+02 3.045000000000000000e+03 1.350457305908203125e+02
2.854180000000000064e+02 2.242000000000000000e+03 1.350461578369140625e+02
2.857540000000000191e+02 1.827000000000000000e+03 1.350466003417968750e+02
2.860910000000000082e+02 1.661000000000000000e+03 1.350453033447265625e+02
2.864279999999999973e+02 1.029000000000000000e+03 1.350430603027343750e+02
2.867649999999999864e+02 7.260000000000000000e+02 1.350467987060546875e+02
2.871009999999999991e+02 8.370000000000000000e+02 1.350438385009765625e+02
2.874370000000000118e+02 8.680000000000000000e+02 1.350445404052734375e+02
2.877740000000000009e+02 4.970000000000000000e+02 1.350462951660156250e+02
2.881100000000000136e+02 5.480000000000000000e+02 1.350474243164062500e+02
2.884460000000000264e+02 5.090000000000000000e+02 1.350459136962890625e+02
2.887830000000000155e+02 6.160000000000000000e+02 1.350447692871093750e+02
2.891190000000000282e+02 4.290000000000000000e+02 1.350475769042968750e+02
2.894549999999999841e+02 4.770000000000000000e+02 1.350444183349609375e+02
2.897909999999999968e+02 5.000000000000000000e+02 1.350467987060546875e+02
2.901290000000000191e+02 2.340000000000000000e+02 1.350396423339843750e+02
2.904649999999999750e+02 1.800000000000000000e+02 1.350489807128906250e+02
2.908020000000000209e+02 1.760000000000000000e+02 1.350449218750000000e+02
2.911379999999999768e+02 2.350000000000000000e+02 1.350481567382812500e+02
2.914739999999999895e+02 1.830000000000000000e+02 1.350488281250000000e+02
2.918100000000000023e+02 3.060000000000000000e+02 1.350444335937500000e+02
2.921469999999999914e+02 3.270000000000000000e+02 1.350419006347656250e+02
2.924830000000000041e+02 3.770000000000000000e+02 1.350437469482421875e+02
2.928190000000000168e+02 1.530000000000000000e+02 1.350493011474609375e+02
2.931560000000000059e+02 2.620000000000000000e+02 1.350442352294921875e+02
2.934920000000000186e+02 2.060000000000000000e+02 1.350463104248046875e+02
2.938279999999999745e+02 1.570000000000000000e+02 1.350436248779296875e+02
2.941650000000000205e+02 2.230000000000000000e+02 1.350464935302734375e+02
2.945009999999999764e+02 2.520000000000000000e+02 1.350439147949218750e+02
2.948369999999999891e+02 1.500000000000000000e+02 1.350415954589843750e+02
2.951730000000000018e+02 1.460000000000000000e+02 1.350511474609375000e+02
2.955099999999999909e+02 2.170000000000000000e+02 1.350422363281250000e+02
2.958460000000000036e+02 1.870000000000000000e+02 1.350469207763671875e+02
