3.385710000000000264e+02 6.370000000000000000e+02 5.170820312500000000e+02
3.389069999999999823e+02 1.001000000000000000e+03 5.170765380859375000e+02
3.392440000000000282e+02 1.446000000000000000e+03 5.170755615234375000e+02
3.395799999999999841e+02 1.639000000000000000e+03 5.170748291015625000e+02
3.399159999999999968e+02 1.852000000000000000e+03 5.170733642578125000e+02
3.402520000000000095e+02 2.161000000000000000e+03 5.170748901367187500e+02
3.405889999999999986e+02 2.004000000000000000e+03 5.170712890625000000e+02
3.409250000000000114e+02 1.852000000000000000e+03 5.170762939453125000e+02
3.412610000000000241e+02 2.123000000000000000e+03 5.170731201171875000e+02
3.415980000000000132e+02 1.667000000000000000e+03 5.170736083984375000e+02
3.419340000000000259e+02 1.502000000000000000e+03 5.170791625976562500e+02
3.422699999999999818e+02 1.724000000000000000e+03 5.170748901367187500e+02
3.426070000000000277e+02 7.880000000000000000e+02 5.170937500000000000e+02
3.429429999999999836e+02 9.350000000000000000e+02 5.170859375000000000e+02
3.432789999999999964e+02 8.010000000000000000e+02 5.170756835937500000e+02
3.436150000000000091e+02 7.590000000000000000e+02 5.170770263671875000e+02
3.439519999999999982e+02 6.080000000000000000e+02 5.170755004882812500e+02
