9.689579999999999700e+02 8.900000000000000000e+01 4.742947692871093750e+02
9.692939999999999827e+02 3.600000000000000000e+01 4.742965393066406250e+02
9.696359999999999673e+02 1.480000000000000000e+02 4.743059692382812500e+02
9.699719999999999800e+02 6.000000000000000000e+01 4.743171997070312500e+02
9.703079999999999927e+02 1.460000000000000000e+02 4.743045654296875000e+02
9.706440000000000055e+02 2.160000000000000000e+02 4.743053588867187500e+02
9.709800000000000182e+02 1.200000000000000000e+02 4.743124389648437500e+02
9.713160000000000309e+02 1.660000000000000000e+02 4.742995300292968750e+02
9.716520000000000437e+02 7.100000000000000000e+01 4.743167724609375000e+02
9.719880000000000564e+02 1.390000000000000000e+02 4.743102416992187500e+02
9.723239999999999554e+02 3.380000000000000000e+02 4.743179016113281250e+02
9.726599999999999682e+02 3.880000000000000000e+02 4.743086242675781250e+02
9.729959999999999809e+02 1.420000000000000000e+02 4.742958068847656250e+02
9.733319999999999936e+02 3.930000000000000000e+02 4.743021240234375000e+02
9.736680000000000064e+02 5.380000000000000000e+02 4.743096923828125000e+02
9.740099999999999909e+02 6.580000000000000000e+02 4.743182983398437500e+02
9.743460000000000036e+02 8.340000000000000000e+02 4.743128356933593750e+02
9.746820000000000164e+02 9.750000000000000000e+02 4.743191528320312500e+02
9.750180000000000291e+02 1.050000000000000000e+03 4.743147888183593750e+02
9.753540000000000418e+02 1.242000000000000000e+03 4.743134765625000000e+02
9.756900000000000546e+02 1.052000000000000000e+03 4.743121032714843750e+02
9.760259999999999536e+02 1.949000000000000000e+03 4.743113403320312500e+02
9.763619999999999663e+02 2.105000000000000000e+03 4.743124694824218750e+02
9.766979999999999791e+02 1.709000000000000000e+03 4.743150634765625000e+02
9.770339999999999918e+02 1.323000000000000000e+03 4.743153381347656250e+02
9.773700000000000045e+02 1.532000000000000000e+03 4.743128051757812500e+02
9.777060000000000173e+02 1.189000000000000000e+03 4.743085937500000000e+02
9.780420000000000300e+02 1.371000000000000000e+03 4.743151855468750000e+02
9.783780000000000427e+02 7.430000000000000000e+02 4.743198852539062500e+02
9.787140000000000555e+02 8.030000000000000000e+02 4.743130798339843750e+02
9.790499999999999545e+02 8.050000000000000000e+02 4.743165893554687500e+02
9.793859999999999673e+02 6.800000000000000000e+02 4.743155517578125000e+02
9.797219999999999800e+02 4.880000000000000000e+02 4.743144836425781250e+02
9.800639999999999645e+02 3.520000000000000000e+02 4.743140869140625000e+02
9.803999999999999773e+02 5.650000000000000000e+02 4.743149108886718750e+02
9.807359999999999900e+02 2.120000000000000000e+02 4.743152770996093750e+02
9.810720000000000027e+02 1.930000000000000000e+02 4.743137207031250000e+02
9.814080000000000155e+02 1.410000000000000000e+02 4.743042602539062500e+02
