2.033699999999999974e+01 1.980000000000000000e+02 1.849718170166015625e+02
2.067299999999999827e+01 1.410000000000000000e+02 1.849662017822265625e+02
2.100900000000000034e+01 6.800000000000000000e+01 1.849599456787109375e+02
2.134600000000000009e+01 1.780000000000000000e+02 1.849753875732421875e+02
2.168199999999999861e+01 9.600000000000000000e+01 1.849681091308593750e+02
2.201800000000000068e+01 1.830000000000000000e+02 1.849655609130859375e+02
2.235500000000000043e+01 1.400000000000000000e+02 1.849721069335937500e+02
2.269099999999999895e+01 4.100000000000000000e+01 1.849672088623046875e+02
2.302700000000000102e+01 1.900000000000000000e+02 1.849726867675781250e+02
2.336400000000000077e+01 2.630000000000000000e+02 1.849653472900390625e+02
2.369999999999999929e+01 2.230000000000000000e+02 1.849662628173828125e+02
2.403800000000000026e+01 5.040000000000000000e+02 1.849597015380859375e+02
2.437399999999999878e+01 4.650000000000000000e+02 1.849638214111328125e+02
2.471000000000000085e+01 1.201000000000000000e+03 1.849598236083984375e+02
2.504700000000000060e+01 1.228000000000000000e+03 1.849594573974609375e+02
2.538299999999999912e+01 1.570000000000000000e+03 1.849590759277343750e+02
2.571900000000000119e+01 1.940000000000000000e+03 1.849584350585937500e+02
2.605600000000000094e+01 2.028000000000000000e+03 1.849598541259765625e+02
2.639199999999999946e+01 1.939000000000000000e+03 1.849600830078125000e+02
2.672800000000000153e+01 1.927000000000000000e+03 1.849598846435546875e+02
2.706400000000000006e+01 1.911000000000000000e+03 1.849617309570312500e+02
2.740099999999999980e+01 1.752000000000000000e+03 1.849611511230468750e+02
2.773699999999999832e+01 1.141000000000000000e+03 1.849603881835937500e+02
2.807300000000000040e+01 6.840000000000000000e+02 1.849633483886718750e+02
2.841000000000000014e+01 7.270000000000000000e+02 1.849591522216796875e+02
2.874599999999999866e+01 4.570000000000000000e+02 1.849648437500000000e+02
2.908200000000000074e+01 3.860000000000000000e+02 1.849615478515625000e+02
2.941900000000000048e+01 2.030000000000000000e+02 1.849709472656250000e+02
