2.023290000000000077e+02 1.044000000000000000e+03 3.781719970703125000e+02
2.026659999999999968e+02 1.074000000000000000e+03 3.781640319824218750e+02
2.030020000000000095e+02 1.292000000000000000e+03 3.781737976074218750e+02
2.033379999999999939e+02 1.099000000000000000e+03 3.781792907714843750e+02
2.036750000000000114e+02 1.445000000000000000e+03 3.781764526367187500e+02
2.040109999999999957e+02 1.474000000000000000e+03 3.781778564453125000e+02
2.043470000000000084e+02 1.377000000000000000e+03 3.781788635253906250e+02
2.046829999999999927e+02 1.703000000000000000e+03 3.781791076660156250e+02
2.050200000000000102e+02 1.594000000000000000e+03 3.781806030273437500e+02
2.053569999999999993e+02 1.264000000000000000e+03 3.781771545410156250e+02
2.056949999999999932e+02 1.391000000000000000e+03 3.781780395507812500e+02
2.060320000000000107e+02 1.754000000000000000e+03 3.781785888671875000e+02
2.063679999999999950e+02 1.489000000000000000e+03 3.781783752441406250e+02
2.067050000000000125e+02 1.391000000000000000e+03 3.781789550781250000e+02
2.070409999999999968e+02 1.465000000000000000e+03 3.781798706054687500e+02
2.073779999999999859e+02 1.291000000000000000e+03 3.781800231933593750e+02
2.077139999999999986e+02 1.237000000000000000e+03 3.781784057617187500e+02
2.080500000000000114e+02 1.272000000000000000e+03 3.781751403808593750e+02
2.083870000000000005e+02 1.221000000000000000e+03 3.781778564453125000e+02
2.087230000000000132e+02 1.202000000000000000e+03 3.781799926757812500e+02
2.090589999999999975e+02 8.650000000000000000e+02 3.781826477050781250e+02
2.093959999999999866e+02 5.550000000000000000e+02 3.781846313476562500e+02
2.097319999999999993e+02 6.710000000000000000e+02 3.781762695312500000e+02
2.100680000000000121e+02 4.570000000000000000e+02 3.781784667968750000e+02
2.104050000000000011e+02 3.690000000000000000e+02 3.781782531738281250e+02
2.107410000000000139e+02 2.900000000000000000e+02 3.781787719726562500e+02
2.110769999999999982e+02 1.510000000000000000e+02 3.781855773925781250e+02
2.114130000000000109e+02 2.420000000000000000e+02 3.781838073730468750e+02
2.117500000000000000e+02 1.850000000000000000e+02 3.781745910644531250e+02
2.120860000000000127e+02 1.440000000000000000e+02 3.781749267578125000e+02
2.124219999999999970e+02 1.830000000000000000e+02 3.781703186035156250e+02
2.127589999999999861e+02 2.750000000000000000e+02 3.781747741699218750e+02
