3.177299999999999969e+01 4.640000000000000000e+02 3.790649719238281250e+02
3.210900000000000176e+01 1.052000000000000000e+03 3.790579223632812500e+02
3.244500000000000028e+01 1.039000000000000000e+03 3.790615844726562500e+02
3.278199999999999648e+01 1.100000000000000000e+03 3.790604553222656250e+02
3.311899999999999977e+01 1.206000000000000000e+03 3.790615234375000000e+02
3.345499999999999829e+01 1.419000000000000000e+03 3.790625305175781250e+02
3.379200000000000159e+01 1.307000000000000000e+03 3.790603942871093750e+02
3.413000000000000256e+01 1.259000000000000000e+03 3.790598754882812500e+02
3.446600000000000108e+01 1.502000000000000000e+03 3.790631408691406250e+02
3.480199999999999960e+01 1.466000000000000000e+03 3.790569763183593750e+02
3.513799999999999812e+01 1.439000000000000000e+03 3.790604248046875000e+02
3.547500000000000142e+01 1.414000000000000000e+03 3.790649414062500000e+02
3.581099999999999994e+01 1.393000000000000000e+03 3.790585632324218750e+02
3.614699999999999847e+01 1.203000000000000000e+03 3.790535583496093750e+02
3.648400000000000176e+01 1.730000000000000000e+03 3.790583190917968750e+02
3.682000000000000028e+01 1.158000000000000000e+03 3.790460815429687500e+02
3.715599999999999881e+01 1.209000000000000000e+03 3.790476684570312500e+02
3.749300000000000210e+01 1.055000000000000000e+03 3.790491333007812500e+02
3.782900000000000063e+01 1.118000000000000000e+03 3.790487670898437500e+02
3.816499999999999915e+01 1.126000000000000000e+03 3.790496826171875000e+02
3.850200000000000244e+01 7.150000000000000000e+02 3.790415954589843750e+02
3.883800000000000097e+01 8.810000000000000000e+02 3.790434265136718750e+02
3.917399999999999949e+01 7.780000000000000000e+02 3.790407714843750000e+02
3.950999999999999801e+01 8.550000000000000000e+02 3.790409240722656250e+02
3.984700000000000131e+01 7.760000000000000000e+02 3.790422363281250000e+02
4.018299999999999983e+01 9.550000000000000000e+02 3.790457763671875000e+02
