9.662699999999999818e+02 2.665000000000000000e+03 7.425297851562500000e+02
9.666059999999999945e+02 2.162000000000000000e+03 7.425314941406250000e+02
9.669420000000000073e+02 2.180000000000000000e+03 7.425390014648437500e+02
9.672780000000000200e+02 1.985000000000000000e+03 7.425333251953125000e+02
9.676140000000000327e+02 2.083000000000000000e+03 7.425334472656250000e+02
9.679500000000000455e+02 2.119000000000000000e+03 7.425312500000000000e+02
9.682859999999999445e+02 2.009000000000000000e+03 7.425329589843750000e+02
9.686219999999999573e+02 2.056000000000000000e+03 7.425330810546875000e+02
9.689579999999999700e+02 1.925000000000000000e+03 7.425351562500000000e+02
9.692939999999999827e+02 1.828000000000000000e+03 7.425402832031250000e+02
9.696359999999999673e+02 2.003000000000000000e+03 7.425407104492187500e+02
9.699719999999999800e+02 2.088000000000000000e+03 7.425347290039062500e+02
9.703079999999999927e+02 2.158000000000000000e+03 7.425305786132812500e+02
9.706440000000000055e+02 2.080000000000000000e+03 7.425312500000000000e+02
9.709800000000000182e+02 2.376000000000000000e+03 7.425354003906250000e+02
9.713160000000000309e+02 2.003000000000000000e+03 7.425311889648437500e+02
9.716520000000000437e+02 1.664000000000000000e+03 7.425341796875000000e+02
9.719880000000000564e+02 1.816000000000000000e+03 7.425328369140625000e+02
9.723239999999999554e+02 1.875000000000000000e+03 7.425345458984375000e+02
9.726599999999999682e+02 1.982000000000000000e+03 7.425313720703125000e+02
9.729959999999999809e+02 1.925000000000000000e+03 7.425324707031250000e+02
9.733319999999999936e+02 1.722000000000000000e+03 7.425363769531250000e+02
9.736680000000000064e+02 1.801000000000000000e+03 7.425339355468750000e+02
9.740099999999999909e+02 1.845000000000000000e+03 7.425310058593750000e+02
9.743460000000000036e+02 1.839000000000000000e+03 7.425381469726562500e+02
9.746820000000000164e+02 1.853000000000000000e+03 7.425344848632812500e+02
9.750180000000000291e+02 1.976000000000000000e+03 7.425355834960937500e+02
9.753540000000000418e+02 1.784000000000000000e+03 7.425325927734375000e+02
9.756900000000000546e+02 2.047000000000000000e+03 7.425292968750000000e+02
9.760259999999999536e+02 1.649000000000000000e+03 7.425317382812500000e+02
9.763619999999999663e+02 1.870000000000000000e+03 7.425333862304687500e+02
9.766979999999999791e+02 1.612000000000000000e+03 7.425306396484375000e+02
9.770339999999999918e+02 1.797000000000000000e+03 7.425349121093750000e+02
9.773700000000000045e+02 1.948000000000000000e+03 7.425336303710937500e+02
9.777060000000000173e+02 1.624000000000000000e+03 7.425327148437500000e+02
9.780420000000000300e+02 1.765000000000000000e+03 7.425359497070312500e+02
9.783780000000000427e+02 1.764000000000000000e+03 7.425306396484375000e+02
9.787140000000000555e+02 1.746000000000000000e+03 7.425362548828125000e+02
9.790499999999999545e+02 1.377000000000000000e+03 7.425361938476562500e+02
9.793859999999999673e+02 1.735000000000000000e+03 7.425293579101562500e+02
9.797219999999999800e+02 1.716000000000000000e+03 7.425322875976562500e+02
9.800639999999999645e+02 1.706000000000000000e+03 7.425303955078125000e+02
9.803999999999999773e+02 1.883000000000000000e+03 7.425299682617187500e+02
9.807359999999999900e+02 1.387000000000000000e+03 7.425349731445312500e+02
9.810720000000000027e+02 1.729000000000000000e+03 7.425322875976562500e+02
9.814080000000000155e+02 1.519000000000000000e+03 7.425330200195312500e+02
9.817440000000000282e+02 1.711000000000000000e+03 7.425413818359375000e+02
9.820800000000000409e+02 1.705000000000000000e+03 7.425386962890625000e+02
9.824160000000000537e+02 1.525000000000000000e+03 7.425383911132812500e+02
9.827519999999999527e+02 1.510000000000000000e+03 7.425316772460937500e+02
9.830879999999999654e+02 1.422000000000000000e+03 7.425351562500000000e+02
9.834239999999999782e+02 1.589000000000000000e+03 7.425391845703125000e+02
9.837599999999999909e+02 1.530000000000000000e+03 7.425374145507812500e+02
9.840960000000000036e+02 1.635000000000000000e+03 7.425405883789062500e+02
9.844379999999999882e+02 1.420000000000000000e+03 7.425371093750000000e+02
9.847740000000000009e+02 1.498000000000000000e+03 7.425410156250000000e+02
9.851100000000000136e+02 1.489000000000000000e+03 7.425314331054687500e+02
9.854460000000000264e+02 1.503000000000000000e+03 7.425328369140625000e+02
9.857820000000000391e+02 1.589000000000000000e+03 7.425347900390625000e+02
9.861180000000000518e+02 9.830000000000000000e+02 7.425352783203125000e+02
9.864539999999999509e+02 1.294000000000000000e+03 7.425363159179687500e+02
9.867899999999999636e+02 1.507000000000000000e+03 7.425390014648437500e+02
9.871259999999999764e+02 1.354000000000000000e+03 7.425314941406250000e+02
9.874619999999999891e+02 1.514000000000000000e+03 7.425330200195312500e+02
9.877980000000000018e+02 1.346000000000000000e+03 7.425344238281250000e+02
9.881340000000000146e+02 1.554000000000000000e+03 7.425401000976562500e+02
9.884700000000000273e+02 1.262000000000000000e+03 7.425363769531250000e+02
9.888060000000000400e+02 1.219000000000000000e+03 7.425368652343750000e+02
9.891420000000000528e+02 1.411000000000000000e+03 7.425368041992187500e+02
9.894779999999999518e+02 1.573000000000000000e+03 7.425305175781250000e+02
9.898139999999999645e+02 1.245000000000000000e+03 7.425335693359375000e+02
9.901499999999999773e+02 1.298000000000000000e+03 7.425324096679687500e+02
9.904859999999999900e+02 1.209000000000000000e+03 7.425346679687500000e+02
9.908220000000000027e+02 1.523000000000000000e+03 7.425355834960937500e+02
9.911580000000000155e+02 1.244000000000000000e+03 7.425349731445312500e+02
9.915000000000000000e+02 1.258000000000000000e+03 7.425375366210937500e+02
9.918300000000000409e+02 1.171000000000000000e+03 7.425342407226562500e+02
9.921720000000000255e+02 9.730000000000000000e+02 7.425384521484375000e+02
9.925080000000000382e+02 1.114000000000000000e+03 7.425375366210937500e+02
9.928440000000000509e+02 1.102000000000000000e+03 7.425396728515625000e+02
9.931799999999999500e+02 9.860000000000000000e+02 7.425346679687500000e+02
9.935159999999999627e+02 1.325000000000000000e+03 7.425297241210937500e+02
9.938519999999999754e+02 1.201000000000000000e+03 7.425339965820312500e+02
9.941879999999999882e+02 1.214000000000000000e+03 7.425391235351562500e+02
9.945240000000000009e+02 1.171000000000000000e+03 7.425371093750000000e+02
9.948659999999999854e+02 1.152000000000000000e+03 7.425372924804687500e+02
9.952019999999999982e+02 1.212000000000000000e+03 7.425307006835937500e+02
9.955380000000000109e+02 1.127000000000000000e+03 7.425300292968750000e+02
