2.618709999999999809e+02 2.250000000000000000e+02 6.841595458984375000e+02
2.622069999999999936e+02 3.600000000000000000e+02 6.841562500000000000e+02
2.625439999999999827e+02 7.950000000000000000e+02 6.841616210937500000e+02
2.628799999999999955e+02 9.920000000000000000e+02 6.841650390625000000e+02
2.632160000000000082e+02 1.081000000000000000e+03 6.841724853515625000e+02
2.635529999999999973e+02 1.326000000000000000e+03 6.841590576171875000e+02
2.638890000000000100e+02 1.561000000000000000e+03 6.841680297851562500e+02
2.642250000000000227e+02 1.556000000000000000e+03 6.841651611328125000e+02
2.645620000000000118e+02 1.725000000000000000e+03 6.841630249023437500e+02
2.648980000000000246e+02 1.149000000000000000e+03 6.841635742187500000e+02
2.652339999999999804e+02 9.710000000000000000e+02 6.841599121093750000e+02
2.655699999999999932e+02 6.450000000000000000e+02 6.841621093750000000e+02
2.659069999999999823e+02 4.210000000000000000e+02 6.841548461914062500e+02
2.662450000000000045e+02 2.550000000000000000e+02 6.841575927734375000e+02
2.665810000000000173e+02 2.430000000000000000e+02 6.841542968750000000e+02
2.669169999999999732e+02 2.890000000000000000e+02 6.841663818359375000e+02
2.672529999999999859e+02 1.710000000000000000e+02 6.841539306640625000e+02
2.675899999999999750e+02 1.010000000000000000e+02 6.841539306640625000e+02
