4.590200000000000102e+01 4.200000000000000000e+02 1.590027465820312500e+02
4.623799999999999955e+01 5.280000000000000000e+02 1.589993286132812500e+02
4.657399999999999807e+01 4.590000000000000000e+02 1.590058288574218750e+02
4.691100000000000136e+01 5.030000000000000000e+02 1.590014190673828125e+02
4.724699999999999989e+01 4.120000000000000000e+02 1.590024566650390625e+02
4.758299999999999841e+01 5.290000000000000000e+02 1.590054321289062500e+02
4.792000000000000171e+01 3.370000000000000000e+02 1.590026855468750000e+02
4.825600000000000023e+01 4.700000000000000000e+02 1.589983367919921875e+02
4.859199999999999875e+01 4.750000000000000000e+02 1.590063934326171875e+02
4.892900000000000205e+01 3.510000000000000000e+02 1.590054016113281250e+02
4.926500000000000057e+01 5.160000000000000000e+02 1.590104370117187500e+02
4.960199999999999676e+01 3.550000000000000000e+02 1.590105285644531250e+02
4.993800000000000239e+01 4.180000000000000000e+02 1.590047454833984375e+02
5.027400000000000091e+01 4.920000000000000000e+02 1.590080566406250000e+02
5.061099999999999710e+01 3.800000000000000000e+02 1.590101470947265625e+02
5.094700000000000273e+01 3.200000000000000000e+02 1.590041198730468750e+02
5.128300000000000125e+01 4.000000000000000000e+02 1.590025482177734375e+02
5.161899999999999977e+01 6.600000000000000000e+02 1.590072784423828125e+02
5.195600000000000307e+01 6.690000000000000000e+02 1.590028839111328125e+02
5.229200000000000159e+01 3.950000000000000000e+02 1.590056762695312500e+02
5.262800000000000011e+01 4.710000000000000000e+02 1.590024719238281250e+02
5.296500000000000341e+01 3.870000000000000000e+02 1.590044555664062500e+02
5.330100000000000193e+01 4.830000000000000000e+02 1.590019683837890625e+02
5.363700000000000045e+01 3.780000000000000000e+02 1.589988708496093750e+02
5.397399999999999665e+01 4.170000000000000000e+02 1.589984130859375000e+02
5.431099999999999994e+01 5.890000000000000000e+02 1.590005035400390625e+02
5.464800000000000324e+01 5.680000000000000000e+02 1.590014801025390625e+02
5.498400000000000176e+01 7.930000000000000000e+02 1.590008392333984375e+02
5.532000000000000028e+01 5.200000000000000000e+02 1.590007171630859375e+02
5.565699999999999648e+01 8.950000000000000000e+02 1.589956359863281250e+02
5.599300000000000210e+01 6.880000000000000000e+02 1.589971008300781250e+02
5.632900000000000063e+01 7.690000000000000000e+02 1.589968872070312500e+02
5.666599999999999682e+01 1.005000000000000000e+03 1.589993591308593750e+02
5.700200000000000244e+01 8.640000000000000000e+02 1.589995269775390625e+02
5.733800000000000097e+01 9.900000000000000000e+02 1.589968872070312500e+02
5.767399999999999949e+01 9.210000000000000000e+02 1.589979858398437500e+02
5.801100000000000279e+01 1.035000000000000000e+03 1.589994049072265625e+02
5.834700000000000131e+01 1.175000000000000000e+03 1.589965820312500000e+02
5.868299999999999983e+01 1.109000000000000000e+03 1.589977264404296875e+02
5.902000000000000313e+01 1.522000000000000000e+03 1.589972076416015625e+02
5.935600000000000165e+01 1.167000000000000000e+03 1.589979248046875000e+02
5.969200000000000017e+01 1.317000000000000000e+03 1.589945526123046875e+02
6.002879999999999683e+01 1.672000000000000000e+03 1.589990081787109375e+02
6.036480000000000246e+01 1.490000000000000000e+03 1.589982299804687500e+02
6.070199999999999818e+01 1.701000000000000000e+03 1.589965972900390625e+02
6.103799999999999670e+01 1.086000000000000000e+03 1.589985504150390625e+02
6.137519999999999953e+01 1.445000000000000000e+03 1.589940185546875000e+02
6.171119999999999806e+01 1.323000000000000000e+03 1.589971771240234375e+02
6.204719999999999658e+01 1.281000000000000000e+03 1.589964752197265625e+02
6.238380000000000081e+01 1.436000000000000000e+03 1.589978637695312500e+02
6.271979999999999933e+01 1.246000000000000000e+03 1.589972839355468750e+02
6.305579999999999785e+01 1.256000000000000000e+03 1.589974670410156250e+02
6.339300000000000068e+01 1.329000000000000000e+03 1.589968414306640625e+02
6.372899999999999920e+01 1.183000000000000000e+03 1.590008544921875000e+02
6.406619999999999493e+01 1.131000000000000000e+03 1.589992218017578125e+02
6.440399999999999636e+01 1.255000000000000000e+03 1.589984588623046875e+02
6.473999999999999488e+01 8.430000000000000000e+02 1.589993133544921875e+02
6.507720000000000482e+01 5.590000000000000000e+02 1.590011749267578125e+02
6.541320000000000334e+01 6.940000000000000000e+02 1.589982604980468750e+02
6.574979999999999336e+01 5.520000000000000000e+02 1.589996948242187500e+02
6.608580000000000609e+01 7.360000000000000000e+02 1.589984283447265625e+02
6.642180000000000462e+01 5.800000000000000000e+02 1.589997863769531250e+02
6.675900000000000034e+01 5.460000000000000000e+02 1.589965972900390625e+02
6.709619999999999607e+01 6.390000000000000000e+02 1.589998931884765625e+02
6.743219999999999459e+01 5.030000000000000000e+02 1.589998931884765625e+02
6.776819999999999311e+01 3.830000000000000000e+02 1.590038299560546875e+02
6.810479999999999734e+01 5.580000000000000000e+02 1.589964447021484375e+02
6.844079999999999586e+01 6.150000000000000000e+02 1.589992370605468750e+02
6.877679999999999438e+01 4.940000000000000000e+02 1.589973754882812500e+02
6.911400000000000432e+01 4.950000000000000000e+02 1.590015258789062500e+02
6.945000000000000284e+01 4.500000000000000000e+02 1.589975433349609375e+02
6.978600000000000136e+01 4.730000000000000000e+02 1.589974060058593750e+02
7.012199999999999989e+01 5.000000000000000000e+02 1.589999084472656250e+02
7.045919999999999561e+01 5.710000000000000000e+02 1.589972229003906250e+02
7.079519999999999413e+01 6.190000000000000000e+02 1.589994964599609375e+02
7.113120000000000687e+01 4.950000000000000000e+02 1.589974060058593750e+02
7.146779999999999688e+01 6.050000000000000000e+02 1.589983978271484375e+02
7.180379999999999541e+01 5.320000000000000000e+02 1.589996032714843750e+02
7.213979999999999393e+01 5.120000000000000000e+02 1.589957580566406250e+02
7.247700000000000387e+01 5.460000000000000000e+02 1.589972381591796875e+02
7.281300000000000239e+01 4.130000000000000000e+02 1.590010833740234375e+02
7.314900000000000091e+01 4.970000000000000000e+02 1.589977111816406250e+02
7.348619999999999663e+01 4.860000000000000000e+02 1.589978332519531250e+02
7.382219999999999516e+01 3.480000000000000000e+02 1.589939880371093750e+02
7.415819999999999368e+01 4.040000000000000000e+02 1.589943542480468750e+02
7.449599999999999511e+01 4.620000000000000000e+02 1.589948425292968750e+02
7.483199999999999363e+01 4.900000000000000000e+02 1.590011291503906250e+02
7.516920000000000357e+01 3.850000000000000000e+02 1.590006408691406250e+02
