2.235500000000000043e+01 3.500000000000000000e+01 1.869261474609375000e+02
2.269099999999999895e+01 2.600000000000000000e+01 1.869315490722656250e+02
2.302700000000000102e+01 7.800000000000000000e+01 1.869313049316406250e+02
2.336400000000000077e+01 4.500000000000000000e+01 1.869344177246093750e+02
2.369999999999999929e+01 1.850000000000000000e+02 1.869209442138671875e+02
2.403800000000000026e+01 4.240000000000000000e+02 1.869245300292968750e+02
2.437399999999999878e+01 6.170000000000000000e+02 1.869237823486328125e+02
2.471000000000000085e+01 8.640000000000000000e+02 1.869243164062500000e+02
2.504700000000000060e+01 1.342000000000000000e+03 1.869229125976562500e+02
2.538299999999999912e+01 1.440000000000000000e+03 1.869237365722656250e+02
2.571900000000000119e+01 1.209000000000000000e+03 1.869231567382812500e+02
2.605600000000000094e+01 1.057000000000000000e+03 1.869245605468750000e+02
2.639199999999999946e+01 1.141000000000000000e+03 1.869243927001953125e+02
2.672800000000000153e+01 1.157000000000000000e+03 1.869263458251953125e+02
2.706400000000000006e+01 9.000000000000000000e+02 1.869232635498046875e+02
2.740099999999999980e+01 8.630000000000000000e+02 1.869251251220703125e+02
2.773699999999999832e+01 9.140000000000000000e+02 1.869265594482421875e+02
2.807300000000000040e+01 5.900000000000000000e+02 1.869264221191406250e+02
2.841000000000000014e+01 5.610000000000000000e+02 1.869239654541015625e+02
