2.867649999999999864e+02 4.330000000000000000e+02 5.130535888671875000e+02
2.871009999999999991e+02 6.850000000000000000e+02 5.130720825195312500e+02
2.874370000000000118e+02 7.830000000000000000e+02 5.130731811523437500e+02
2.877740000000000009e+02 8.610000000000000000e+02 5.130745849609375000e+02
2.881100000000000136e+02 7.960000000000000000e+02 5.130853881835937500e+02
2.884460000000000264e+02 8.340000000000000000e+02 5.130778198242187500e+02
2.887830000000000155e+02 1.030000000000000000e+03 5.130772094726562500e+02
2.891190000000000282e+02 7.420000000000000000e+02 5.130827636718750000e+02
2.894549999999999841e+02 7.270000000000000000e+02 5.130796508789062500e+02
2.897909999999999968e+02 1.105000000000000000e+03 5.130874023437500000e+02
2.901290000000000191e+02 9.810000000000000000e+02 5.130827636718750000e+02
2.904649999999999750e+02 1.147000000000000000e+03 5.130789794921875000e+02
2.908020000000000209e+02 1.059000000000000000e+03 5.130795898437500000e+02
2.911379999999999768e+02 1.075000000000000000e+03 5.130812377929687500e+02
2.914739999999999895e+02 1.233000000000000000e+03 5.130724487304687500e+02
2.918100000000000023e+02 1.077000000000000000e+03 5.130674438476562500e+02
2.921469999999999914e+02 1.040000000000000000e+03 5.130706176757812500e+02
2.924830000000000041e+02 1.158000000000000000e+03 5.130756225585937500e+02
2.928190000000000168e+02 1.355000000000000000e+03 5.130722045898437500e+02
2.931560000000000059e+02 1.130000000000000000e+03 5.130730590820312500e+02
2.934920000000000186e+02 1.198000000000000000e+03 5.130651245117187500e+02
2.938279999999999745e+02 1.086000000000000000e+03 5.130665283203125000e+02
2.941650000000000205e+02 9.300000000000000000e+02 5.130673217773437500e+02
2.945009999999999764e+02 9.390000000000000000e+02 5.130656127929687500e+02
2.948369999999999891e+02 6.610000000000000000e+02 5.130659179687500000e+02
2.951730000000000018e+02 5.110000000000000000e+02 5.130729980468750000e+02
2.955099999999999909e+02 5.950000000000000000e+02 5.130526123046875000e+02
2.958460000000000036e+02 3.370000000000000000e+02 5.130759887695312500e+02
2.961829999999999927e+02 1.560000000000000000e+02 5.130642089843750000e+02
