1.579279999999999973e+02 1.860000000000000000e+02 1.300642852783203125e+02
1.582649999999999864e+02 1.580000000000000000e+02 1.300633544921875000e+02
1.586009999999999991e+02 1.350000000000000000e+02 1.300685882568359375e+02
1.589370000000000118e+02 1.650000000000000000e+02 1.300577239990234375e+02
1.592740000000000009e+02 2.100000000000000000e+02 1.300633697509765625e+02
1.596100000000000136e+02 2.000000000000000000e+02 1.300625152587890625e+02
1.599470000000000027e+02 1.890000000000000000e+02 1.300601348876953125e+02
1.602829999999999870e+02 1.070000000000000000e+02 1.300616455078125000e+02
1.606189999999999998e+02 1.640000000000000000e+02 1.300652923583984375e+02
1.609550000000000125e+02 1.880000000000000000e+02 1.300673980712890625e+02
1.612920000000000016e+02 2.050000000000000000e+02 1.300613708496093750e+02
1.616279999999999859e+02 1.600000000000000000e+02 1.300574798583984375e+02
1.619639999999999986e+02 1.170000000000000000e+02 1.300574798583984375e+02
1.623009999999999877e+02 8.100000000000000000e+01 1.300766754150390625e+02
1.626370000000000005e+02 1.330000000000000000e+02 1.300706176757812500e+02
1.629730000000000132e+02 3.590000000000000000e+02 1.300670166015625000e+02
1.633100000000000023e+02 6.890000000000000000e+02 1.300637054443359375e+02
1.636459999999999866e+02 2.209000000000000000e+03 1.300649871826171875e+02
1.639819999999999993e+02 2.958000000000000000e+03 1.300659332275390625e+02
1.643180000000000121e+02 4.243000000000000000e+03 1.300655517578125000e+02
1.646550000000000011e+02 5.727000000000000000e+03 1.300658874511718750e+02
1.649910000000000139e+02 6.121000000000000000e+03 1.300657348632812500e+02
1.653290000000000077e+02 7.595000000000000000e+03 1.300661926269531250e+02
1.656649999999999920e+02 8.908000000000000000e+03 1.300661773681640625e+02
1.660020000000000095e+02 8.715000000000000000e+03 1.300658721923828125e+02
1.663379999999999939e+02 9.708000000000000000e+03 1.300662994384765625e+02
1.666740000000000066e+02 9.681000000000000000e+03 1.300663146972656250e+02
1.670109999999999957e+02 9.750000000000000000e+03 1.300657501220703125e+02
1.673470000000000084e+02 1.026400000000000000e+04 1.300657653808593750e+02
1.676829999999999927e+02 1.064500000000000000e+04 1.300656433105468750e+02
1.680190000000000055e+02 1.059400000000000000e+04 1.300661468505859375e+02
1.683559999999999945e+02 1.055700000000000000e+04 1.300662384033203125e+02
1.686920000000000073e+02 1.033600000000000000e+04 1.300664367675781250e+02
1.690279999999999916e+02 1.048300000000000000e+04 1.300667114257812500e+02
1.693650000000000091e+02 9.483000000000000000e+03 1.300660552978515625e+02
1.697009999999999934e+02 9.446000000000000000e+03 1.300659332275390625e+02
1.700370000000000061e+02 8.523000000000000000e+03 1.300654602050781250e+02
1.703739999999999952e+02 7.403000000000000000e+03 1.300663757324218750e+02
1.707100000000000080e+02 5.741000000000000000e+03 1.300658416748046875e+02
1.710459999999999923e+02 5.788000000000000000e+03 1.300650024414062500e+02
1.713830000000000098e+02 5.509000000000000000e+03 1.300656280517578125e+02
1.717189999999999941e+02 4.421000000000000000e+03 1.300667572021484375e+02
1.720550000000000068e+02 3.684000000000000000e+03 1.300665893554687500e+02
1.723919999999999959e+02 3.162000000000000000e+03 1.300653076171875000e+02
1.727280000000000086e+02 2.424000000000000000e+03 1.300661468505859375e+02
1.730639999999999930e+02 2.792000000000000000e+03 1.300666198730468750e+02
1.734000000000000057e+02 2.100000000000000000e+03 1.300667724609375000e+02
1.737369999999999948e+02 1.695000000000000000e+03 1.300644226074218750e+02
1.740730000000000075e+02 1.394000000000000000e+03 1.300662384033203125e+02
1.744089999999999918e+02 1.606000000000000000e+03 1.300657196044921875e+02
1.747460000000000093e+02 1.044000000000000000e+03 1.300679168701171875e+02
1.750829999999999984e+02 6.970000000000000000e+02 1.300692596435546875e+02
1.754209999999999923e+02 1.119000000000000000e+03 1.300666198730468750e+02
1.757570000000000050e+02 9.480000000000000000e+02 1.300664367675781250e+02
1.760939999999999941e+02 9.530000000000000000e+02 1.300653228759765625e+02
1.764300000000000068e+02 8.520000000000000000e+02 1.300652618408203125e+02
1.767659999999999911e+02 7.350000000000000000e+02 1.300642852783203125e+02
1.771030000000000086e+02 6.340000000000000000e+02 1.300667266845703125e+02
1.774389999999999930e+02 6.400000000000000000e+02 1.300638885498046875e+02
1.777750000000000057e+02 9.190000000000000000e+02 1.300661163330078125e+02
1.781109999999999900e+02 7.080000000000000000e+02 1.300651245117187500e+02
1.784480000000000075e+02 7.160000000000000000e+02 1.300659637451171875e+02
1.787839999999999918e+02 7.720000000000000000e+02 1.300656738281250000e+02
1.791200000000000045e+02 6.250000000000000000e+02 1.300629730224609375e+02
1.794569999999999936e+02 7.620000000000000000e+02 1.300632019042968750e+02
1.797930000000000064e+02 6.360000000000000000e+02 1.300643157958984375e+02
1.801289999999999907e+02 5.720000000000000000e+02 1.300657043457031250e+02
1.804660000000000082e+02 5.090000000000000000e+02 1.300684661865234375e+02
1.808019999999999925e+02 5.860000000000000000e+02 1.300646667480468750e+02
1.811380000000000052e+02 5.230000000000000000e+02 1.300669555664062500e+02
1.814739999999999895e+02 7.570000000000000000e+02 1.300650482177734375e+02
1.818110000000000070e+02 5.210000000000000000e+02 1.300663299560546875e+02
1.821469999999999914e+02 4.020000000000000000e+02 1.300668640136718750e+02
