2.774200000000000088e+01 8.600000000000000000e+01 2.581023864746093750e+02
2.807900000000000063e+01 7.000000000000000000e+01 2.581179809570312500e+02
2.841499999999999915e+01 7.900000000000000000e+01 2.581017150878906250e+02
2.875100000000000122e+01 4.900000000000000000e+01 2.581139526367187500e+02
2.908800000000000097e+01 8.100000000000000000e+01 2.580955810546875000e+02
2.942399999999999949e+01 2.330000000000000000e+02 2.581134948730468750e+02
2.976000000000000156e+01 3.750000000000000000e+02 2.581131286621093750e+02
3.009600000000000009e+01 5.400000000000000000e+02 2.581108398437500000e+02
3.043299999999999983e+01 7.970000000000000000e+02 2.581138000488281250e+02
3.076899999999999835e+01 1.127000000000000000e+03 2.581079406738281250e+02
3.110500000000000043e+01 9.540000000000000000e+02 2.581074218750000000e+02
3.144200000000000017e+01 1.186000000000000000e+03 2.581097412109375000e+02
3.177799999999999869e+01 8.610000000000000000e+02 2.581121520996093750e+02
3.211599999999999966e+01 8.380000000000000000e+02 2.581092834472656250e+02
3.245199999999999818e+01 8.750000000000000000e+02 2.581090087890625000e+02
3.278799999999999670e+01 8.680000000000000000e+02 2.581061706542968750e+02
3.312500000000000000e+01 4.930000000000000000e+02 2.581119079589843750e+02
3.346099999999999852e+01 5.000000000000000000e+02 2.581087951660156250e+02
3.379699999999999704e+01 5.980000000000000000e+02 2.581093139648437500e+02
3.413400000000000034e+01 4.570000000000000000e+02 2.581098937988281250e+02
3.446999999999999886e+01 3.680000000000000000e+02 2.580986938476562500e+02
3.480599999999999739e+01 3.530000000000000000e+02 2.581138000488281250e+02
3.514200000000000301e+01 3.080000000000000000e+02 2.580932922363281250e+02
