2.605999999999999872e+01 2.900000000000000000e+02 6.902157592773437500e+02
2.639600000000000080e+01 4.190000000000000000e+02 6.902175292968750000e+02
2.673300000000000054e+01 1.070000000000000000e+03 6.902095336914062500e+02
2.706899999999999906e+01 1.083000000000000000e+03 6.902217407226562500e+02
2.740500000000000114e+01 1.202000000000000000e+03 6.902083740234375000e+02
2.774200000000000088e+01 1.033000000000000000e+03 6.902053222656250000e+02
2.807900000000000063e+01 9.440000000000000000e+02 6.902196655273437500e+02
2.841499999999999915e+01 7.650000000000000000e+02 6.902199096679687500e+02
2.875100000000000122e+01 9.500000000000000000e+02 6.902082519531250000e+02
2.908800000000000097e+01 8.910000000000000000e+02 6.902140502929687500e+02
2.942399999999999949e+01 8.970000000000000000e+02 6.902158813476562500e+02
2.976000000000000156e+01 6.210000000000000000e+02 6.902121582031250000e+02
3.009600000000000009e+01 6.480000000000000000e+02 6.902210693359375000e+02
3.043299999999999983e+01 6.700000000000000000e+02 6.902221069335937500e+02
3.076899999999999835e+01 7.660000000000000000e+02 6.902155761718750000e+02
3.110500000000000043e+01 6.590000000000000000e+02 6.902107543945312500e+02
3.144200000000000017e+01 6.070000000000000000e+02 6.902053833007812500e+02
3.177799999999999869e+01 5.730000000000000000e+02 6.902164306640625000e+02
3.211599999999999966e+01 7.160000000000000000e+02 6.902056274414062500e+02
3.245199999999999818e+01 7.600000000000000000e+02 6.902190551757812500e+02
3.278799999999999670e+01 9.220000000000000000e+02 6.902198486328125000e+02
3.312500000000000000e+01 1.064000000000000000e+03 6.902124023437500000e+02
3.346099999999999852e+01 8.340000000000000000e+02 6.902189941406250000e+02
3.379699999999999704e+01 7.650000000000000000e+02 6.902243041992187500e+02
3.413400000000000034e+01 9.570000000000000000e+02 6.902113037109375000e+02
3.446999999999999886e+01 8.930000000000000000e+02 6.902128295898437500e+02
3.480599999999999739e+01 9.790000000000000000e+02 6.902101440429687500e+02
3.514200000000000301e+01 9.480000000000000000e+02 6.902133789062500000e+02
3.547899999999999920e+01 7.340000000000000000e+02 6.902177124023437500e+02
3.581499999999999773e+01 9.230000000000000000e+02 6.902070922851562500e+02
3.615100000000000335e+01 6.930000000000000000e+02 6.902188720703125000e+02
3.648799999999999955e+01 8.220000000000000000e+02 6.902092285156250000e+02
3.682399999999999807e+01 7.240000000000000000e+02 6.902110595703125000e+02
3.715999999999999659e+01 5.160000000000000000e+02 6.902155151367187500e+02
3.749699999999999989e+01 6.100000000000000000e+02 6.902125854492187500e+02
3.783299999999999841e+01 6.050000000000000000e+02 6.902148437500000000e+02
3.816899999999999693e+01 5.150000000000000000e+02 6.902219238281250000e+02
3.850500000000000256e+01 4.610000000000000000e+02 6.902113647460937500e+02
3.884199999999999875e+01 4.150000000000000000e+02 6.902156372070312500e+02
3.917799999999999727e+01 5.290000000000000000e+02 6.902198486328125000e+02
3.951400000000000290e+01 4.260000000000000000e+02 6.902069702148437500e+02
3.985099999999999909e+01 3.410000000000000000e+02 6.902216186523437500e+02
4.018699999999999761e+01 3.020000000000000000e+02 6.902100219726562500e+02
4.052300000000000324e+01 2.480000000000000000e+02 6.902162475585937500e+02
4.085999999999999943e+01 4.030000000000000000e+02 6.902125854492187500e+02
4.119599999999999795e+01 4.380000000000000000e+02 6.902135009765625000e+02
4.153399999999999892e+01 4.130000000000000000e+02 6.902112426757812500e+02
