3.514200000000000301e+01 1.182000000000000000e+04 3.620965881347656250e+02
3.547899999999999920e+01 1.082100000000000000e+04 3.620966796875000000e+02
3.581499999999999773e+01 1.133600000000000000e+04 3.620941772460937500e+02
3.615100000000000335e+01 9.804000000000000000e+03 3.620952758789062500e+02
3.648799999999999955e+01 9.896000000000000000e+03 3.620947570800781250e+02
3.682399999999999807e+01 9.232000000000000000e+03 3.620950317382812500e+02
3.715999999999999659e+01 9.328000000000000000e+03 3.620951843261718750e+02
3.749699999999999989e+01 8.079000000000000000e+03 3.620946044921875000e+02
3.783299999999999841e+01 9.200000000000000000e+03 3.620934448242187500e+02
3.816899999999999693e+01 7.861000000000000000e+03 3.620942077636718750e+02
3.850500000000000256e+01 7.314000000000000000e+03 3.620939025878906250e+02
3.884199999999999875e+01 6.137000000000000000e+03 3.620962219238281250e+02
3.917799999999999727e+01 5.855000000000000000e+03 3.620954589843750000e+02
3.951400000000000290e+01 5.620000000000000000e+03 3.620959777832031250e+02
3.985099999999999909e+01 4.598000000000000000e+03 3.620939025878906250e+02
4.018699999999999761e+01 4.429000000000000000e+03 3.620938110351562500e+02
4.052300000000000324e+01 4.306000000000000000e+03 3.620957946777343750e+02
4.085999999999999943e+01 3.979000000000000000e+03 3.620930786132812500e+02
4.119599999999999795e+01 3.589000000000000000e+03 3.620961914062500000e+02
4.153399999999999892e+01 3.113000000000000000e+03 3.620941467285156250e+02
4.186999999999999744e+01 2.398000000000000000e+03 3.620943298339843750e+02
4.220799999999999841e+01 1.021000000000000000e+03 3.620990905761718750e+02
4.254399999999999693e+01 6.740000000000000000e+02 3.620945129394531250e+02
4.288100000000000023e+01 4.990000000000000000e+02 3.620951843261718750e+02
4.321699999999999875e+01 4.900000000000000000e+02 3.620916442871093750e+02
4.355400000000000205e+01 4.410000000000000000e+02 3.620941467285156250e+02
4.389000000000000057e+01 3.500000000000000000e+02 3.620911560058593750e+02
4.422699999999999676e+01 5.070000000000000000e+02 3.620886840820312500e+02
4.456300000000000239e+01 5.960000000000000000e+02 3.620982666015625000e+02
4.489900000000000091e+01 4.630000000000000000e+02 3.620866394042968750e+02
4.523499999999999943e+01 6.220000000000000000e+02 3.620911865234375000e+02
4.557200000000000273e+01 6.290000000000000000e+02 3.621003112792968750e+02
4.590800000000000125e+01 6.900000000000000000e+02 3.620934448242187500e+02
4.624399999999999977e+01 6.890000000000000000e+02 3.620921630859375000e+02
4.658100000000000307e+01 7.800000000000000000e+02 3.620914611816406250e+02
4.691700000000000159e+01 8.520000000000000000e+02 3.620953979492187500e+02
4.725300000000000011e+01 7.680000000000000000e+02 3.620973205566406250e+02
4.759000000000000341e+01 7.410000000000000000e+02 3.620939636230468750e+02
4.792600000000000193e+01 6.770000000000000000e+02 3.620976867675781250e+02
4.826200000000000045e+01 8.350000000000000000e+02 3.620998535156250000e+02
4.859799999999999898e+01 1.164000000000000000e+03 3.620916748046875000e+02
4.893500000000000227e+01 8.820000000000000000e+02 3.620936889648437500e+02
4.927100000000000080e+01 1.278000000000000000e+03 3.620908508300781250e+02
4.960699999999999932e+01 1.370000000000000000e+03 3.620954284667968750e+02
4.994400000000000261e+01 1.055000000000000000e+03 3.620930786132812500e+02
5.028000000000000114e+01 8.560000000000000000e+02 3.620986633300781250e+02
5.061599999999999966e+01 7.380000000000000000e+02 3.620941467285156250e+02
5.095300000000000296e+01 6.190000000000000000e+02 3.620979003906250000e+02
5.128900000000000148e+01 6.620000000000000000e+02 3.620931091308593750e+02
5.162500000000000000e+01 9.170000000000000000e+02 3.620928649902343750e+02
5.196099999999999852e+01 9.870000000000000000e+02 3.620948791503906250e+02
5.229899999999999949e+01 6.740000000000000000e+02 3.620975341796875000e+02
5.263600000000000279e+01 7.590000000000000000e+02 3.620938110351562500e+02
5.297200000000000131e+01 9.850000000000000000e+02 3.620958557128906250e+02
5.330799999999999983e+01 1.001000000000000000e+03 3.620944213867187500e+02
5.364399999999999835e+01 7.750000000000000000e+02 3.620966186523437500e+02
5.398100000000000165e+01 9.010000000000000000e+02 3.620971984863281250e+02
5.431700000000000017e+01 7.080000000000000000e+02 3.620968933105468750e+02
5.465299999999999869e+01 1.035000000000000000e+03 3.620974731445312500e+02
5.499000000000000199e+01 8.930000000000000000e+02 3.620924377441406250e+02
5.532600000000000051e+01 8.850000000000000000e+02 3.620946655273437500e+02
5.566199999999999903e+01 7.410000000000000000e+02 3.620914611816406250e+02
5.599900000000000233e+01 7.260000000000000000e+02 3.620990905761718750e+02
5.633500000000000085e+01 8.930000000000000000e+02 3.620956420898437500e+02
5.667099999999999937e+01 5.820000000000000000e+02 3.620982055664062500e+02
5.700800000000000267e+01 6.240000000000000000e+02 3.620939636230468750e+02
5.734400000000000119e+01 7.440000000000000000e+02 3.620952758789062500e+02
5.767999999999999972e+01 7.940000000000000000e+02 3.620963134765625000e+02
5.801700000000000301e+01 7.770000000000000000e+02 3.620881958007812500e+02
5.835300000000000153e+01 8.620000000000000000e+02 3.620975952148437500e+02
5.868900000000000006e+01 7.330000000000000000e+02 3.620939331054687500e+02
5.902600000000000335e+01 8.220000000000000000e+02 3.621000061035156250e+02
5.936200000000000188e+01 8.390000000000000000e+02 3.620948486328125000e+02
5.969800000000000040e+01 5.450000000000000000e+02 3.620975036621093750e+02
6.003479999999999706e+01 6.160000000000000000e+02 3.621017456054687500e+02
6.037080000000000268e+01 7.360000000000000000e+02 3.620902404785156250e+02
6.070680000000000121e+01 8.110000000000000000e+02 3.620959167480468750e+02
6.104399999999999693e+01 6.300000000000000000e+02 3.620928649902343750e+02
6.138000000000000256e+01 7.570000000000000000e+02 3.620961914062500000e+02
6.171600000000000108e+01 7.150000000000000000e+02 3.620979003906250000e+02
6.205199999999999960e+01 5.400000000000000000e+02 3.620963439941406250e+02
6.238980000000000103e+01 6.800000000000000000e+02 3.620922851562500000e+02
6.272699999999999676e+01 4.990000000000000000e+02 3.620973205566406250e+02
6.306300000000000239e+01 5.460000000000000000e+02 3.620904235839843750e+02
6.339900000000000091e+01 4.610000000000000000e+02 3.621033935546875000e+02
6.373499999999999943e+01 6.440000000000000000e+02 3.620962829589843750e+02
6.407219999999999516e+01 5.230000000000000000e+02 3.620986328125000000e+02
6.440819999999999368e+01 4.570000000000000000e+02 3.620982360839843750e+02
