9.524759999999999991e+02 1.100000000000000000e+02 7.415203857421875000e+02
9.528120000000000118e+02 1.760000000000000000e+02 7.415380249023437500e+02
9.531480000000000246e+02 1.930000000000000000e+02 7.415230712890625000e+02
9.534840000000000373e+02 2.050000000000000000e+02 7.415324096679687500e+02
9.538200000000000500e+02 2.910000000000000000e+02 7.415304565429687500e+02
9.541559999999999491e+02 3.490000000000000000e+02 7.415280151367187500e+02
9.544919999999999618e+02 3.720000000000000000e+02 7.415183105468750000e+02
9.548279999999999745e+02 3.370000000000000000e+02 7.415224609375000000e+02
9.551639999999999873e+02 3.820000000000000000e+02 7.415357666015625000e+02
9.555059999999999718e+02 4.310000000000000000e+02 7.415286865234375000e+02
9.558419999999999845e+02 4.900000000000000000e+02 7.415244750976562500e+02
9.561779999999999973e+02 5.360000000000000000e+02 7.415194091796875000e+02
9.565140000000000100e+02 4.880000000000000000e+02 7.415256958007812500e+02
9.568500000000000227e+02 6.140000000000000000e+02 7.415313720703125000e+02
9.571860000000000355e+02 6.430000000000000000e+02 7.415310058593750000e+02
9.575220000000000482e+02 5.620000000000000000e+02 7.415238037109375000e+02
9.578579999999999472e+02 7.480000000000000000e+02 7.415275878906250000e+02
9.581939999999999600e+02 8.310000000000000000e+02 7.415268554687500000e+02
9.585299999999999727e+02 9.310000000000000000e+02 7.415278930664062500e+02
9.588659999999999854e+02 9.030000000000000000e+02 7.415363159179687500e+02
9.592019999999999982e+02 1.033000000000000000e+03 7.415314331054687500e+02
9.595380000000000109e+02 1.036000000000000000e+03 7.415319213867187500e+02
9.598740000000000236e+02 1.033000000000000000e+03 7.415247802734375000e+02
9.602100000000000364e+02 1.202000000000000000e+03 7.415292968750000000e+02
9.605460000000000491e+02 1.289000000000000000e+03 7.415321655273437500e+02
9.608880000000000337e+02 1.189000000000000000e+03 7.415277099609375000e+02
9.612240000000000464e+02 1.540000000000000000e+03 7.415310668945312500e+02
9.615599999999999454e+02 1.221000000000000000e+03 7.415260620117187500e+02
9.618959999999999582e+02 1.727000000000000000e+03 7.415266113281250000e+02
9.622319999999999709e+02 1.399000000000000000e+03 7.415281982421875000e+02
9.625679999999999836e+02 1.518000000000000000e+03 7.415259399414062500e+02
9.629039999999999964e+02 1.370000000000000000e+03 7.415313110351562500e+02
9.632400000000000091e+02 1.853000000000000000e+03 7.415256958007812500e+02
9.635760000000000218e+02 1.681000000000000000e+03 7.415248413085937500e+02
9.639120000000000346e+02 1.901000000000000000e+03 7.415263671875000000e+02
9.642480000000000473e+02 1.831000000000000000e+03 7.415281372070312500e+02
9.645839999999999463e+02 1.847000000000000000e+03 7.415357055664062500e+02
9.649199999999999591e+02 1.833000000000000000e+03 7.415332031250000000e+02
9.652559999999999718e+02 1.953000000000000000e+03 7.415301513671875000e+02
9.655919999999999845e+02 2.154000000000000000e+03 7.415292358398437500e+02
9.659279999999999973e+02 2.254000000000000000e+03 7.415310058593750000e+02
9.662699999999999818e+02 1.915000000000000000e+03 7.415261840820312500e+02
9.666059999999999945e+02 2.005000000000000000e+03 7.415302734375000000e+02
9.669360000000000355e+02 2.202000000000000000e+03 7.415288085937500000e+02
9.672780000000000200e+02 2.375000000000000000e+03 7.415292358398437500e+02
9.676140000000000327e+02 2.451000000000000000e+03 7.415280761718750000e+02
9.679500000000000455e+02 2.458000000000000000e+03 7.415337524414062500e+02
9.682859999999999445e+02 2.420000000000000000e+03 7.415253295898437500e+02
9.686219999999999573e+02 2.236000000000000000e+03 7.415308227539062500e+02
9.689579999999999700e+02 2.412000000000000000e+03 7.415312500000000000e+02
9.692939999999999827e+02 2.580000000000000000e+03 7.415283203125000000e+02
9.696299999999999955e+02 2.274000000000000000e+03 7.415285034179687500e+02
9.699660000000000082e+02 2.380000000000000000e+03 7.415266113281250000e+02
9.703020000000000209e+02 2.543000000000000000e+03 7.415277099609375000e+02
9.706380000000000337e+02 2.624000000000000000e+03 7.415308837890625000e+02
9.709740000000000464e+02 2.433000000000000000e+03 7.415277099609375000e+02
9.713099999999999454e+02 2.383000000000000000e+03 7.415278930664062500e+02
9.716520000000000437e+02 2.636000000000000000e+03 7.415262451171875000e+02
9.719880000000000564e+02 2.620000000000000000e+03 7.415310668945312500e+02
9.723239999999999554e+02 2.427000000000000000e+03 7.415258178710937500e+02
9.726599999999999682e+02 2.481000000000000000e+03 7.415252685546875000e+02
9.729959999999999809e+02 2.579000000000000000e+03 7.415287475585937500e+02
9.733319999999999936e+02 2.232000000000000000e+03 7.415288085937500000e+02
9.736680000000000064e+02 2.615000000000000000e+03 7.415311279296875000e+02
9.740040000000000191e+02 2.372000000000000000e+03 7.415304565429687500e+02
