6.793379999999999654e+02 3.300000000000000000e+01 4.542955017089843750e+02
6.796739999999999782e+02 6.400000000000000000e+01 4.542851257324218750e+02
6.800099999999999909e+02 1.640000000000000000e+02 4.542953186035156250e+02
6.803460000000000036e+02 1.990000000000000000e+02 4.542933044433593750e+02
6.806820000000000164e+02 3.620000000000000000e+02 4.542984008789062500e+02
6.810180000000000291e+02 6.020000000000000000e+02 4.542919311523437500e+02
6.813540000000000418e+02 7.680000000000000000e+02 4.542927856445312500e+02
6.816900000000000546e+02 9.210000000000000000e+02 4.542903442382812500e+02
6.820259999999999536e+02 1.004000000000000000e+03 4.542931518554687500e+02
6.823680000000000518e+02 8.980000000000000000e+02 4.542933044433593750e+02
6.827039999999999509e+02 1.012000000000000000e+03 4.542932128906250000e+02
6.830399999999999636e+02 9.200000000000000000e+02 4.542947998046875000e+02
6.833759999999999764e+02 6.450000000000000000e+02 4.542934570312500000e+02
6.837119999999999891e+02 7.360000000000000000e+02 4.542890625000000000e+02
6.840480000000000018e+02 6.960000000000000000e+02 4.542956848144531250e+02
6.843840000000000146e+02 5.000000000000000000e+02 4.542890625000000000e+02
6.847200000000000273e+02 3.460000000000000000e+02 4.542896423339843750e+02
6.850560000000000400e+02 3.000000000000000000e+02 4.542889709472656250e+02
6.853920000000000528e+02 2.680000000000000000e+02 4.543014526367187500e+02
6.857279999999999518e+02 1.120000000000000000e+02 4.542973327636718750e+02
6.860639999999999645e+02 2.070000000000000000e+02 4.542904663085937500e+02
6.863999999999999773e+02 1.740000000000000000e+02 4.542857971191406250e+02
6.867359999999999900e+02 8.900000000000000000e+01 4.542910461425781250e+02
6.870720000000000027e+02 5.600000000000000000e+01 4.542963867187500000e+02
6.874080000000000155e+02 5.200000000000000000e+01 4.542745666503906250e+02
6.877440000000000282e+02 2.500000000000000000e+01 4.542904052734375000e+02
6.880860000000000127e+02 4.700000000000000000e+01 4.543110961914062500e+02
6.884220000000000255e+02 6.000000000000000000e+01 4.542872924804687500e+02
