8.560020000000000095e+01 1.380000000000000000e+02 3.281685791015625000e+02
8.593619999999999948e+01 2.480000000000000000e+02 3.281778869628906250e+02
8.627219999999999800e+01 2.300000000000000000e+02 3.281739501953125000e+02
8.660819999999999652e+01 4.150000000000000000e+02 3.281734924316406250e+02
8.694480000000000075e+01 5.290000000000000000e+02 3.281777038574218750e+02
8.728079999999999927e+01 5.370000000000000000e+02 3.281735534667968750e+02
8.761679999999999779e+01 5.630000000000000000e+02 3.281711730957031250e+02
8.795399999999999352e+01 6.640000000000000000e+02 3.281793518066406250e+02
8.829000000000000625e+01 7.820000000000000000e+02 3.281732788085937500e+02
8.862600000000000477e+01 7.790000000000000000e+02 3.281778869628906250e+02
8.896320000000000050e+01 7.610000000000000000e+02 3.281777648925781250e+02
8.929919999999999902e+01 6.930000000000000000e+02 3.281739196777343750e+02
8.963519999999999754e+01 8.460000000000000000e+02 3.281747131347656250e+02
8.997180000000000177e+01 7.220000000000000000e+02 3.281750488281250000e+02
9.030780000000000030e+01 9.290000000000000000e+02 3.281746826171875000e+02
9.064379999999999882e+01 6.320000000000000000e+02 3.281746215820312500e+02
9.098099999999999454e+01 6.840000000000000000e+02 3.281731872558593750e+02
9.131699999999999307e+01 5.440000000000000000e+02 3.281748657226562500e+02
9.165300000000000580e+01 5.540000000000000000e+02 3.281723632812500000e+02
9.199020000000000152e+01 5.450000000000000000e+02 3.281778259277343750e+02
9.232620000000000005e+01 4.940000000000000000e+02 3.281791992187500000e+02
9.266400000000000148e+01 6.560000000000000000e+02 3.281739807128906250e+02
9.300000000000000000e+01 2.890000000000000000e+02 3.281789245605468750e+02
9.333719999999999573e+01 3.400000000000000000e+02 3.281698303222656250e+02
9.367319999999999425e+01 2.790000000000000000e+02 3.281802978515625000e+02
9.400920000000000698e+01 2.800000000000000000e+02 3.281788940429687500e+02
9.434520000000000550e+01 4.130000000000000000e+02 3.281753540039062500e+02
9.468179999999999552e+01 2.590000000000000000e+02 3.281734619140625000e+02
9.501779999999999404e+01 3.070000000000000000e+02 3.281753540039062500e+02
9.535380000000000678e+01 4.590000000000000000e+02 3.281740722656250000e+02
9.569100000000000250e+01 3.810000000000000000e+02 3.281738281250000000e+02
9.602700000000000102e+01 3.370000000000000000e+02 3.281781616210937500e+02
9.636299999999999955e+01 4.070000000000000000e+02 3.281753540039062500e+02
9.670019999999999527e+01 6.230000000000000000e+02 3.281748657226562500e+02
9.703619999999999379e+01 5.310000000000000000e+02 3.281752014160156250e+02
9.737220000000000653e+01 6.930000000000000000e+02 3.281750793457031250e+02
9.770820000000000505e+01 8.540000000000000000e+02 3.281769409179687500e+02
9.804479999999999507e+01 6.620000000000000000e+02 3.281772155761718750e+02
9.838079999999999359e+01 5.980000000000000000e+02 3.281736450195312500e+02
9.871680000000000632e+01 7.850000000000000000e+02 3.281782836914062500e+02
9.905400000000000205e+01 9.890000000000000000e+02 3.281733093261718750e+02
9.939000000000000057e+01 1.030000000000000000e+03 3.281772155761718750e+02
9.972599999999999909e+01 1.043000000000000000e+03 3.281720275878906250e+02
1.000630000000000024e+02 8.960000000000000000e+02 3.281759033203125000e+02
1.003990000000000009e+02 1.308000000000000000e+03 3.281765441894531250e+02
1.007349999999999994e+02 8.590000000000000000e+02 3.281780700683593750e+02
1.010709999999999980e+02 9.500000000000000000e+02 3.281768493652343750e+02
1.014080000000000013e+02 1.069000000000000000e+03 3.281738281250000000e+02
1.017439999999999998e+02 7.790000000000000000e+02 3.281759948730468750e+02
1.020799999999999983e+02 9.860000000000000000e+02 3.281751098632812500e+02
1.024170000000000016e+02 8.020000000000000000e+02 3.281794738769531250e+02
1.027549999999999955e+02 9.430000000000000000e+02 3.281774597167968750e+02
1.030909999999999940e+02 1.024000000000000000e+03 3.281748657226562500e+02
1.034270000000000067e+02 7.280000000000000000e+02 3.281786804199218750e+02
1.037630000000000052e+02 7.050000000000000000e+02 3.281748962402343750e+02
1.040999999999999943e+02 6.990000000000000000e+02 3.281767578125000000e+02
1.044360000000000070e+02 7.060000000000000000e+02 3.281714782714843750e+02
1.047720000000000056e+02 6.460000000000000000e+02 3.281762695312500000e+02
