1.555660000000000025e+02 3.600000000000000000e+01 6.132754516601562500e+02
1.559019999999999868e+02 2.600000000000000000e+01 6.132641601562500000e+02
1.562390000000000043e+02 4.000000000000000000e+01 6.132648925781250000e+02
1.565759999999999934e+02 5.400000000000000000e+01 6.132538452148437500e+02
1.569120000000000061e+02 1.150000000000000000e+02 6.132726440429687500e+02
1.572479999999999905e+02 1.630000000000000000e+02 6.132575073242187500e+02
1.575850000000000080e+02 2.840000000000000000e+02 6.132655029296875000e+02
1.579209999999999923e+02 4.520000000000000000e+02 6.132675781250000000e+02
1.582570000000000050e+02 4.070000000000000000e+02 6.132777709960937500e+02
1.585929999999999893e+02 5.310000000000000000e+02 6.132691650390625000e+02
1.589300000000000068e+02 6.820000000000000000e+02 6.132702026367187500e+02
1.592659999999999911e+02 8.560000000000000000e+02 6.132650146484375000e+02
1.596020000000000039e+02 6.520000000000000000e+02 6.132684326171875000e+02
1.599389999999999930e+02 9.060000000000000000e+02 6.132691650390625000e+02
1.602750000000000057e+02 7.560000000000000000e+02 6.132696533203125000e+02
1.606109999999999900e+02 6.350000000000000000e+02 6.132636108398437500e+02
1.609480000000000075e+02 5.590000000000000000e+02 6.132640991210937500e+02
1.612839999999999918e+02 4.660000000000000000e+02 6.132690429687500000e+02
1.616200000000000045e+02 3.440000000000000000e+02 6.132709960937500000e+02
1.619569999999999936e+02 2.240000000000000000e+02 6.132658691406250000e+02
