1.189000000000000057e+02 5.500000000000000000e+01 3.329526977539062500e+02
1.192360000000000042e+02 2.310000000000000000e+02 3.329672546386718750e+02
1.195720000000000027e+02 3.690000000000000000e+02 3.329628906250000000e+02
1.199090000000000060e+02 4.790000000000000000e+02 3.329645385742187500e+02
1.202450000000000045e+02 5.390000000000000000e+02 3.329663696289062500e+02
1.205810000000000031e+02 6.990000000000000000e+02 3.329617309570312500e+02
1.209180000000000064e+02 5.200000000000000000e+02 3.329631652832031250e+02
1.212540000000000049e+02 5.080000000000000000e+02 3.329594726562500000e+02
1.215909999999999940e+02 5.490000000000000000e+02 3.329609985351562500e+02
1.219270000000000067e+02 5.050000000000000000e+02 3.329627380371093750e+02
1.222639999999999958e+02 4.420000000000000000e+02 3.329635314941406250e+02
1.225999999999999943e+02 5.740000000000000000e+02 3.329623718261718750e+02
1.229380000000000024e+02 5.090000000000000000e+02 3.329608459472656250e+02
1.232740000000000009e+02 6.270000000000000000e+02 3.329607849121093750e+02
1.236110000000000042e+02 4.200000000000000000e+02 3.329622497558593750e+02
1.239470000000000027e+02 4.260000000000000000e+02 3.329691162109375000e+02
1.242830000000000013e+02 5.350000000000000000e+02 3.329648437500000000e+02
1.246200000000000045e+02 5.340000000000000000e+02 3.329628295898437500e+02
1.249560000000000031e+02 5.240000000000000000e+02 3.329635009765625000e+02
1.252920000000000016e+02 5.460000000000000000e+02 3.329616394042968750e+02
1.256290000000000049e+02 4.590000000000000000e+02 3.329670104980468750e+02
1.259650000000000034e+02 5.780000000000000000e+02 3.329610290527343750e+02
1.263010000000000019e+02 4.830000000000000000e+02 3.329668273925781250e+02
1.266380000000000052e+02 4.680000000000000000e+02 3.329674072265625000e+02
1.269740000000000038e+02 3.970000000000000000e+02 3.329662475585937500e+02
1.273100000000000023e+02 4.020000000000000000e+02 3.329647521972656250e+02
1.276470000000000056e+02 4.930000000000000000e+02 3.329593200683593750e+02
1.279830000000000041e+02 4.640000000000000000e+02 3.329671936035156250e+02
1.283189999999999884e+02 2.830000000000000000e+02 3.329696960449218750e+02
1.286550000000000011e+02 5.530000000000000000e+02 3.329613952636718750e+02
1.289919999999999902e+02 5.900000000000000000e+02 3.329654541015625000e+02
1.293280000000000030e+02 4.170000000000000000e+02 3.329616088867187500e+02
1.296639999999999873e+02 4.490000000000000000e+02 3.329658813476562500e+02
1.300010000000000048e+02 9.010000000000000000e+02 3.329606018066406250e+02
1.303369999999999891e+02 4.030000000000000000e+02 3.329608459472656250e+02
1.306730000000000018e+02 5.600000000000000000e+02 3.329664306640625000e+02
1.310099999999999909e+02 3.820000000000000000e+02 3.329650878906250000e+02
1.313460000000000036e+02 4.700000000000000000e+02 3.329614562988281250e+02
1.316819999999999879e+02 5.130000000000000000e+02 3.329633483886718750e+02
1.320180000000000007e+02 5.370000000000000000e+02 3.329615783691406250e+02
1.323549999999999898e+02 5.990000000000000000e+02 3.329635620117187500e+02
1.326910000000000025e+02 4.530000000000000000e+02 3.329632568359375000e+02
1.330289999999999964e+02 5.280000000000000000e+02 3.329642028808593750e+02
1.333650000000000091e+02 4.170000000000000000e+02 3.329649658203125000e+02
1.337009999999999934e+02 4.380000000000000000e+02 3.329608764648437500e+02
1.340380000000000109e+02 3.350000000000000000e+02 3.329645690917968750e+02
1.343739999999999952e+02 3.850000000000000000e+02 3.329612121582031250e+02
1.347100000000000080e+02 5.090000000000000000e+02 3.329579772949218750e+02
1.350469999999999970e+02 4.140000000000000000e+02 3.329638671875000000e+02
1.353830000000000098e+02 5.140000000000000000e+02 3.329609375000000000e+02
1.357189999999999941e+02 5.360000000000000000e+02 3.329601135253906250e+02
1.360560000000000116e+02 4.260000000000000000e+02 3.329597167968750000e+02
1.363919999999999959e+02 5.580000000000000000e+02 3.329643859863281250e+02
1.367280000000000086e+02 4.920000000000000000e+02 3.329633178710937500e+02
1.370649999999999977e+02 4.240000000000000000e+02 3.329698791503906250e+02
1.374010000000000105e+02 3.930000000000000000e+02 3.329670410156250000e+02
1.377379999999999995e+02 5.510000000000000000e+02 3.329669189453125000e+02
1.380740000000000123e+02 5.780000000000000000e+02 3.329628906250000000e+02
1.384099999999999966e+02 6.280000000000000000e+02 3.329619445800781250e+02
1.387470000000000141e+02 5.200000000000000000e+02 3.329561157226562500e+02
1.390829999999999984e+02 4.290000000000000000e+02 3.329595031738281250e+02
1.394190000000000111e+02 4.230000000000000000e+02 3.329656066894531250e+02
1.397560000000000002e+02 4.700000000000000000e+02 3.329671936035156250e+02
1.400920000000000130e+02 4.280000000000000000e+02 3.329586181640625000e+02
1.404279999999999973e+02 4.370000000000000000e+02 3.329630737304687500e+02
1.407649999999999864e+02 5.000000000000000000e+02 3.329674377441406250e+02
1.411009999999999991e+02 4.640000000000000000e+02 3.329648437500000000e+02
1.414370000000000118e+02 4.170000000000000000e+02 3.329639282226562500e+02
1.417740000000000009e+02 4.780000000000000000e+02 3.329643554687500000e+02
1.421100000000000136e+02 5.670000000000000000e+02 3.329647216796875000e+02
1.424459999999999980e+02 4.740000000000000000e+02 3.329595336914062500e+02
1.427820000000000107e+02 6.600000000000000000e+02 3.329633178710937500e+02
1.431200000000000045e+02 4.130000000000000000e+02 3.329638061523437500e+02
1.434569999999999936e+02 4.810000000000000000e+02 3.329613952636718750e+02
1.437930000000000064e+02 4.910000000000000000e+02 3.329616394042968750e+02
1.441289999999999907e+02 3.420000000000000000e+02 3.329594421386718750e+02
1.444650000000000034e+02 4.850000000000000000e+02 3.329612121582031250e+02
