8.902500000000000000e+02 3.010000000000000000e+02 6.004548950195312500e+02
8.905860000000000127e+02 4.950000000000000000e+02 6.004486083984375000e+02
8.909220000000000255e+02 5.350000000000000000e+02 6.004442138671875000e+02
8.912580000000000382e+02 6.090000000000000000e+02 6.004524536132812500e+02
8.915940000000000509e+02 8.000000000000000000e+02 6.004459228515625000e+02
8.919299999999999500e+02 8.870000000000000000e+02 6.004468383789062500e+02
8.922659999999999627e+02 8.470000000000000000e+02 6.004520874023437500e+02
8.926019999999999754e+02 7.580000000000000000e+02 6.004484863281250000e+02
8.929379999999999882e+02 6.100000000000000000e+02 6.004477539062500000e+02
8.932740000000000009e+02 6.210000000000000000e+02 6.004514160156250000e+02
8.936100000000000136e+02 4.260000000000000000e+02 6.004639282226562500e+02
8.939460000000000264e+02 3.100000000000000000e+02 6.004630737304687500e+02
