2.942399999999999949e+01 1.420000000000000000e+02 2.890770568847656250e+02
2.976000000000000156e+01 1.300000000000000000e+02 2.890919494628906250e+02
3.009600000000000009e+01 3.350000000000000000e+02 2.890902099609375000e+02
3.043299999999999983e+01 2.070000000000000000e+02 2.890669555664062500e+02
3.076899999999999835e+01 2.770000000000000000e+02 2.890805664062500000e+02
3.110500000000000043e+01 3.840000000000000000e+02 2.890867919921875000e+02
3.144200000000000017e+01 5.180000000000000000e+02 2.890900573730468750e+02
3.177799999999999869e+01 6.430000000000000000e+02 2.890876770019531250e+02
3.211599999999999966e+01 5.470000000000000000e+02 2.890842590332031250e+02
3.245199999999999818e+01 4.270000000000000000e+02 2.890793151855468750e+02
3.278799999999999670e+01 8.270000000000000000e+02 2.890858764648437500e+02
3.312500000000000000e+01 5.800000000000000000e+02 2.890850830078125000e+02
3.346099999999999852e+01 5.670000000000000000e+02 2.890787048339843750e+02
3.379699999999999704e+01 7.350000000000000000e+02 2.890780334472656250e+02
3.413400000000000034e+01 6.840000000000000000e+02 2.890824584960937500e+02
3.446999999999999886e+01 5.650000000000000000e+02 2.890747985839843750e+02
3.480599999999999739e+01 4.550000000000000000e+02 2.890762939453125000e+02
3.514200000000000301e+01 4.990000000000000000e+02 2.890753173828125000e+02
3.547899999999999920e+01 4.750000000000000000e+02 2.890806884765625000e+02
3.581499999999999773e+01 4.280000000000000000e+02 2.890752563476562500e+02
3.615100000000000335e+01 5.240000000000000000e+02 2.890697631835937500e+02
3.648799999999999955e+01 3.440000000000000000e+02 2.890692138671875000e+02
3.682399999999999807e+01 3.370000000000000000e+02 2.890665893554687500e+02
3.715999999999999659e+01 4.710000000000000000e+02 2.890704650878906250e+02
3.749699999999999989e+01 3.290000000000000000e+02 2.890725708007812500e+02
