2.255339999999999918e+02 2.630000000000000000e+02 3.981954345703125000e+02
2.258700000000000045e+02 2.460000000000000000e+02 3.981853027343750000e+02
2.262059999999999889e+02 3.100000000000000000e+02 3.981901855468750000e+02
2.265430000000000064e+02 4.170000000000000000e+02 3.981968078613281250e+02
2.268789999999999907e+02 3.970000000000000000e+02 3.982049560546875000e+02
2.272150000000000034e+02 5.520000000000000000e+02 3.981969909667968750e+02
2.275509999999999877e+02 4.420000000000000000e+02 3.981905212402343750e+02
2.278880000000000052e+02 3.990000000000000000e+02 3.982112426757812500e+02
2.282249999999999943e+02 4.720000000000000000e+02 3.981942138671875000e+02
2.285610000000000070e+02 4.700000000000000000e+02 3.981977539062500000e+02
2.288979999999999961e+02 4.660000000000000000e+02 3.981961059570312500e+02
2.292340000000000089e+02 7.800000000000000000e+02 3.981961364746093750e+02
2.295699999999999932e+02 4.690000000000000000e+02 3.981986694335937500e+02
2.299070000000000107e+02 6.950000000000000000e+02 3.981960144042968750e+02
2.302429999999999950e+02 4.410000000000000000e+02 3.981944274902343750e+02
2.305790000000000077e+02 6.370000000000000000e+02 3.981894531250000000e+02
2.309149999999999920e+02 6.870000000000000000e+02 3.981949768066406250e+02
2.312520000000000095e+02 7.410000000000000000e+02 3.981981506347656250e+02
2.315879999999999939e+02 7.430000000000000000e+02 3.981977539062500000e+02
2.319250000000000114e+02 6.260000000000000000e+02 3.981979064941406250e+02
2.322609999999999957e+02 5.310000000000000000e+02 3.981956176757812500e+02
2.325970000000000084e+02 5.320000000000000000e+02 3.981948852539062500e+02
2.329339999999999975e+02 7.320000000000000000e+02 3.981969909667968750e+02
2.332700000000000102e+02 5.460000000000000000e+02 3.981984252929687500e+02
2.336059999999999945e+02 5.130000000000000000e+02 3.981983337402343750e+02
2.339439999999999884e+02 4.870000000000000000e+02 3.981972351074218750e+02
2.342800000000000011e+02 5.970000000000000000e+02 3.981970520019531250e+02
2.346169999999999902e+02 6.460000000000000000e+02 3.981940612792968750e+02
2.349530000000000030e+02 5.690000000000000000e+02 3.981964111328125000e+02
2.352889999999999873e+02 4.320000000000000000e+02 3.982060852050781250e+02
2.356250000000000000e+02 4.190000000000000000e+02 3.982084350585937500e+02
2.359619999999999891e+02 7.080000000000000000e+02 3.981956176757812500e+02
2.362980000000000018e+02 4.730000000000000000e+02 3.981898193359375000e+02
2.366339999999999861e+02 5.030000000000000000e+02 3.981972656250000000e+02
2.369710000000000036e+02 4.610000000000000000e+02 3.981950073242187500e+02
2.373069999999999879e+02 3.950000000000000000e+02 3.981951599121093750e+02
2.376430000000000007e+02 3.520000000000000000e+02 3.982004089355468750e+02
2.379799999999999898e+02 4.710000000000000000e+02 3.981990356445312500e+02
2.383160000000000025e+02 3.340000000000000000e+02 3.981968688964843750e+02
2.386519999999999868e+02 2.350000000000000000e+02 3.981863403320312500e+02
2.389879999999999995e+02 1.770000000000000000e+02 3.981949157714843750e+02
2.393249999999999886e+02 1.360000000000000000e+02 3.981980285644531250e+02
2.396610000000000014e+02 1.060000000000000000e+02 3.982033386230468750e+02
2.399970000000000141e+02 1.980000000000000000e+02 3.981947937011718750e+02
2.403340000000000032e+02 2.100000000000000000e+02 3.982069396972656250e+02
