2.167880000000000109e+02 3.110000000000000000e+02 4.221614074707031250e+02
2.171239999999999952e+02 3.140000000000000000e+02 4.221658935546875000e+02
2.174610000000000127e+02 2.820000000000000000e+02 4.221701660156250000e+02
2.177969999999999970e+02 3.660000000000000000e+02 4.221722106933593750e+02
2.181330000000000098e+02 5.010000000000000000e+02 4.221614074707031250e+02
2.184699999999999989e+02 3.750000000000000000e+02 4.221651306152343750e+02
2.188060000000000116e+02 4.060000000000000000e+02 4.221570129394531250e+02
2.191419999999999959e+02 3.020000000000000000e+02 4.221598815917968750e+02
2.194790000000000134e+02 3.930000000000000000e+02 4.221681213378906250e+02
2.198149999999999977e+02 3.830000000000000000e+02 4.221696777343750000e+02
2.201510000000000105e+02 6.000000000000000000e+02 4.221640014648437500e+02
2.204869999999999948e+02 4.130000000000000000e+02 4.221730957031250000e+02
2.208240000000000123e+02 5.850000000000000000e+02 4.221639099121093750e+02
2.211599999999999966e+02 6.660000000000000000e+02 4.221654357910156250e+02
2.214960000000000093e+02 4.430000000000000000e+02 4.221650695800781250e+02
2.218329999999999984e+02 4.330000000000000000e+02 4.221597595214843750e+02
2.221690000000000111e+02 6.010000000000000000e+02 4.221602172851562500e+02
2.225049999999999955e+02 7.170000000000000000e+02 4.221585083007812500e+02
2.228420000000000130e+02 5.320000000000000000e+02 4.221618652343750000e+02
2.231779999999999973e+02 5.030000000000000000e+02 4.221545104980468750e+02
2.235140000000000100e+02 4.640000000000000000e+02 4.221699829101562500e+02
2.238520000000000039e+02 5.350000000000000000e+02 4.221633605957031250e+02
2.241879999999999882e+02 4.220000000000000000e+02 4.221590576171875000e+02
2.245250000000000057e+02 3.870000000000000000e+02 4.221700744628906250e+02
2.248609999999999900e+02 4.910000000000000000e+02 4.221543273925781250e+02
2.251970000000000027e+02 5.020000000000000000e+02 4.221653442382812500e+02
2.255339999999999918e+02 5.420000000000000000e+02 4.221599731445312500e+02
2.258700000000000045e+02 6.410000000000000000e+02 4.221645202636718750e+02
2.262059999999999889e+02 6.580000000000000000e+02 4.221599426269531250e+02
2.265430000000000064e+02 5.280000000000000000e+02 4.221651000976562500e+02
2.268789999999999907e+02 4.860000000000000000e+02 4.221638183593750000e+02
2.272150000000000034e+02 3.900000000000000000e+02 4.221721191406250000e+02
2.275509999999999877e+02 4.110000000000000000e+02 4.221669311523437500e+02
2.278880000000000052e+02 5.650000000000000000e+02 4.221699829101562500e+02
2.282249999999999943e+02 4.290000000000000000e+02 4.221638793945312500e+02
2.285610000000000070e+02 4.430000000000000000e+02 4.221694946289062500e+02
2.288979999999999961e+02 4.900000000000000000e+02 4.221679992675781250e+02
2.292340000000000089e+02 3.810000000000000000e+02 4.221741333007812500e+02
2.295699999999999932e+02 2.520000000000000000e+02 4.221788635253906250e+02
2.299070000000000107e+02 4.800000000000000000e+02 4.221696472167968750e+02
2.302429999999999950e+02 3.650000000000000000e+02 4.221589660644531250e+02
2.305790000000000077e+02 3.420000000000000000e+02 4.221701049804687500e+02
2.309149999999999920e+02 3.640000000000000000e+02 4.221722412109375000e+02
2.312520000000000095e+02 3.440000000000000000e+02 4.221652526855468750e+02
2.315879999999999939e+02 3.300000000000000000e+02 4.221696472167968750e+02
2.319250000000000114e+02 2.700000000000000000e+02 4.221706237792968750e+02
2.322609999999999957e+02 4.300000000000000000e+02 4.221703491210937500e+02
2.325970000000000084e+02 4.530000000000000000e+02 4.221617431640625000e+02
