5.592450000000000045e+02 3.480000000000000000e+02 1.680464630126953125e+02
5.595810000000000173e+02 3.790000000000000000e+02 1.680439758300781250e+02
5.599170000000000300e+02 3.210000000000000000e+02 1.680475921630859375e+02
5.602530000000000427e+02 4.380000000000000000e+02 1.680474700927734375e+02
5.605900000000000318e+02 4.410000000000000000e+02 1.680455780029296875e+02
5.609260000000000446e+02 4.010000000000000000e+02 1.680460052490234375e+02
5.612619999999999436e+02 4.970000000000000000e+02 1.680430908203125000e+02
5.615990000000000464e+02 3.530000000000000000e+02 1.680445404052734375e+02
5.619360000000000355e+02 4.410000000000000000e+02 1.680421142578125000e+02
5.622720000000000482e+02 3.290000000000000000e+02 1.680486602783203125e+02
5.626079999999999472e+02 3.580000000000000000e+02 1.680446929931640625e+02
5.629450000000000500e+02 5.030000000000000000e+02 1.680469665527343750e+02
5.632809999999999491e+02 3.760000000000000000e+02 1.680445709228515625e+02
5.636180000000000518e+02 4.690000000000000000e+02 1.680444641113281250e+02
5.639539999999999509e+02 5.530000000000000000e+02 1.680478363037109375e+02
5.642899999999999636e+02 4.770000000000000000e+02 1.680441589355468750e+02
5.646269999999999527e+02 4.480000000000000000e+02 1.680454864501953125e+02
5.649629999999999654e+02 6.270000000000000000e+02 1.680439300537109375e+02
5.652989999999999782e+02 5.030000000000000000e+02 1.680458984375000000e+02
5.656349999999999909e+02 5.140000000000000000e+02 1.680487823486328125e+02
5.659719999999999800e+02 5.330000000000000000e+02 1.680440979003906250e+02
5.663079999999999927e+02 4.060000000000000000e+02 1.680440521240234375e+02
5.666440000000000055e+02 6.370000000000000000e+02 1.680435638427734375e+02
5.669819999999999709e+02 3.780000000000000000e+02 1.680437164306640625e+02
5.673179999999999836e+02 4.290000000000000000e+02 1.680493927001953125e+02
5.676549999999999727e+02 4.700000000000000000e+02 1.680479125976562500e+02
5.679909999999999854e+02 5.410000000000000000e+02 1.680449523925781250e+02
5.683269999999999982e+02 3.370000000000000000e+02 1.680487365722656250e+02
5.686639999999999873e+02 3.940000000000000000e+02 1.680480651855468750e+02
5.690000000000000000e+02 4.370000000000000000e+02 1.680487518310546875e+02
5.693360000000000127e+02 5.120000000000000000e+02 1.680487365722656250e+02
5.696730000000000018e+02 5.050000000000000000e+02 1.680468444824218750e+02
5.700090000000000146e+02 6.120000000000000000e+02 1.680438995361328125e+02
5.703450000000000273e+02 5.880000000000000000e+02 1.680473785400390625e+02
5.706810000000000400e+02 5.070000000000000000e+02 1.680489349365234375e+02
5.710180000000000291e+02 6.190000000000000000e+02 1.680443420410156250e+02
5.713540000000000418e+02 3.160000000000000000e+02 1.680478668212890625e+02
5.716900000000000546e+02 4.720000000000000000e+02 1.680471954345703125e+02
5.720270000000000437e+02 5.120000000000000000e+02 1.680437316894531250e+02
5.723630000000000564e+02 5.150000000000000000e+02 1.680469512939453125e+02
5.726989999999999554e+02 5.250000000000000000e+02 1.680501708984375000e+02
5.730359999999999445e+02 5.230000000000000000e+02 1.680480194091796875e+02
5.733719999999999573e+02 4.350000000000000000e+02 1.680468902587890625e+02
5.737079999999999700e+02 4.190000000000000000e+02 1.680449981689453125e+02
5.740449999999999591e+02 7.080000000000000000e+02 1.680456390380859375e+02
5.743809999999999718e+02 6.290000000000000000e+02 1.680446624755859375e+02
5.747169999999999845e+02 4.490000000000000000e+02 1.680464172363281250e+02
5.750539999999999736e+02 5.640000000000000000e+02 1.680469055175781250e+02
5.753899999999999864e+02 5.390000000000000000e+02 1.680468902587890625e+02
5.757259999999999991e+02 6.610000000000000000e+02 1.680444793701171875e+02
5.760620000000000118e+02 4.260000000000000000e+02 1.680463867187500000e+02
5.763990000000000009e+02 3.950000000000000000e+02 1.680426788330078125e+02
5.767350000000000136e+02 5.590000000000000000e+02 1.680462188720703125e+02
5.770729999999999791e+02 5.150000000000000000e+02 1.680430755615234375e+02
5.774089999999999918e+02 5.520000000000000000e+02 1.680476379394531250e+02
5.777459999999999809e+02 4.560000000000000000e+02 1.680458068847656250e+02
5.780819999999999936e+02 3.100000000000000000e+02 1.680456848144531250e+02
5.784189999999999827e+02 4.540000000000000000e+02 1.680475311279296875e+02
5.787549999999999955e+02 4.080000000000000000e+02 1.680482482910156250e+02
5.790910000000000082e+02 3.510000000000000000e+02 1.680469818115234375e+02
5.794279999999999973e+02 6.680000000000000000e+02 1.680454711914062500e+02
5.797640000000000100e+02 6.320000000000000000e+02 1.680434722900390625e+02
5.801000000000000227e+02 5.490000000000000000e+02 1.680456695556640625e+02
5.804370000000000118e+02 6.780000000000000000e+02 1.680467987060546875e+02
5.807730000000000246e+02 5.380000000000000000e+02 1.680441741943359375e+02
5.811090000000000373e+02 5.220000000000000000e+02 1.680469055175781250e+02
5.814460000000000264e+02 3.480000000000000000e+02 1.680439453125000000e+02
5.817820000000000391e+02 4.950000000000000000e+02 1.680454254150390625e+02
5.821180000000000518e+02 3.320000000000000000e+02 1.680427398681640625e+02
5.824539999999999509e+02 4.770000000000000000e+02 1.680473785400390625e+02
5.827910000000000537e+02 4.300000000000000000e+02 1.680477294921875000e+02
5.831269999999999527e+02 6.210000000000000000e+02 1.680457916259765625e+02
5.834629999999999654e+02 3.080000000000000000e+02 1.680439300537109375e+02
5.837999999999999545e+02 2.770000000000000000e+02 1.680428771972656250e+02
5.841359999999999673e+02 5.640000000000000000e+02 1.680470123291015625e+02
5.844719999999999800e+02 6.820000000000000000e+02 1.680461425781250000e+02
5.848089999999999691e+02 6.700000000000000000e+02 1.680442657470703125e+02
5.851449999999999818e+02 5.500000000000000000e+02 1.680422210693359375e+02
5.854809999999999945e+02 5.490000000000000000e+02 1.680462493896484375e+02
5.858170000000000073e+02 4.680000000000000000e+02 1.680451354980468750e+02
5.861539999999999964e+02 4.650000000000000000e+02 1.680443267822265625e+02
5.864900000000000091e+02 4.740000000000000000e+02 1.680455780029296875e+02
5.868260000000000218e+02 5.080000000000000000e+02 1.680460357666015625e+02
5.871639999999999873e+02 5.960000000000000000e+02 1.680458831787109375e+02
5.875000000000000000e+02 5.210000000000000000e+02 1.680435485839843750e+02
5.878369999999999891e+02 5.030000000000000000e+02 1.680460205078125000e+02
5.881730000000000018e+02 5.030000000000000000e+02 1.680459747314453125e+02
5.885090000000000146e+02 2.900000000000000000e+02 1.680456542968750000e+02
