7.072559999999999718e+02 1.960000000000000000e+02 3.182109069824218750e+02
7.075919999999999845e+02 3.050000000000000000e+02 3.182137756347656250e+02
7.079279999999999973e+02 3.330000000000000000e+02 3.182150268554687500e+02
7.082699999999999818e+02 3.810000000000000000e+02 3.182104187011718750e+02
7.086059999999999945e+02 3.510000000000000000e+02 3.182109069824218750e+02
7.089420000000000073e+02 4.030000000000000000e+02 3.182127380371093750e+02
7.092780000000000200e+02 5.140000000000000000e+02 3.182119750976562500e+02
7.096140000000000327e+02 5.100000000000000000e+02 3.182136840820312500e+02
7.099500000000000455e+02 6.950000000000000000e+02 3.182130737304687500e+02
7.102859999999999445e+02 4.640000000000000000e+02 3.182122802734375000e+02
7.106219999999999573e+02 4.930000000000000000e+02 3.182145080566406250e+02
7.109579999999999700e+02 3.680000000000000000e+02 3.182080688476562500e+02
7.112939999999999827e+02 2.470000000000000000e+02 3.182149658203125000e+02
7.116299999999999955e+02 1.410000000000000000e+02 3.182204589843750000e+02
7.119660000000000082e+02 1.020000000000000000e+02 3.182185058593750000e+02
7.123020000000000209e+02 1.570000000000000000e+02 3.182127075195312500e+02
7.126380000000000337e+02 1.640000000000000000e+02 3.182145690917968750e+02
7.129740000000000464e+02 7.800000000000000000e+01 3.182221374511718750e+02
7.133099999999999454e+02 1.030000000000000000e+02 3.182183532714843750e+02
7.136459999999999582e+02 7.000000000000000000e+01 3.182225646972656250e+02
7.139819999999999709e+02 1.690000000000000000e+02 3.182073974609375000e+02
7.143239999999999554e+02 5.800000000000000000e+01 3.182182006835937500e+02
7.146599999999999682e+02 2.350000000000000000e+02 3.182063293457031250e+02
7.149959999999999809e+02 2.100000000000000000e+02 3.182079467773437500e+02
7.153319999999999936e+02 1.400000000000000000e+02 3.182148132324218750e+02
7.156680000000000064e+02 1.400000000000000000e+02 3.182101440429687500e+02
7.160040000000000191e+02 2.910000000000000000e+02 3.182077331542968750e+02
7.163400000000000318e+02 2.200000000000000000e+02 3.182212219238281250e+02
7.166760000000000446e+02 2.330000000000000000e+02 3.182159729003906250e+02
7.170119999999999436e+02 2.890000000000000000e+02 3.182048950195312500e+02
7.173479999999999563e+02 1.850000000000000000e+02 3.182077331542968750e+02
7.176839999999999691e+02 2.000000000000000000e+02 3.182150573730468750e+02
