3.543770000000000095e+02 2.930000000000000000e+02 2.871412353515625000e+02
3.547139999999999986e+02 1.740000000000000000e+02 2.871447143554687500e+02
3.550509999999999877e+02 2.600000000000000000e+02 2.871376953125000000e+02
3.553879999999999768e+02 2.150000000000000000e+02 2.871311340332031250e+02
3.557239999999999895e+02 3.250000000000000000e+02 2.871310424804687500e+02
3.560600000000000023e+02 1.590000000000000000e+02 2.871497802734375000e+02
3.563969999999999914e+02 5.220000000000000000e+02 2.871371154785156250e+02
3.567330000000000041e+02 4.930000000000000000e+02 2.871364440917968750e+02
3.570690000000000168e+02 2.910000000000000000e+02 2.871420898437500000e+02
3.574060000000000059e+02 3.650000000000000000e+02 2.871414489746093750e+02
3.577420000000000186e+02 4.160000000000000000e+02 2.871385803222656250e+02
3.580779999999999745e+02 5.460000000000000000e+02 2.871427001953125000e+02
3.584150000000000205e+02 5.840000000000000000e+02 2.871404418945312500e+02
3.587509999999999764e+02 4.480000000000000000e+02 2.871396484375000000e+02
3.590869999999999891e+02 3.250000000000000000e+02 2.871387023925781250e+02
3.594239999999999782e+02 6.650000000000000000e+02 2.871368103027343750e+02
3.597599999999999909e+02 5.480000000000000000e+02 2.871408081054687500e+02
3.600960000000000036e+02 3.470000000000000000e+02 2.871509704589843750e+02
3.604329999999999927e+02 3.560000000000000000e+02 2.871357421875000000e+02
3.607690000000000055e+02 2.290000000000000000e+02 2.871488037109375000e+02
3.611050000000000182e+02 2.800000000000000000e+02 2.871417541503906250e+02
3.614420000000000073e+02 2.230000000000000000e+02 2.871318664550781250e+02
3.617780000000000200e+02 1.900000000000000000e+02 2.871365966796875000e+02
3.621139999999999759e+02 1.760000000000000000e+02 2.871415710449218750e+02
3.624510000000000218e+02 2.020000000000000000e+02 2.871305236816406250e+02
