1.797849999999999966e+02 4.580000000000000000e+02 4.721986389160156250e+02
1.801220000000000141e+02 7.650000000000000000e+02 4.722087707519531250e+02
1.804579999999999984e+02 8.500000000000000000e+02 4.722115173339843750e+02
1.807940000000000111e+02 1.131000000000000000e+03 4.722145996093750000e+02
1.811299999999999955e+02 1.191000000000000000e+03 4.722153930664062500e+02
1.814670000000000130e+02 7.460000000000000000e+02 4.722165527343750000e+02
1.818029999999999973e+02 6.070000000000000000e+02 4.722181701660156250e+02
1.821390000000000100e+02 5.870000000000000000e+02 4.722249145507812500e+02
1.824759999999999991e+02 5.190000000000000000e+02 4.722197875976562500e+02
1.828120000000000118e+02 3.970000000000000000e+02 4.722125549316406250e+02
1.831479999999999961e+02 3.390000000000000000e+02 4.722176818847656250e+02
1.834859999999999900e+02 3.150000000000000000e+02 4.722084350585937500e+02
1.838220000000000027e+02 1.710000000000000000e+02 4.722065734863281250e+02
