5.667099999999999937e+01 1.210000000000000000e+02 4.001785583496093750e+02
5.700800000000000267e+01 1.020000000000000000e+02 4.001988525390625000e+02
5.734400000000000119e+01 8.400000000000000000e+01 4.001979064941406250e+02
5.767999999999999972e+01 5.500000000000000000e+01 4.001815795898437500e+02
5.801700000000000301e+01 8.700000000000000000e+01 4.002072143554687500e+02
5.835300000000000153e+01 1.580000000000000000e+02 4.001866760253906250e+02
5.868900000000000006e+01 1.720000000000000000e+02 4.001992187500000000e+02
5.902600000000000335e+01 2.170000000000000000e+02 4.001908569335937500e+02
5.936200000000000188e+01 1.430000000000000000e+02 4.002157592773437500e+02
5.969800000000000040e+01 2.160000000000000000e+02 4.001994018554687500e+02
6.003479999999999706e+01 2.380000000000000000e+02 4.002010498046875000e+02
6.037080000000000268e+01 1.340000000000000000e+02 4.001949157714843750e+02
6.070680000000000121e+01 1.060000000000000000e+02 4.002143554687500000e+02
6.104399999999999693e+01 1.990000000000000000e+02 4.001946411132812500e+02
6.138000000000000256e+01 2.140000000000000000e+02 4.001866149902343750e+02
6.171600000000000108e+01 2.860000000000000000e+02 4.001909179687500000e+02
6.205199999999999960e+01 1.500000000000000000e+02 4.002051086425781250e+02
6.238980000000000103e+01 3.000000000000000000e+02 4.001976928710937500e+02
6.272699999999999676e+01 3.670000000000000000e+02 4.001982727050781250e+02
6.306300000000000239e+01 3.110000000000000000e+02 4.001981811523437500e+02
6.339900000000000091e+01 3.380000000000000000e+02 4.001908569335937500e+02
6.373499999999999943e+01 3.230000000000000000e+02 4.001899719238281250e+02
6.407219999999999516e+01 2.110000000000000000e+02 4.001971435546875000e+02
6.440819999999999368e+01 3.100000000000000000e+02 4.001958007812500000e+02
6.474420000000000641e+01 4.660000000000000000e+02 4.001976013183593750e+02
6.508079999999999643e+01 2.770000000000000000e+02 4.002000427246093750e+02
6.541679999999999495e+01 4.510000000000000000e+02 4.001928100585937500e+02
6.575279999999999347e+01 4.620000000000000000e+02 4.002014160156250000e+02
6.609000000000000341e+01 3.360000000000000000e+02 4.001995849609375000e+02
6.642600000000000193e+01 3.720000000000000000e+02 4.001986083984375000e+02
6.676200000000000045e+01 3.050000000000000000e+02 4.001921081542968750e+02
6.709799999999999898e+01 3.320000000000000000e+02 4.002001342773437500e+02
6.743519999999999470e+01 3.410000000000000000e+02 4.002041015625000000e+02
6.777119999999999322e+01 2.890000000000000000e+02 4.001909484863281250e+02
6.810720000000000596e+01 2.140000000000000000e+02 4.001966552734375000e+02
6.844379999999999598e+01 2.990000000000000000e+02 4.001968994140625000e+02
6.877979999999999450e+01 4.360000000000000000e+02 4.001946105957031250e+02
6.911579999999999302e+01 5.940000000000000000e+02 4.001960449218750000e+02
6.945300000000000296e+01 3.040000000000000000e+02 4.002011413574218750e+02
6.978900000000000148e+01 3.250000000000000000e+02 4.001931457519531250e+02
7.012500000000000000e+01 3.870000000000000000e+02 4.001935119628906250e+02
7.046219999999999573e+01 3.420000000000000000e+02 4.001980285644531250e+02
7.079819999999999425e+01 2.200000000000000000e+02 4.002025451660156250e+02
7.113420000000000698e+01 3.630000000000000000e+02 4.002012939453125000e+02
7.147020000000000550e+01 3.450000000000000000e+02 4.001929321289062500e+02
7.180679999999999552e+01 5.210000000000000000e+02 4.001980285644531250e+02
7.214279999999999404e+01 3.450000000000000000e+02 4.001970214843750000e+02
7.248120000000000118e+01 3.580000000000000000e+02 4.001986694335937500e+02
7.281719999999999970e+01 4.890000000000000000e+02 4.002052612304687500e+02
7.315380000000000393e+01 3.880000000000000000e+02 4.001964721679687500e+02
7.348980000000000246e+01 3.930000000000000000e+02 4.001961669921875000e+02
7.382580000000000098e+01 3.590000000000000000e+02 4.001958923339843750e+02
7.416299999999999670e+01 4.040000000000000000e+02 4.001995849609375000e+02
7.449899999999999523e+01 3.410000000000000000e+02 4.002006225585937500e+02
7.483499999999999375e+01 4.020000000000000000e+02 4.001999511718750000e+02
7.517220000000000368e+01 3.110000000000000000e+02 4.002003173828125000e+02
7.550879999999999370e+01 3.960000000000000000e+02 4.001936340332031250e+02
7.584480000000000643e+01 3.050000000000000000e+02 4.001961364746093750e+02
7.618080000000000496e+01 2.660000000000000000e+02 4.001918334960937500e+02
7.651680000000000348e+01 2.440000000000000000e+02 4.001957397460937500e+02
7.685399999999999920e+01 2.760000000000000000e+02 4.001938171386718750e+02
7.718999999999999773e+01 3.310000000000000000e+02 4.001994628906250000e+02
7.752599999999999625e+01 3.400000000000000000e+02 4.002104797363281250e+02
7.786320000000000618e+01 2.170000000000000000e+02 4.002036132812500000e+02
7.819920000000000471e+01 1.550000000000000000e+02 4.002043457031250000e+02
7.853520000000000323e+01 1.440000000000000000e+02 4.001999816894531250e+02
7.887179999999999325e+01 1.870000000000000000e+02 4.001972961425781250e+02
7.920780000000000598e+01 1.470000000000000000e+02 4.001911621093750000e+02
7.954380000000000450e+01 1.000000000000000000e+02 4.002028808593750000e+02
7.987980000000000302e+01 1.040000000000000000e+02 4.002089538574218750e+02
8.021699999999999875e+01 1.200000000000000000e+02 4.002090759277343750e+02
8.055299999999999727e+01 7.600000000000000000e+01 4.001881103515625000e+02
8.088899999999999579e+01 1.700000000000000000e+02 4.002079467773437500e+02
8.122620000000000573e+01 1.070000000000000000e+02 4.002041931152343750e+02
8.156220000000000425e+01 7.900000000000000000e+01 4.001988525390625000e+02
8.189820000000000277e+01 2.800000000000000000e+01 4.001910400390625000e+02
