4.364560000000000173e+02 5.600000000000000000e+01 1.631499786376953125e+02
4.367930000000000064e+02 9.000000000000000000e+01 1.631448822021484375e+02
4.371290000000000191e+02 1.030000000000000000e+02 1.631536407470703125e+02
4.374649999999999750e+02 1.290000000000000000e+02 1.631461181640625000e+02
4.378020000000000209e+02 3.290000000000000000e+02 1.631456451416015625e+02
4.381379999999999768e+02 3.640000000000000000e+02 1.631479492187500000e+02
4.384739999999999895e+02 4.130000000000000000e+02 1.631461944580078125e+02
4.388109999999999786e+02 2.650000000000000000e+02 1.631510314941406250e+02
4.391469999999999914e+02 5.770000000000000000e+02 1.631482391357421875e+02
4.394830000000000041e+02 4.390000000000000000e+02 1.631493377685546875e+02
4.398190000000000168e+02 3.120000000000000000e+02 1.631463317871093750e+02
4.401560000000000059e+02 3.360000000000000000e+02 1.631437683105468750e+02
4.404920000000000186e+02 1.300000000000000000e+02 1.631435699462890625e+02
4.408299999999999841e+02 1.550000000000000000e+02 1.631396789550781250e+02
4.411659999999999968e+02 1.960000000000000000e+02 1.631405487060546875e+02
4.415029999999999859e+02 1.180000000000000000e+02 1.631405487060546875e+02
4.418389999999999986e+02 5.400000000000000000e+01 1.631310729980468750e+02
4.421750000000000114e+02 8.000000000000000000e+01 1.631468658447265625e+02
