5.666440000000000055e+02 7.900000000000000000e+01 3.022698974609375000e+02
5.669819999999999709e+02 1.150000000000000000e+02 3.022630615234375000e+02
5.673179999999999836e+02 2.080000000000000000e+02 3.022687988281250000e+02
5.676549999999999727e+02 2.380000000000000000e+02 3.022675170898437500e+02
5.679909999999999854e+02 2.350000000000000000e+02 3.022716064453125000e+02
5.683269999999999982e+02 2.970000000000000000e+02 3.022762756347656250e+02
5.686639999999999873e+02 4.040000000000000000e+02 3.022740783691406250e+02
5.690000000000000000e+02 4.370000000000000000e+02 3.022656250000000000e+02
5.693360000000000127e+02 5.550000000000000000e+02 3.022691955566406250e+02
5.696730000000000018e+02 3.280000000000000000e+02 3.022695007324218750e+02
5.700090000000000146e+02 3.030000000000000000e+02 3.022669677734375000e+02
5.703450000000000273e+02 4.850000000000000000e+02 3.022698059082031250e+02
5.706810000000000400e+02 3.730000000000000000e+02 3.022686462402343750e+02
5.710180000000000291e+02 3.830000000000000000e+02 3.022678527832031250e+02
5.713540000000000418e+02 3.250000000000000000e+02 3.022655944824218750e+02
5.716900000000000546e+02 4.260000000000000000e+02 3.022711791992187500e+02
5.720270000000000437e+02 2.030000000000000000e+02 3.022643737792968750e+02
5.723630000000000564e+02 1.540000000000000000e+02 3.022726745605468750e+02
5.726989999999999554e+02 1.300000000000000000e+02 3.022734985351562500e+02
5.730359999999999445e+02 4.800000000000000000e+01 3.022517395019531250e+02
5.733719999999999573e+02 1.130000000000000000e+02 3.022731323242187500e+02
5.737079999999999700e+02 7.300000000000000000e+01 3.022580871582031250e+02
5.740449999999999591e+02 1.010000000000000000e+02 3.022553405761718750e+02
5.743809999999999718e+02 9.100000000000000000e+01 3.022586669921875000e+02
5.747169999999999845e+02 2.500000000000000000e+01 3.022758483886718750e+02
5.750539999999999736e+02 4.700000000000000000e+01 3.022686767578125000e+02
5.753899999999999864e+02 8.100000000000000000e+01 3.022689208984375000e+02
5.757259999999999991e+02 5.200000000000000000e+01 3.022645874023437500e+02
5.760620000000000118e+02 6.000000000000000000e+01 3.022767333984375000e+02
5.763990000000000009e+02 5.100000000000000000e+01 3.022730712890625000e+02
5.767350000000000136e+02 1.510000000000000000e+02 3.022741394042968750e+02
