8.878920000000000528e+02 6.600000000000000000e+01 2.452153625488281250e+02
8.882279999999999518e+02 1.240000000000000000e+02 2.452264862060546875e+02
8.885639999999999645e+02 1.890000000000000000e+02 2.452257537841796875e+02
8.888999999999999773e+02 4.390000000000000000e+02 2.452213287353515625e+02
8.892359999999999900e+02 7.940000000000000000e+02 2.452254943847656250e+02
8.895720000000000027e+02 1.350000000000000000e+03 2.452262725830078125e+02
8.899139999999999873e+02 2.029000000000000000e+03 2.452268981933593750e+02
8.902500000000000000e+02 2.598000000000000000e+03 2.452262725830078125e+02
8.905860000000000127e+02 3.852000000000000000e+03 2.452263183593750000e+02
8.909220000000000255e+02 4.452000000000000000e+03 2.452258605957031250e+02
8.912580000000000382e+02 5.770000000000000000e+03 2.452259674072265625e+02
8.915940000000000509e+02 5.350000000000000000e+03 2.452249298095703125e+02
8.919299999999999500e+02 5.668000000000000000e+03 2.452261505126953125e+02
8.922659999999999627e+02 5.999000000000000000e+03 2.452274780273437500e+02
8.926019999999999754e+02 5.507000000000000000e+03 2.452267150878906250e+02
8.929379999999999882e+02 5.339000000000000000e+03 2.452257537841796875e+02
8.932740000000000009e+02 4.227000000000000000e+03 2.452269897460937500e+02
8.936100000000000136e+02 3.474000000000000000e+03 2.452259368896484375e+02
8.939460000000000264e+02 2.812000000000000000e+03 2.452257690429687500e+02
8.942820000000000391e+02 2.142000000000000000e+03 2.452253265380859375e+02
8.946180000000000518e+02 1.754000000000000000e+03 2.452262115478515625e+02
8.949539999999999509e+02 1.313000000000000000e+03 2.452256774902343750e+02
8.952960000000000491e+02 7.970000000000000000e+02 2.452278594970703125e+02
8.956259999999999764e+02 5.690000000000000000e+02 2.452264404296875000e+02
8.959679999999999609e+02 4.660000000000000000e+02 2.452257232666015625e+02
8.963039999999999736e+02 4.600000000000000000e+02 2.452243194580078125e+02
8.966399999999999864e+02 2.150000000000000000e+02 2.452240295410156250e+02
8.969759999999999991e+02 2.810000000000000000e+02 2.452253265380859375e+02
8.973120000000000118e+02 2.240000000000000000e+02 2.452290802001953125e+02
8.976480000000000246e+02 1.430000000000000000e+02 2.452192535400390625e+02
8.979840000000000373e+02 1.400000000000000000e+02 2.452153930664062500e+02
8.983200000000000500e+02 1.560000000000000000e+02 2.452243652343750000e+02
8.986559999999999491e+02 1.750000000000000000e+02 2.452232971191406250e+02
8.989919999999999618e+02 1.690000000000000000e+02 2.452214050292968750e+02
8.993279999999999745e+02 1.310000000000000000e+02 2.452223052978515625e+02
