7.974059999999999491e+02 2.180000000000000000e+02 1.680460510253906250e+02
7.977419999999999618e+02 2.830000000000000000e+02 1.680462646484375000e+02
7.980779999999999745e+02 5.190000000000000000e+02 1.680428924560546875e+02
7.984139999999999873e+02 4.340000000000000000e+02 1.680442352294921875e+02
7.987500000000000000e+02 3.070000000000000000e+02 1.680482788085937500e+02
7.990919999999999845e+02 3.210000000000000000e+02 1.680437927246093750e+02
7.994279999999999973e+02 3.890000000000000000e+02 1.680451354980468750e+02
7.997640000000000100e+02 4.400000000000000000e+02 1.680473175048828125e+02
8.001000000000000227e+02 4.430000000000000000e+02 1.680437164306640625e+02
8.004360000000000355e+02 3.410000000000000000e+02 1.680472412109375000e+02
8.007720000000000482e+02 4.110000000000000000e+02 1.680461120605468750e+02
8.011079999999999472e+02 3.360000000000000000e+02 1.680437622070312500e+02
8.014439999999999600e+02 3.950000000000000000e+02 1.680445709228515625e+02
8.017799999999999727e+02 3.360000000000000000e+02 1.680492706298828125e+02
8.021159999999999854e+02 5.710000000000000000e+02 1.680469360351562500e+02
8.024519999999999982e+02 2.250000000000000000e+02 1.680468902587890625e+02
8.027880000000000109e+02 2.120000000000000000e+02 1.680451660156250000e+02
8.031240000000000236e+02 3.230000000000000000e+02 1.680454711914062500e+02
8.034600000000000364e+02 2.530000000000000000e+02 1.680488433837890625e+02
8.037960000000000491e+02 4.510000000000000000e+02 1.680415496826171875e+02
8.041380000000000337e+02 4.680000000000000000e+02 1.680433959960937500e+02
8.044740000000000464e+02 2.510000000000000000e+02 1.680469970703125000e+02
8.048039999999999736e+02 2.510000000000000000e+02 1.680475769042968750e+02
8.051459999999999582e+02 4.530000000000000000e+02 1.680442657470703125e+02
8.054819999999999709e+02 2.700000000000000000e+02 1.680454864501953125e+02
8.058179999999999836e+02 2.090000000000000000e+02 1.680466308593750000e+02
8.061539999999999964e+02 3.990000000000000000e+02 1.680450439453125000e+02
8.064900000000000091e+02 3.090000000000000000e+02 1.680465087890625000e+02
8.068260000000000218e+02 3.000000000000000000e+02 1.680498352050781250e+02
8.071620000000000346e+02 3.860000000000000000e+02 1.680457763671875000e+02
8.074980000000000473e+02 1.300000000000000000e+02 1.680501251220703125e+02
8.078339999999999463e+02 3.340000000000000000e+02 1.680480041503906250e+02
8.081699999999999591e+02 2.640000000000000000e+02 1.680496520996093750e+02
8.085059999999999718e+02 2.700000000000000000e+02 1.680459899902343750e+02
8.088419999999999845e+02 4.220000000000000000e+02 1.680472259521484375e+02
8.091839999999999691e+02 4.750000000000000000e+02 1.680456237792968750e+02
8.095199999999999818e+02 3.620000000000000000e+02 1.680455322265625000e+02
8.098559999999999945e+02 1.620000000000000000e+02 1.680477294921875000e+02
8.101920000000000073e+02 2.900000000000000000e+02 1.680438537597656250e+02
8.105280000000000200e+02 3.450000000000000000e+02 1.680471191406250000e+02
8.108640000000000327e+02 4.360000000000000000e+02 1.680436096191406250e+02
8.112000000000000455e+02 3.920000000000000000e+02 1.680491485595703125e+02
8.115359999999999445e+02 4.840000000000000000e+02 1.680478057861328125e+02
8.118719999999999573e+02 2.950000000000000000e+02 1.680450439453125000e+02
8.122079999999999700e+02 5.250000000000000000e+02 1.680467071533203125e+02
8.125439999999999827e+02 3.790000000000000000e+02 1.680471191406250000e+02
8.128799999999999955e+02 3.320000000000000000e+02 1.680450134277343750e+02
8.132160000000000082e+02 2.540000000000000000e+02 1.680462036132812500e+02
8.135520000000000209e+02 3.610000000000000000e+02 1.680428924560546875e+02
8.138880000000000337e+02 3.740000000000000000e+02 1.680470275878906250e+02
8.142240000000000464e+02 3.930000000000000000e+02 1.680447845458984375e+02
8.145599999999999454e+02 3.000000000000000000e+02 1.680445404052734375e+02
8.149020000000000437e+02 4.170000000000000000e+02 1.680438995361328125e+02
8.152319999999999709e+02 2.990000000000000000e+02 1.680451507568359375e+02
8.155739999999999554e+02 4.080000000000000000e+02 1.680450897216796875e+02
8.159099999999999682e+02 2.660000000000000000e+02 1.680457763671875000e+02
8.162459999999999809e+02 3.440000000000000000e+02 1.680456390380859375e+02
8.165819999999999936e+02 3.170000000000000000e+02 1.680450439453125000e+02
8.169180000000000064e+02 1.830000000000000000e+02 1.680512847900390625e+02
8.172540000000000191e+02 3.650000000000000000e+02 1.680430145263671875e+02
8.175900000000000318e+02 3.970000000000000000e+02 1.680452728271484375e+02
8.179260000000000446e+02 4.900000000000000000e+02 1.680445556640625000e+02
8.182619999999999436e+02 2.730000000000000000e+02 1.680454864501953125e+02
8.185979999999999563e+02 3.230000000000000000e+02 1.680457153320312500e+02
8.189339999999999691e+02 3.600000000000000000e+02 1.680440368652343750e+02
8.192699999999999818e+02 4.150000000000000000e+02 1.680457611083984375e+02
8.196059999999999945e+02 3.850000000000000000e+02 1.680479583740234375e+02
8.199479999999999791e+02 2.120000000000000000e+02 1.680464477539062500e+02
8.202839999999999918e+02 2.370000000000000000e+02 1.680491943359375000e+02
8.206200000000000045e+02 2.890000000000000000e+02 1.680460662841796875e+02
8.209560000000000173e+02 2.390000000000000000e+02 1.680440063476562500e+02
8.212920000000000300e+02 3.190000000000000000e+02 1.680432739257812500e+02
8.216280000000000427e+02 1.260000000000000000e+02 1.680498352050781250e+02
8.219640000000000555e+02 2.980000000000000000e+02 1.680438842773437500e+02
8.222999999999999545e+02 2.130000000000000000e+02 1.680434875488281250e+02
8.226359999999999673e+02 2.780000000000000000e+02 1.680462951660156250e+02
8.229719999999999800e+02 2.890000000000000000e+02 1.680522460937500000e+02
8.233079999999999927e+02 2.570000000000000000e+02 1.680504302978515625e+02
8.236440000000000055e+02 2.260000000000000000e+02 1.680438995361328125e+02
8.239800000000000182e+02 2.630000000000000000e+02 1.680440216064453125e+02
8.243160000000000309e+02 2.360000000000000000e+02 1.680458221435546875e+02
8.246520000000000437e+02 2.170000000000000000e+02 1.680445098876953125e+02
8.249880000000000564e+02 2.910000000000000000e+02 1.680446929931640625e+02
8.253239999999999554e+02 3.790000000000000000e+02 1.680463256835937500e+02
8.256599999999999682e+02 4.460000000000000000e+02 1.680462493896484375e+02
8.259959999999999809e+02 2.700000000000000000e+02 1.680435180664062500e+02
8.263379999999999654e+02 5.000000000000000000e+02 1.680437316894531250e+02
8.266739999999999782e+02 3.060000000000000000e+02 1.680438232421875000e+02
