7.920240000000000009e+02 3.540000000000000000e+02 5.754990234375000000e+02
7.923600000000000136e+02 3.420000000000000000e+02 5.755084838867187500e+02
7.926960000000000264e+02 3.640000000000000000e+02 5.755041503906250000e+02
7.930320000000000391e+02 3.840000000000000000e+02 5.755032348632812500e+02
7.933680000000000518e+02 3.940000000000000000e+02 5.755017089843750000e+02
7.937039999999999509e+02 3.640000000000000000e+02 5.755092163085937500e+02
7.940399999999999636e+02 3.430000000000000000e+02 5.755075073242187500e+02
7.943759999999999764e+02 2.290000000000000000e+02 5.755126342773437500e+02
7.947179999999999609e+02 3.970000000000000000e+02 5.755046386718750000e+02
7.950539999999999736e+02 2.680000000000000000e+02 5.755003051757812500e+02
7.953899999999999864e+02 3.070000000000000000e+02 5.754917602539062500e+02
7.957259999999999991e+02 2.790000000000000000e+02 5.755013427734375000e+02
7.960620000000000118e+02 4.980000000000000000e+02 5.755032348632812500e+02
7.963980000000000246e+02 3.290000000000000000e+02 5.755010375976562500e+02
7.967340000000000373e+02 3.730000000000000000e+02 5.754942016601562500e+02
7.970700000000000500e+02 4.160000000000000000e+02 5.754991455078125000e+02
7.974059999999999491e+02 4.560000000000000000e+02 5.754953613281250000e+02
7.977419999999999618e+02 2.260000000000000000e+02 5.755068969726562500e+02
7.980779999999999745e+02 4.130000000000000000e+02 5.754972534179687500e+02
7.984139999999999873e+02 3.640000000000000000e+02 5.755015869140625000e+02
7.987500000000000000e+02 3.680000000000000000e+02 5.754951171875000000e+02
7.990919999999999845e+02 2.720000000000000000e+02 5.755092163085937500e+02
7.994279999999999973e+02 3.270000000000000000e+02 5.754979858398437500e+02
7.997640000000000100e+02 2.500000000000000000e+02 5.755020751953125000e+02
8.001000000000000227e+02 4.340000000000000000e+02 5.755073242187500000e+02
8.004360000000000355e+02 3.110000000000000000e+02 5.755064697265625000e+02
8.007720000000000482e+02 4.340000000000000000e+02 5.755042724609375000e+02
8.011079999999999472e+02 3.030000000000000000e+02 5.755039062500000000e+02
8.014439999999999600e+02 2.890000000000000000e+02 5.754990234375000000e+02
8.017799999999999727e+02 2.420000000000000000e+02 5.754962768554687500e+02
8.021159999999999854e+02 3.780000000000000000e+02 5.755043945312500000e+02
8.024519999999999982e+02 3.370000000000000000e+02 5.755020141601562500e+02
8.027880000000000109e+02 4.500000000000000000e+02 5.754971313476562500e+02
8.031240000000000236e+02 4.170000000000000000e+02 5.754989624023437500e+02
8.034600000000000364e+02 3.370000000000000000e+02 5.755057373046875000e+02
8.037960000000000491e+02 3.140000000000000000e+02 5.755008544921875000e+02
8.041380000000000337e+02 2.980000000000000000e+02 5.754905395507812500e+02
8.044740000000000464e+02 2.550000000000000000e+02 5.755065307617187500e+02
8.048039999999999736e+02 3.380000000000000000e+02 5.755019531250000000e+02
8.051459999999999582e+02 5.170000000000000000e+02 5.754945678710937500e+02
8.054819999999999709e+02 3.840000000000000000e+02 5.755061645507812500e+02
8.058179999999999836e+02 4.090000000000000000e+02 5.754911499023437500e+02
8.061539999999999964e+02 3.710000000000000000e+02 5.754981689453125000e+02
8.064900000000000091e+02 5.530000000000000000e+02 5.755019531250000000e+02
8.068260000000000218e+02 4.580000000000000000e+02 5.754986572265625000e+02
8.071620000000000346e+02 3.930000000000000000e+02 5.754988403320312500e+02
8.074980000000000473e+02 4.310000000000000000e+02 5.755000610351562500e+02
8.078339999999999463e+02 3.280000000000000000e+02 5.755043945312500000e+02
8.081699999999999591e+02 3.170000000000000000e+02 5.755070800781250000e+02
8.085059999999999718e+02 4.090000000000000000e+02 5.755012207031250000e+02
8.088419999999999845e+02 4.800000000000000000e+02 5.754971313476562500e+02
8.091839999999999691e+02 4.530000000000000000e+02 5.755041503906250000e+02
8.095199999999999818e+02 3.410000000000000000e+02 5.754945678710937500e+02
8.098559999999999945e+02 5.070000000000000000e+02 5.754994506835937500e+02
8.101920000000000073e+02 4.530000000000000000e+02 5.755010986328125000e+02
8.105280000000000200e+02 3.460000000000000000e+02 5.754909057617187500e+02
8.108640000000000327e+02 3.620000000000000000e+02 5.755067138671875000e+02
8.112000000000000455e+02 2.530000000000000000e+02 5.755014038085937500e+02
8.115359999999999445e+02 2.610000000000000000e+02 5.754993896484375000e+02
8.118719999999999573e+02 3.570000000000000000e+02 5.755016479492187500e+02
8.122079999999999700e+02 3.330000000000000000e+02 5.755074462890625000e+02
8.125439999999999827e+02 4.970000000000000000e+02 5.754960327148437500e+02
8.128799999999999955e+02 3.930000000000000000e+02 5.754986572265625000e+02
8.132160000000000082e+02 4.430000000000000000e+02 5.755085449218750000e+02
8.135520000000000209e+02 3.690000000000000000e+02 5.755098266601562500e+02
8.138880000000000337e+02 4.510000000000000000e+02 5.754961547851562500e+02
8.142240000000000464e+02 4.110000000000000000e+02 5.754987182617187500e+02
8.145599999999999454e+02 4.220000000000000000e+02 5.755000610351562500e+02
8.149020000000000437e+02 3.890000000000000000e+02 5.755009765625000000e+02
8.152319999999999709e+02 3.620000000000000000e+02 5.755001220703125000e+02
8.155739999999999554e+02 3.500000000000000000e+02 5.755029907226562500e+02
8.159099999999999682e+02 4.170000000000000000e+02 5.754974365234375000e+02
8.162459999999999809e+02 4.830000000000000000e+02 5.755003051757812500e+02
8.165819999999999936e+02 3.470000000000000000e+02 5.754980468750000000e+02
8.169180000000000064e+02 4.700000000000000000e+02 5.754979248046875000e+02
8.172540000000000191e+02 4.250000000000000000e+02 5.755003051757812500e+02
8.175900000000000318e+02 4.550000000000000000e+02 5.755048828125000000e+02
8.179260000000000446e+02 5.350000000000000000e+02 5.754984741210937500e+02
8.182619999999999436e+02 2.580000000000000000e+02 5.755050048828125000e+02
8.185979999999999563e+02 5.940000000000000000e+02 5.755001831054687500e+02
8.189339999999999691e+02 2.870000000000000000e+02 5.755017089843750000e+02
8.192699999999999818e+02 4.170000000000000000e+02 5.755024414062500000e+02
8.196059999999999945e+02 4.770000000000000000e+02 5.754958496093750000e+02
