1.256290000000000049e+02 6.590000000000000000e+02 1.850415039062500000e+02
1.259650000000000034e+02 6.260000000000000000e+02 1.850401916503906250e+02
1.263010000000000019e+02 5.740000000000000000e+02 1.850414733886718750e+02
1.266380000000000052e+02 3.170000000000000000e+02 1.850402832031250000e+02
1.269740000000000038e+02 4.650000000000000000e+02 1.850419158935546875e+02
1.273100000000000023e+02 4.700000000000000000e+02 1.850380706787109375e+02
1.276470000000000056e+02 5.870000000000000000e+02 1.850368499755859375e+02
1.279830000000000041e+02 4.630000000000000000e+02 1.850368347167968750e+02
1.283189999999999884e+02 4.650000000000000000e+02 1.850414428710937500e+02
1.286550000000000011e+02 4.990000000000000000e+02 1.850392303466796875e+02
1.289919999999999902e+02 4.400000000000000000e+02 1.850422973632812500e+02
1.293280000000000030e+02 3.150000000000000000e+02 1.850436401367187500e+02
1.296639999999999873e+02 3.260000000000000000e+02 1.850423431396484375e+02
1.300010000000000048e+02 5.250000000000000000e+02 1.850444335937500000e+02
1.303369999999999891e+02 4.400000000000000000e+02 1.850408325195312500e+02
1.306730000000000018e+02 4.860000000000000000e+02 1.850393524169921875e+02
1.310099999999999909e+02 4.920000000000000000e+02 1.850392456054687500e+02
1.313460000000000036e+02 2.940000000000000000e+02 1.850425872802734375e+02
1.316819999999999879e+02 4.020000000000000000e+02 1.850384979248046875e+02
1.320180000000000007e+02 5.180000000000000000e+02 1.850391235351562500e+02
1.323549999999999898e+02 5.030000000000000000e+02 1.850415039062500000e+02
1.326910000000000025e+02 4.620000000000000000e+02 1.850409698486328125e+02
1.330289999999999964e+02 3.420000000000000000e+02 1.850425872802734375e+02
1.333650000000000091e+02 3.740000000000000000e+02 1.850432891845703125e+02
1.337009999999999934e+02 4.010000000000000000e+02 1.850428771972656250e+02
1.340380000000000109e+02 3.700000000000000000e+02 1.850404815673828125e+02
1.343739999999999952e+02 2.860000000000000000e+02 1.850386657714843750e+02
1.347100000000000080e+02 4.950000000000000000e+02 1.850449218750000000e+02
1.350469999999999970e+02 4.730000000000000000e+02 1.850422058105468750e+02
1.353830000000000098e+02 3.850000000000000000e+02 1.850405578613281250e+02
1.357189999999999941e+02 4.850000000000000000e+02 1.850434722900390625e+02
1.360560000000000116e+02 3.440000000000000000e+02 1.850384521484375000e+02
1.363919999999999959e+02 3.270000000000000000e+02 1.850412445068359375e+02
1.367280000000000086e+02 4.520000000000000000e+02 1.850406494140625000e+02
1.370649999999999977e+02 4.510000000000000000e+02 1.850362396240234375e+02
1.374010000000000105e+02 6.190000000000000000e+02 1.850394744873046875e+02
1.377379999999999995e+02 5.150000000000000000e+02 1.850421905517578125e+02
1.380740000000000123e+02 4.020000000000000000e+02 1.850406494140625000e+02
1.384099999999999966e+02 4.470000000000000000e+02 1.850422058105468750e+02
1.387470000000000141e+02 3.490000000000000000e+02 1.850414123535156250e+02
1.390829999999999984e+02 2.360000000000000000e+02 1.850357971191406250e+02
1.394190000000000111e+02 3.240000000000000000e+02 1.850416564941406250e+02
1.397560000000000002e+02 2.670000000000000000e+02 1.850362854003906250e+02
1.400920000000000130e+02 3.550000000000000000e+02 1.850427703857421875e+02
1.404279999999999973e+02 5.090000000000000000e+02 1.850417022705078125e+02
1.407649999999999864e+02 4.280000000000000000e+02 1.850378265380859375e+02
1.411009999999999991e+02 5.050000000000000000e+02 1.850393371582031250e+02
1.414370000000000118e+02 4.290000000000000000e+02 1.850412445068359375e+02
1.417740000000000009e+02 3.730000000000000000e+02 1.850451965332031250e+02
1.421100000000000136e+02 1.700000000000000000e+02 1.850380249023437500e+02
1.424459999999999980e+02 1.650000000000000000e+02 1.850342407226562500e+02
1.427820000000000107e+02 2.880000000000000000e+02 1.850377349853515625e+02
1.431200000000000045e+02 2.570000000000000000e+02 1.850453643798828125e+02
1.434569999999999936e+02 3.010000000000000000e+02 1.850433807373046875e+02
1.437930000000000064e+02 2.710000000000000000e+02 1.850434570312500000e+02
1.441289999999999907e+02 1.860000000000000000e+02 1.850412597656250000e+02
1.444650000000000034e+02 3.610000000000000000e+02 1.850456695556640625e+02
1.448019999999999925e+02 3.460000000000000000e+02 1.850435943603515625e+02
1.451380000000000052e+02 3.260000000000000000e+02 1.850421752929687500e+02
1.454739999999999895e+02 3.670000000000000000e+02 1.850401916503906250e+02
1.458110000000000070e+02 3.410000000000000000e+02 1.850429077148437500e+02
1.461469999999999914e+02 1.850000000000000000e+02 1.850415039062500000e+02
1.464830000000000041e+02 2.930000000000000000e+02 1.850362243652343750e+02
1.468199999999999932e+02 1.150000000000000000e+02 1.850370483398437500e+02
1.471560000000000059e+02 2.130000000000000000e+02 1.850419311523437500e+02
1.474919999999999902e+02 3.070000000000000000e+02 1.850449981689453125e+02
1.478280000000000030e+02 1.780000000000000000e+02 1.850452575683593750e+02
1.481649999999999920e+02 1.800000000000000000e+02 1.850379791259765625e+02
1.485010000000000048e+02 1.550000000000000000e+02 1.850415802001953125e+02
1.488369999999999891e+02 2.140000000000000000e+02 1.850454101562500000e+02
1.491740000000000066e+02 2.100000000000000000e+02 1.850417022705078125e+02
1.495099999999999909e+02 1.530000000000000000e+02 1.850399017333984375e+02
1.498460000000000036e+02 2.020000000000000000e+02 1.850371093750000000e+02
1.501829999999999927e+02 2.070000000000000000e+02 1.850382995605468750e+02
1.505190000000000055e+02 2.370000000000000000e+02 1.850416717529296875e+02
1.508549999999999898e+02 9.400000000000000000e+01 1.850432586669921875e+02
1.511910000000000025e+02 2.350000000000000000e+02 1.850430145263671875e+02
1.515279999999999916e+02 1.800000000000000000e+02 1.850406036376953125e+02
1.518640000000000043e+02 1.260000000000000000e+02 1.850320587158203125e+02
1.521999999999999886e+02 1.200000000000000000e+02 1.850473785400390625e+02
1.525370000000000061e+02 8.200000000000000000e+01 1.850509490966796875e+02
1.528729999999999905e+02 1.600000000000000000e+02 1.850379943847656250e+02
1.532110000000000127e+02 1.240000000000000000e+02 1.850415954589843750e+02
1.535480000000000018e+02 2.010000000000000000e+02 1.850434722900390625e+02
1.538839999999999861e+02 1.650000000000000000e+02 1.850353851318359375e+02
1.542210000000000036e+02 1.470000000000000000e+02 1.850462951660156250e+02
1.545569999999999879e+02 1.250000000000000000e+02 1.850415344238281250e+02
1.548930000000000007e+02 1.310000000000000000e+02 1.850428161621093750e+02
