4.792600000000000193e+01 2.670000000000000000e+02 4.391285705566406250e+02
4.826200000000000045e+01 2.680000000000000000e+02 4.391379699707031250e+02
4.859799999999999898e+01 3.560000000000000000e+02 4.391448059082031250e+02
4.893500000000000227e+01 2.480000000000000000e+02 4.391364135742187500e+02
4.927100000000000080e+01 3.400000000000000000e+02 4.391471557617187500e+02
4.960699999999999932e+01 2.940000000000000000e+02 4.391405334472656250e+02
4.994400000000000261e+01 3.130000000000000000e+02 4.391440734863281250e+02
5.028000000000000114e+01 3.610000000000000000e+02 4.391384277343750000e+02
5.061599999999999966e+01 3.910000000000000000e+02 4.391437072753906250e+02
5.095300000000000296e+01 3.720000000000000000e+02 4.391276245117187500e+02
5.128900000000000148e+01 5.080000000000000000e+02 4.391377563476562500e+02
5.162500000000000000e+01 3.220000000000000000e+02 4.391364746093750000e+02
5.196099999999999852e+01 3.630000000000000000e+02 4.391416625976562500e+02
5.229899999999999949e+01 2.530000000000000000e+02 4.391369323730468750e+02
5.263600000000000279e+01 3.410000000000000000e+02 4.391372985839843750e+02
5.297200000000000131e+01 4.220000000000000000e+02 4.391339721679687500e+02
5.330799999999999983e+01 3.610000000000000000e+02 4.391418762207031250e+02
5.364399999999999835e+01 2.510000000000000000e+02 4.391311950683593750e+02
5.398100000000000165e+01 2.640000000000000000e+02 4.391347351074218750e+02
5.431700000000000017e+01 2.390000000000000000e+02 4.391493530273437500e+02
5.465299999999999869e+01 3.660000000000000000e+02 4.391489257812500000e+02
5.499000000000000199e+01 4.240000000000000000e+02 4.391404113769531250e+02
5.532600000000000051e+01 3.140000000000000000e+02 4.391433105468750000e+02
5.566199999999999903e+01 2.130000000000000000e+02 4.391420593261718750e+02
5.599900000000000233e+01 2.710000000000000000e+02 4.391418457031250000e+02
5.633500000000000085e+01 3.280000000000000000e+02 4.391374816894531250e+02
5.667099999999999937e+01 4.160000000000000000e+02 4.391384277343750000e+02
5.700800000000000267e+01 2.850000000000000000e+02 4.391390380859375000e+02
5.734400000000000119e+01 2.270000000000000000e+02 4.391401367187500000e+02
5.767999999999999972e+01 3.220000000000000000e+02 4.391431579589843750e+02
5.801700000000000301e+01 3.580000000000000000e+02 4.391354370117187500e+02
5.835300000000000153e+01 2.860000000000000000e+02 4.391380920410156250e+02
5.868900000000000006e+01 3.280000000000000000e+02 4.391477661132812500e+02
5.902600000000000335e+01 3.270000000000000000e+02 4.391398010253906250e+02
5.936200000000000188e+01 2.100000000000000000e+02 4.391413269042968750e+02
5.969800000000000040e+01 3.500000000000000000e+02 4.391289978027343750e+02
6.003479999999999706e+01 2.230000000000000000e+02 4.391402893066406250e+02
6.037080000000000268e+01 2.680000000000000000e+02 4.391420898437500000e+02
6.070680000000000121e+01 2.350000000000000000e+02 4.391397705078125000e+02
6.104399999999999693e+01 3.070000000000000000e+02 4.391453857421875000e+02
6.138000000000000256e+01 2.070000000000000000e+02 4.391451721191406250e+02
6.171600000000000108e+01 1.790000000000000000e+02 4.391508483886718750e+02
6.205199999999999960e+01 3.400000000000000000e+02 4.391435852050781250e+02
6.238980000000000103e+01 2.880000000000000000e+02 4.391384582519531250e+02
6.272699999999999676e+01 3.170000000000000000e+02 4.391369323730468750e+02
6.306300000000000239e+01 3.200000000000000000e+02 4.391396789550781250e+02
6.339900000000000091e+01 4.180000000000000000e+02 4.391307067871093750e+02
6.373499999999999943e+01 2.780000000000000000e+02 4.391428527832031250e+02
6.407219999999999516e+01 2.610000000000000000e+02 4.391367187500000000e+02
6.440819999999999368e+01 2.340000000000000000e+02 4.391460876464843750e+02
6.474420000000000641e+01 3.360000000000000000e+02 4.391389160156250000e+02
6.508079999999999643e+01 1.300000000000000000e+02 4.391392211914062500e+02
6.541679999999999495e+01 2.270000000000000000e+02 4.391449279785156250e+02
6.575279999999999347e+01 3.360000000000000000e+02 4.391385498046875000e+02
