7.079819999999999425e+01 1.610000000000000000e+02 5.062015075683593750e+02
7.113420000000000698e+01 1.930000000000000000e+02 5.061952209472656250e+02
7.147020000000000550e+01 1.510000000000000000e+02 5.062050476074218750e+02
7.180679999999999552e+01 2.100000000000000000e+02 5.062006225585937500e+02
7.214279999999999404e+01 1.710000000000000000e+02 5.062150878906250000e+02
7.248120000000000118e+01 1.580000000000000000e+02 5.062094421386718750e+02
7.281719999999999970e+01 2.590000000000000000e+02 5.061952514648437500e+02
7.315380000000000393e+01 1.820000000000000000e+02 5.062021179199218750e+02
7.348980000000000246e+01 1.880000000000000000e+02 5.061942443847656250e+02
7.382580000000000098e+01 2.670000000000000000e+02 5.062069396972656250e+02
7.416299999999999670e+01 2.950000000000000000e+02 5.061976623535156250e+02
7.449899999999999523e+01 3.180000000000000000e+02 5.061969909667968750e+02
7.483499999999999375e+01 2.830000000000000000e+02 5.062039184570312500e+02
7.517220000000000368e+01 2.500000000000000000e+02 5.062102355957031250e+02
7.550879999999999370e+01 2.840000000000000000e+02 5.061970825195312500e+02
7.584480000000000643e+01 2.020000000000000000e+02 5.062055969238281250e+02
7.618080000000000496e+01 2.420000000000000000e+02 5.061997070312500000e+02
7.651680000000000348e+01 3.580000000000000000e+02 5.062118835449218750e+02
7.685399999999999920e+01 3.100000000000000000e+02 5.061983337402343750e+02
7.718999999999999773e+01 2.100000000000000000e+02 5.062013854980468750e+02
7.752599999999999625e+01 3.320000000000000000e+02 5.062024536132812500e+02
7.786320000000000618e+01 2.860000000000000000e+02 5.062099914550781250e+02
7.819920000000000471e+01 4.630000000000000000e+02 5.062074279785156250e+02
7.853520000000000323e+01 3.040000000000000000e+02 5.062035217285156250e+02
7.887179999999999325e+01 2.840000000000000000e+02 5.061997680664062500e+02
7.920780000000000598e+01 3.460000000000000000e+02 5.062019958496093750e+02
7.954380000000000450e+01 3.870000000000000000e+02 5.062112121582031250e+02
7.987980000000000302e+01 3.860000000000000000e+02 5.062038574218750000e+02
8.021699999999999875e+01 3.680000000000000000e+02 5.062087707519531250e+02
8.055299999999999727e+01 2.300000000000000000e+02 5.061964111328125000e+02
8.088899999999999579e+01 4.180000000000000000e+02 5.062160949707031250e+02
8.122620000000000573e+01 2.430000000000000000e+02 5.062047424316406250e+02
8.156220000000000425e+01 4.020000000000000000e+02 5.062032775878906250e+02
8.189820000000000277e+01 2.160000000000000000e+02 5.061885986328125000e+02
8.223480000000000700e+01 3.880000000000000000e+02 5.062046813964843750e+02
8.257200000000000273e+01 3.060000000000000000e+02 5.062052917480468750e+02
8.290919999999999845e+01 2.050000000000000000e+02 5.062126159667968750e+02
8.324519999999999698e+01 2.660000000000000000e+02 5.062124023437500000e+02
8.358119999999999550e+01 1.390000000000000000e+02 5.062009277343750000e+02
8.391779999999999973e+01 2.400000000000000000e+02 5.062084655761718750e+02
8.425379999999999825e+01 2.530000000000000000e+02 5.062091064453125000e+02
8.458979999999999677e+01 2.610000000000000000e+02 5.061984863281250000e+02
8.492700000000000671e+01 1.920000000000000000e+02 5.062050170898437500e+02
8.526300000000000523e+01 2.740000000000000000e+02 5.061989746093750000e+02
8.560020000000000095e+01 1.260000000000000000e+02 5.062015991210937500e+02
8.593619999999999948e+01 2.100000000000000000e+02 5.061989135742187500e+02
8.627219999999999800e+01 1.500000000000000000e+02 5.062013854980468750e+02
8.660819999999999652e+01 2.110000000000000000e+02 5.061999816894531250e+02
8.694480000000000075e+01 1.480000000000000000e+02 5.062073669433593750e+02
8.728079999999999927e+01 2.090000000000000000e+02 5.061960144042968750e+02
8.761679999999999779e+01 8.900000000000000000e+01 5.062056274414062500e+02
8.795399999999999352e+01 1.360000000000000000e+02 5.062152709960937500e+02
8.829000000000000625e+01 2.020000000000000000e+02 5.062072448730468750e+02
8.862600000000000477e+01 1.330000000000000000e+02 5.062102966308593750e+02
8.896320000000000050e+01 2.090000000000000000e+02 5.062110900878906250e+02
8.929919999999999902e+01 2.470000000000000000e+02 5.062016906738281250e+02
8.963519999999999754e+01 2.010000000000000000e+02 5.061977539062500000e+02
8.997180000000000177e+01 1.770000000000000000e+02 5.062110290527343750e+02
9.030780000000000030e+01 2.010000000000000000e+02 5.062049865722656250e+02
9.064379999999999882e+01 2.060000000000000000e+02 5.061910400390625000e+02
9.098099999999999454e+01 1.980000000000000000e+02 5.062069091796875000e+02
9.131699999999999307e+01 1.540000000000000000e+02 5.061962890625000000e+02
9.165300000000000580e+01 2.140000000000000000e+02 5.061941223144531250e+02
9.199020000000000152e+01 1.230000000000000000e+02 5.062098083496093750e+02
9.232620000000000005e+01 1.970000000000000000e+02 5.062073974609375000e+02
9.266400000000000148e+01 2.220000000000000000e+02 5.062060546875000000e+02
