3.537049999999999841e+02 1.080000000000000000e+02 5.660346069335937500e+02
3.540409999999999968e+02 1.890000000000000000e+02 5.660267333984375000e+02
3.543770000000000095e+02 3.000000000000000000e+02 5.660408325195312500e+02
3.547139999999999986e+02 3.550000000000000000e+02 5.660410156250000000e+02
3.550509999999999877e+02 4.550000000000000000e+02 5.660415649414062500e+02
3.553879999999999768e+02 5.300000000000000000e+02 5.660379638671875000e+02
3.557239999999999895e+02 5.860000000000000000e+02 5.660371704101562500e+02
3.560600000000000023e+02 5.390000000000000000e+02 5.660390625000000000e+02
3.563969999999999914e+02 4.640000000000000000e+02 5.660314331054687500e+02
3.567330000000000041e+02 4.580000000000000000e+02 5.660422973632812500e+02
3.570690000000000168e+02 3.210000000000000000e+02 5.660385742187500000e+02
3.574060000000000059e+02 1.880000000000000000e+02 5.660383911132812500e+02
3.577420000000000186e+02 2.550000000000000000e+02 5.660336914062500000e+02
3.580779999999999745e+02 1.990000000000000000e+02 5.660445556640625000e+02
3.584150000000000205e+02 1.000000000000000000e+02 5.660231323242187500e+02
3.587509999999999764e+02 4.600000000000000000e+01 5.660424194335937500e+02
3.590869999999999891e+02 1.220000000000000000e+02 5.660349731445312500e+02
