1.959319999999999879e+02 1.170000000000000000e+02 3.471262207031250000e+02
1.962690000000000055e+02 1.080000000000000000e+02 3.471060791015625000e+02
1.966049999999999898e+02 9.600000000000000000e+01 3.471189880371093750e+02
1.969420000000000073e+02 2.620000000000000000e+02 3.471131286621093750e+02
1.972779999999999916e+02 2.640000000000000000e+02 3.471152343750000000e+02
1.976140000000000043e+02 3.870000000000000000e+02 3.471078796386718750e+02
1.979509999999999934e+02 4.570000000000000000e+02 3.471161193847656250e+02
1.982870000000000061e+02 2.830000000000000000e+02 3.471216125488281250e+02
1.986229999999999905e+02 3.400000000000000000e+02 3.471036071777343750e+02
1.989600000000000080e+02 2.440000000000000000e+02 3.471045532226562500e+02
1.992959999999999923e+02 1.090000000000000000e+02 3.471091613769531250e+02
1.996320000000000050e+02 1.680000000000000000e+02 3.471144714355468750e+02
1.999689999999999941e+02 2.580000000000000000e+02 3.471083374023437500e+02
2.003050000000000068e+02 3.240000000000000000e+02 3.471101074218750000e+02
2.006419999999999959e+02 1.730000000000000000e+02 3.471138305664062500e+02
2.009780000000000086e+02 2.370000000000000000e+02 3.471196594238281250e+02
2.013139999999999930e+02 2.070000000000000000e+02 3.471183471679687500e+02
2.016510000000000105e+02 3.060000000000000000e+02 3.471135253906250000e+02
2.019869999999999948e+02 4.130000000000000000e+02 3.471141052246093750e+02
2.023230000000000075e+02 2.990000000000000000e+02 3.471118774414062500e+02
2.026599999999999966e+02 3.350000000000000000e+02 3.471190185546875000e+02
2.029960000000000093e+02 1.870000000000000000e+02 3.471138000488281250e+02
2.033319999999999936e+02 2.100000000000000000e+02 3.471127624511718750e+02
2.036699999999999875e+02 1.870000000000000000e+02 3.471106567382812500e+02
2.040060000000000002e+02 9.600000000000000000e+01 3.471103820800781250e+02
2.043429999999999893e+02 9.700000000000000000e+01 3.471169738769531250e+02
2.046790000000000020e+02 1.490000000000000000e+02 3.471148986816406250e+02
2.050149999999999864e+02 1.720000000000000000e+02 3.471272277832031250e+02
2.053520000000000039e+02 1.560000000000000000e+02 3.471138000488281250e+02
2.056879999999999882e+02 1.540000000000000000e+02 3.471207580566406250e+02
2.060240000000000009e+02 1.090000000000000000e+02 3.471303100585937500e+02
2.063600000000000136e+02 1.580000000000000000e+02 3.471221313476562500e+02
