5.397350000000000136e+02 1.340000000000000000e+02 6.230639038085937500e+02
5.400710000000000264e+02 2.050000000000000000e+02 6.230665283203125000e+02
5.404070000000000391e+02 2.850000000000000000e+02 6.230626220703125000e+02
5.407430000000000518e+02 3.520000000000000000e+02 6.230622558593750000e+02
5.410800000000000409e+02 4.350000000000000000e+02 6.230826416015625000e+02
5.414160000000000537e+02 4.560000000000000000e+02 6.230653686523437500e+02
5.417519999999999527e+02 4.540000000000000000e+02 6.230711059570312500e+02
5.420890000000000555e+02 3.990000000000000000e+02 6.230611572265625000e+02
5.424249999999999545e+02 4.540000000000000000e+02 6.230654907226562500e+02
5.427609999999999673e+02 2.040000000000000000e+02 6.230623168945312500e+02
5.430979999999999563e+02 1.510000000000000000e+02 6.230644531250000000e+02
5.434339999999999691e+02 8.500000000000000000e+01 6.230747680664062500e+02
5.437699999999999818e+02 7.700000000000000000e+01 6.230599975585937500e+02
5.441069999999999709e+02 3.100000000000000000e+01 6.230598754882812500e+02
5.444429999999999836e+02 3.300000000000000000e+01 6.230451049804687500e+02
