2.595070000000000050e+02 1.180000000000000000e+02 2.796328125000000000e+02
2.598430000000000177e+02 1.020000000000000000e+02 2.796271667480468750e+02
2.601800000000000068e+02 2.290000000000000000e+02 2.796164550781250000e+02
2.605160000000000196e+02 2.340000000000000000e+02 2.796177062988281250e+02
2.608519999999999754e+02 2.800000000000000000e+02 2.796234130859375000e+02
2.611890000000000214e+02 2.720000000000000000e+02 2.796230773925781250e+02
2.615249999999999773e+02 2.750000000000000000e+02 2.796172790527343750e+02
2.618609999999999900e+02 4.470000000000000000e+02 2.796183166503906250e+02
2.621970000000000027e+02 2.550000000000000000e+02 2.796200866699218750e+02
2.625339999999999918e+02 3.830000000000000000e+02 2.796203308105468750e+02
2.628700000000000045e+02 1.450000000000000000e+02 2.796111145019531250e+02
