1.189000000000000057e+02 3.400000000000000000e+01 4.640045166015625000e+02
1.192360000000000042e+02 2.800000000000000000e+01 4.639966430664062500e+02
1.195720000000000027e+02 1.530000000000000000e+02 4.640042419433593750e+02
1.199090000000000060e+02 2.260000000000000000e+02 4.639985046386718750e+02
1.202450000000000045e+02 1.770000000000000000e+02 4.640077209472656250e+02
1.205810000000000031e+02 2.250000000000000000e+02 4.639979858398437500e+02
1.209180000000000064e+02 3.380000000000000000e+02 4.640049438476562500e+02
1.212540000000000049e+02 3.770000000000000000e+02 4.640064392089843750e+02
1.215909999999999940e+02 3.210000000000000000e+02 4.640123596191406250e+02
1.219270000000000067e+02 2.210000000000000000e+02 4.640058288574218750e+02
1.222639999999999958e+02 2.460000000000000000e+02 4.640043945312500000e+02
1.225999999999999943e+02 2.130000000000000000e+02 4.640247802734375000e+02
1.229380000000000024e+02 2.960000000000000000e+02 4.640174865722656250e+02
1.232740000000000009e+02 2.570000000000000000e+02 4.640048828125000000e+02
1.236110000000000042e+02 3.860000000000000000e+02 4.640043334960937500e+02
1.239470000000000027e+02 3.110000000000000000e+02 4.640188903808593750e+02
1.242830000000000013e+02 2.060000000000000000e+02 4.640086364746093750e+02
1.246200000000000045e+02 2.730000000000000000e+02 4.640131530761718750e+02
1.249560000000000031e+02 2.650000000000000000e+02 4.640047607421875000e+02
1.252920000000000016e+02 2.220000000000000000e+02 4.640140075683593750e+02
1.256290000000000049e+02 2.420000000000000000e+02 4.640036315917968750e+02
1.259650000000000034e+02 3.100000000000000000e+02 4.640087890625000000e+02
1.263010000000000019e+02 1.590000000000000000e+02 4.640061035156250000e+02
1.266380000000000052e+02 2.510000000000000000e+02 4.640144958496093750e+02
1.269740000000000038e+02 2.060000000000000000e+02 4.640049743652343750e+02
1.273100000000000023e+02 4.410000000000000000e+02 4.640062561035156250e+02
1.276470000000000056e+02 1.940000000000000000e+02 4.640076599121093750e+02
1.279830000000000041e+02 2.740000000000000000e+02 4.640008239746093750e+02
1.283189999999999884e+02 4.370000000000000000e+02 4.640118408203125000e+02
1.286550000000000011e+02 3.210000000000000000e+02 4.640035400390625000e+02
1.289919999999999902e+02 2.730000000000000000e+02 4.640104370117187500e+02
1.293280000000000030e+02 2.300000000000000000e+02 4.640163269042968750e+02
1.296639999999999873e+02 3.120000000000000000e+02 4.640044860839843750e+02
1.300010000000000048e+02 2.220000000000000000e+02 4.640058898925781250e+02
1.303369999999999891e+02 2.420000000000000000e+02 4.640057373046875000e+02
1.306730000000000018e+02 2.150000000000000000e+02 4.640055541992187500e+02
1.310099999999999909e+02 2.490000000000000000e+02 4.639994201660156250e+02
1.313460000000000036e+02 3.490000000000000000e+02 4.640069580078125000e+02
1.316819999999999879e+02 1.720000000000000000e+02 4.640090332031250000e+02
1.320180000000000007e+02 2.990000000000000000e+02 4.640169067382812500e+02
1.323549999999999898e+02 2.840000000000000000e+02 4.640126953125000000e+02
1.326910000000000025e+02 2.270000000000000000e+02 4.640057983398437500e+02
1.330289999999999964e+02 2.930000000000000000e+02 4.639981994628906250e+02
1.333650000000000091e+02 2.050000000000000000e+02 4.640165405273437500e+02
1.337009999999999934e+02 2.390000000000000000e+02 4.640167541503906250e+02
1.340380000000000109e+02 2.220000000000000000e+02 4.640009155273437500e+02
1.343739999999999952e+02 1.830000000000000000e+02 4.640198669433593750e+02
1.347100000000000080e+02 3.600000000000000000e+02 4.640132751464843750e+02
1.350469999999999970e+02 2.940000000000000000e+02 4.640068664550781250e+02
1.353830000000000098e+02 2.300000000000000000e+02 4.639990539550781250e+02
1.357189999999999941e+02 2.530000000000000000e+02 4.640006103515625000e+02
1.360560000000000116e+02 2.670000000000000000e+02 4.640100708007812500e+02
1.363919999999999959e+02 2.080000000000000000e+02 4.640087890625000000e+02
1.367280000000000086e+02 2.930000000000000000e+02 4.640149841308593750e+02
1.370649999999999977e+02 3.320000000000000000e+02 4.639989929199218750e+02
1.374010000000000105e+02 2.330000000000000000e+02 4.640065307617187500e+02
1.377379999999999995e+02 1.710000000000000000e+02 4.640080871582031250e+02
1.380740000000000123e+02 3.390000000000000000e+02 4.640071716308593750e+02
1.384099999999999966e+02 3.130000000000000000e+02 4.640094299316406250e+02
1.387470000000000141e+02 2.440000000000000000e+02 4.639978027343750000e+02
1.390829999999999984e+02 3.230000000000000000e+02 4.640055541992187500e+02
1.394190000000000111e+02 3.400000000000000000e+02 4.640031127929687500e+02
1.397560000000000002e+02 2.450000000000000000e+02 4.640143737792968750e+02
1.400920000000000130e+02 2.370000000000000000e+02 4.640151367187500000e+02
1.404279999999999973e+02 2.670000000000000000e+02 4.640121459960937500e+02
1.407649999999999864e+02 1.760000000000000000e+02 4.640095214843750000e+02
1.411009999999999991e+02 2.970000000000000000e+02 4.640041198730468750e+02
1.414370000000000118e+02 3.210000000000000000e+02 4.640152282714843750e+02
1.417740000000000009e+02 1.770000000000000000e+02 4.640155029296875000e+02
