8.603099999999999454e+02 3.260000000000000000e+02 4.851111755371093750e+02
8.606459999999999582e+02 2.250000000000000000e+02 4.851076354980468750e+02
8.609819999999999709e+02 2.390000000000000000e+02 4.851074829101562500e+02
8.613179999999999836e+02 4.380000000000000000e+02 4.851107482910156250e+02
8.616539999999999964e+02 2.090000000000000000e+02 4.851062011718750000e+02
8.619900000000000091e+02 1.960000000000000000e+02 4.851045227050781250e+02
8.623260000000000218e+02 2.120000000000000000e+02 4.851099243164062500e+02
8.626620000000000346e+02 1.730000000000000000e+02 4.851081237792968750e+02
8.630040000000000191e+02 1.410000000000000000e+02 4.851083984375000000e+02
8.633339999999999463e+02 6.000000000000000000e+01 4.851130676269531250e+02
8.636760000000000446e+02 1.050000000000000000e+02 4.851124572753906250e+02
8.640119999999999436e+02 2.400000000000000000e+01 4.851250305175781250e+02
