7.711680000000000064e+02 2.400000000000000000e+01 5.503789672851562500e+02
7.715040000000000191e+02 7.700000000000000000e+01 5.503812255859375000e+02
7.718400000000000318e+02 4.400000000000000000e+01 5.503681030273437500e+02
7.721760000000000446e+02 5.600000000000000000e+01 5.503842163085937500e+02
7.725119999999999436e+02 1.300000000000000000e+02 5.503895874023437500e+02
7.728540000000000418e+02 1.220000000000000000e+02 5.503927612304687500e+02
7.731900000000000546e+02 1.740000000000000000e+02 5.503843994140625000e+02
7.735199999999999818e+02 2.510000000000000000e+02 5.503858032226562500e+02
7.738619999999999663e+02 3.190000000000000000e+02 5.503887939453125000e+02
7.741979999999999791e+02 2.140000000000000000e+02 5.503870239257812500e+02
7.745339999999999918e+02 4.370000000000000000e+02 5.503840942382812500e+02
7.748700000000000045e+02 3.060000000000000000e+02 5.503880004882812500e+02
7.752060000000000173e+02 2.610000000000000000e+02 5.503805541992187500e+02
7.755420000000000300e+02 3.260000000000000000e+02 5.503808593750000000e+02
7.758780000000000427e+02 1.560000000000000000e+02 5.503871459960937500e+02
7.762140000000000555e+02 2.150000000000000000e+02 5.503915405273437500e+02
7.765499999999999545e+02 1.260000000000000000e+02 5.503973999023437500e+02
7.768859999999999673e+02 2.120000000000000000e+02 5.503876342773437500e+02
7.772219999999999800e+02 1.000000000000000000e+02 5.503928833007812500e+02
7.775579999999999927e+02 5.900000000000000000e+01 5.503804931640625000e+02
