4.647180000000000177e+02 4.340000000000000000e+02 2.260862274169921875e+02
4.650550000000000068e+02 2.900000000000000000e+02 2.260827789306640625e+02
4.653910000000000196e+02 2.110000000000000000e+02 2.260869598388671875e+02
4.657269999999999754e+02 4.590000000000000000e+02 2.260809478759765625e+02
4.660649999999999977e+02 2.510000000000000000e+02 2.260914001464843750e+02
4.664010000000000105e+02 2.070000000000000000e+02 2.260923919677734375e+02
4.667379999999999995e+02 2.210000000000000000e+02 2.260882110595703125e+02
4.670740000000000123e+02 3.240000000000000000e+02 2.260890045166015625e+02
4.674100000000000250e+02 3.750000000000000000e+02 2.260828094482421875e+02
4.677470000000000141e+02 2.440000000000000000e+02 2.260881500244140625e+02
4.680830000000000268e+02 3.840000000000000000e+02 2.260863647460937500e+02
4.684200000000000159e+02 1.800000000000000000e+02 2.260870971679687500e+02
4.687559999999999718e+02 3.920000000000000000e+02 2.260847473144531250e+02
4.690930000000000177e+02 3.580000000000000000e+02 2.260865936279296875e+02
4.694289999999999736e+02 1.900000000000000000e+02 2.260875396728515625e+02
4.697660000000000196e+02 3.320000000000000000e+02 2.260894470214843750e+02
4.701030000000000086e+02 2.120000000000000000e+02 2.260921020507812500e+02
4.704390000000000214e+02 2.350000000000000000e+02 2.260900573730468750e+02
4.707749999999999773e+02 2.790000000000000000e+02 2.260884094238281250e+02
4.711120000000000232e+02 2.640000000000000000e+02 2.260873565673828125e+02
4.714479999999999791e+02 2.980000000000000000e+02 2.260827484130859375e+02
4.717839999999999918e+02 3.460000000000000000e+02 2.260895996093750000e+02
4.721209999999999809e+02 3.760000000000000000e+02 2.260871124267578125e+02
4.724569999999999936e+02 2.490000000000000000e+02 2.260826263427734375e+02
4.727930000000000064e+02 2.450000000000000000e+02 2.260946502685546875e+02
4.731290000000000191e+02 9.000000000000000000e+01 2.260990753173828125e+02
4.734660000000000082e+02 2.330000000000000000e+02 2.260844879150390625e+02
4.738020000000000209e+02 2.610000000000000000e+02 2.260879516601562500e+02
4.741379999999999768e+02 2.700000000000000000e+02 2.260941772460937500e+02
4.744750000000000227e+02 2.540000000000000000e+02 2.260880737304687500e+02
4.748109999999999786e+02 3.670000000000000000e+02 2.260852508544921875e+02
4.751469999999999914e+02 3.170000000000000000e+02 2.260872497558593750e+02
4.754839999999999804e+02 2.110000000000000000e+02 2.260914001464843750e+02
4.758199999999999932e+02 1.860000000000000000e+02 2.260882415771484375e+02
4.761580000000000155e+02 2.980000000000000000e+02 2.260911865234375000e+02
4.764940000000000282e+02 2.930000000000000000e+02 2.260895843505859375e+02
4.768299999999999841e+02 2.230000000000000000e+02 2.260944519042968750e+02
4.771669999999999732e+02 3.520000000000000000e+02 2.260890808105468750e+02
4.775029999999999859e+02 2.810000000000000000e+02 2.260836944580078125e+02
4.778389999999999986e+02 2.220000000000000000e+02 2.260938873291015625e+02
4.781750000000000114e+02 2.520000000000000000e+02 2.260832672119140625e+02
4.785120000000000005e+02 2.040000000000000000e+02 2.260909271240234375e+02
4.788480000000000132e+02 2.090000000000000000e+02 2.260943908691406250e+02
4.791840000000000259e+02 2.290000000000000000e+02 2.260844726562500000e+02
4.795210000000000150e+02 4.350000000000000000e+02 2.260867919921875000e+02
4.798570000000000277e+02 3.670000000000000000e+02 2.260828552246093750e+02
4.801929999999999836e+02 2.540000000000000000e+02 2.260848693847656250e+02
4.805299999999999727e+02 3.030000000000000000e+02 2.260819396972656250e+02
4.808659999999999854e+02 3.420000000000000000e+02 2.260880279541015625e+02
4.812019999999999982e+02 2.200000000000000000e+02 2.260843963623046875e+02
4.815380000000000109e+02 1.680000000000000000e+02 2.260824127197265625e+02
4.818750000000000000e+02 2.910000000000000000e+02 2.260827941894531250e+02
4.822110000000000127e+02 3.120000000000000000e+02 2.260851898193359375e+02
4.825470000000000255e+02 2.350000000000000000e+02 2.260847015380859375e+02
4.828840000000000146e+02 2.410000000000000000e+02 2.260896759033203125e+02
4.832200000000000273e+02 2.390000000000000000e+02 2.260876922607421875e+02
4.835559999999999832e+02 2.530000000000000000e+02 2.260864562988281250e+02
4.838929999999999723e+02 2.880000000000000000e+02 2.260814971923828125e+02
4.842300000000000182e+02 4.170000000000000000e+02 2.260832061767578125e+02
4.845659999999999741e+02 2.760000000000000000e+02 2.260824584960937500e+02
4.849019999999999868e+02 2.740000000000000000e+02 2.260832366943359375e+02
4.852389999999999759e+02 1.860000000000000000e+02 2.260938415527343750e+02
4.855749999999999886e+02 2.240000000000000000e+02 2.260863952636718750e+02
4.859110000000000014e+02 2.530000000000000000e+02 2.260867614746093750e+02
4.862490000000000236e+02 2.050000000000000000e+02 2.260865173339843750e+02
4.865860000000000127e+02 2.650000000000000000e+02 2.260831604003906250e+02
4.869220000000000255e+02 2.180000000000000000e+02 2.260871124267578125e+02
4.872579999999999814e+02 2.120000000000000000e+02 2.260828399658203125e+02
4.875939999999999941e+02 1.450000000000000000e+02 2.260835876464843750e+02
4.879309999999999832e+02 1.520000000000000000e+02 2.260868988037109375e+02
4.882669999999999959e+02 3.020000000000000000e+02 2.260857696533203125e+02
4.886030000000000086e+02 1.670000000000000000e+02 2.260840148925781250e+02
4.889399999999999977e+02 2.210000000000000000e+02 2.260858459472656250e+02
4.892760000000000105e+02 1.410000000000000000e+02 2.260932312011718750e+02
4.896120000000000232e+02 1.270000000000000000e+02 2.260856628417968750e+02
4.899490000000000123e+02 2.020000000000000000e+02 2.260873107910156250e+02
4.902850000000000250e+02 2.350000000000000000e+02 2.260830841064453125e+02
4.906209999999999809e+02 3.040000000000000000e+02 2.260844573974609375e+02
4.909569999999999936e+02 2.560000000000000000e+02 2.260834808349609375e+02
4.912939999999999827e+02 2.790000000000000000e+02 2.260810089111328125e+02
4.916299999999999955e+02 1.820000000000000000e+02 2.260854797363281250e+02
4.919660000000000082e+02 2.560000000000000000e+02 2.260816802978515625e+02
4.923029999999999973e+02 2.180000000000000000e+02 2.260762023925781250e+02
4.926390000000000100e+02 2.080000000000000000e+02 2.260919952392578125e+02
4.929750000000000227e+02 1.310000000000000000e+02 2.260699615478515625e+02
4.933120000000000118e+02 3.910000000000000000e+02 2.260797882080078125e+02
4.936480000000000246e+02 3.030000000000000000e+02 2.260858154296875000e+02
4.939839999999999804e+02 2.110000000000000000e+02 2.260868835449218750e+02
