2.538700000000000045e+01 2.680000000000000000e+02 3.810708312988281250e+02
2.572400000000000020e+01 6.890000000000000000e+02 3.810778808593750000e+02
2.605999999999999872e+01 1.720000000000000000e+03 3.810786437988281250e+02
2.639600000000000080e+01 3.464000000000000000e+03 3.810796203613281250e+02
2.673300000000000054e+01 7.903000000000000000e+03 3.810794982910156250e+02
2.706899999999999906e+01 1.952300000000000000e+04 3.810807189941406250e+02
2.740500000000000114e+01 4.029400000000000000e+04 3.810792236328125000e+02
2.774200000000000088e+01 7.297000000000000000e+04 3.810797729492187500e+02
2.807900000000000063e+01 1.061690000000000000e+05 3.810799255371093750e+02
2.841499999999999915e+01 1.433430000000000000e+05 3.810812072753906250e+02
2.875100000000000122e+01 1.674760000000000000e+05 3.810803222656250000e+02
2.908800000000000097e+01 1.857070000000000000e+05 3.810816345214843750e+02
2.942399999999999949e+01 1.918230000000000000e+05 3.810806274414062500e+02
2.976000000000000156e+01 1.908430000000000000e+05 3.810802307128906250e+02
3.009600000000000009e+01 1.688580000000000000e+05 3.810819396972656250e+02
3.043299999999999983e+01 1.412850000000000000e+05 3.810822753906250000e+02
3.076899999999999835e+01 1.178730000000000000e+05 3.810818786621093750e+02
3.110500000000000043e+01 9.317800000000000000e+04 3.810816345214843750e+02
3.144200000000000017e+01 8.028500000000000000e+04 3.810815124511718750e+02
3.177799999999999869e+01 7.053800000000000000e+04 3.810811157226562500e+02
3.211599999999999966e+01 6.639200000000000000e+04 3.810805053710937500e+02
3.245199999999999818e+01 5.997600000000000000e+04 3.810803222656250000e+02
3.278799999999999670e+01 5.858000000000000000e+04 3.810807800292968750e+02
3.312500000000000000e+01 5.570400000000000000e+04 3.810809631347656250e+02
3.346099999999999852e+01 5.308500000000000000e+04 3.810821228027343750e+02
3.379699999999999704e+01 4.938200000000000000e+04 3.810814819335937500e+02
3.413400000000000034e+01 4.582500000000000000e+04 3.810803222656250000e+02
3.446999999999999886e+01 4.124100000000000000e+04 3.810798339843750000e+02
3.480599999999999739e+01 4.062100000000000000e+04 3.810797729492187500e+02
3.514200000000000301e+01 3.572100000000000000e+04 3.810812377929687500e+02
3.547899999999999920e+01 3.468100000000000000e+04 3.810818176269531250e+02
3.581499999999999773e+01 3.163500000000000000e+04 3.810807189941406250e+02
3.615100000000000335e+01 2.952800000000000000e+04 3.810809020996093750e+02
3.648799999999999955e+01 2.557700000000000000e+04 3.810807189941406250e+02
3.682399999999999807e+01 2.496500000000000000e+04 3.810807495117187500e+02
3.715999999999999659e+01 2.221400000000000000e+04 3.810786437988281250e+02
3.749699999999999989e+01 2.108100000000000000e+04 3.810791320800781250e+02
3.783299999999999841e+01 1.899600000000000000e+04 3.810802307128906250e+02
3.816899999999999693e+01 1.801900000000000000e+04 3.810790405273437500e+02
3.850500000000000256e+01 1.609900000000000000e+04 3.810812377929687500e+02
3.884199999999999875e+01 1.461900000000000000e+04 3.810808410644531250e+02
3.917799999999999727e+01 1.366900000000000000e+04 3.810814514160156250e+02
3.951400000000000290e+01 1.229400000000000000e+04 3.810804748535156250e+02
3.985099999999999909e+01 1.130000000000000000e+04 3.810812377929687500e+02
4.018699999999999761e+01 1.036600000000000000e+04 3.810798645019531250e+02
4.052300000000000324e+01 1.001600000000000000e+04 3.810786437988281250e+02
4.085999999999999943e+01 9.258000000000000000e+03 3.810797119140625000e+02
4.119599999999999795e+01 8.509000000000000000e+03 3.810809326171875000e+02
4.153399999999999892e+01 8.638000000000000000e+03 3.810803527832031250e+02
4.186999999999999744e+01 8.263000000000000000e+03 3.810804748535156250e+02
4.220799999999999841e+01 5.919000000000000000e+03 3.810805664062500000e+02
4.254399999999999693e+01 4.059000000000000000e+03 3.810804443359375000e+02
4.288100000000000023e+01 3.770000000000000000e+03 3.810816345214843750e+02
4.321699999999999875e+01 3.276000000000000000e+03 3.810812683105468750e+02
4.355400000000000205e+01 2.680000000000000000e+03 3.810821533203125000e+02
4.389000000000000057e+01 2.861000000000000000e+03 3.810823974609375000e+02
