3.345299999999999727e+02 4.610000000000000000e+02 5.200732421875000000e+02
3.348679999999999950e+02 4.000000000000000000e+02 5.200756835937500000e+02
3.352040000000000077e+02 4.520000000000000000e+02 5.200656738281250000e+02
3.355409999999999968e+02 3.760000000000000000e+02 5.200759277343750000e+02
3.358770000000000095e+02 3.690000000000000000e+02 5.200737304687500000e+02
3.362130000000000223e+02 5.390000000000000000e+02 5.200634765625000000e+02
3.365500000000000114e+02 4.850000000000000000e+02 5.200637207031250000e+02
3.368860000000000241e+02 4.790000000000000000e+02 5.200723266601562500e+02
3.372219999999999800e+02 4.800000000000000000e+02 5.200711059570312500e+02
3.375590000000000259e+02 4.090000000000000000e+02 5.200697631835937500e+02
3.378949999999999818e+02 5.270000000000000000e+02 5.200709228515625000e+02
3.382309999999999945e+02 3.870000000000000000e+02 5.200739135742187500e+02
3.385679999999999836e+02 5.550000000000000000e+02 5.200629272460937500e+02
3.389039999999999964e+02 5.260000000000000000e+02 5.200673217773437500e+02
3.392409999999999854e+02 4.180000000000000000e+02 5.200785522460937500e+02
3.395769999999999982e+02 3.750000000000000000e+02 5.200657958984375000e+02
3.399130000000000109e+02 4.230000000000000000e+02 5.200690917968750000e+02
3.402500000000000000e+02 4.400000000000000000e+02 5.200629882812500000e+02
3.405860000000000127e+02 4.260000000000000000e+02 5.200720214843750000e+02
3.409220000000000255e+02 3.950000000000000000e+02 5.200788574218750000e+02
3.412590000000000146e+02 2.060000000000000000e+02 5.200690307617187500e+02
3.415950000000000273e+02 3.550000000000000000e+02 5.200737915039062500e+02
3.419320000000000164e+02 3.020000000000000000e+02 5.200706787109375000e+02
