4.792600000000000193e+01 1.600000000000000000e+02 2.510865783691406250e+02
4.826200000000000045e+01 1.650000000000000000e+02 2.510844421386718750e+02
4.859799999999999898e+01 1.410000000000000000e+02 2.510967559814453125e+02
4.893500000000000227e+01 1.460000000000000000e+02 2.510759582519531250e+02
4.927100000000000080e+01 1.660000000000000000e+02 2.510797729492187500e+02
4.960699999999999932e+01 1.980000000000000000e+02 2.510920867919921875e+02
4.994400000000000261e+01 2.880000000000000000e+02 2.510940551757812500e+02
5.028000000000000114e+01 3.960000000000000000e+02 2.510925598144531250e+02
5.061599999999999966e+01 3.790000000000000000e+02 2.510857696533203125e+02
5.095300000000000296e+01 3.020000000000000000e+02 2.510821990966796875e+02
5.128900000000000148e+01 4.040000000000000000e+02 2.510899505615234375e+02
5.162500000000000000e+01 3.520000000000000000e+02 2.510886535644531250e+02
5.196099999999999852e+01 3.040000000000000000e+02 2.510930328369140625e+02
5.229899999999999949e+01 2.510000000000000000e+02 2.510941162109375000e+02
5.263600000000000279e+01 3.330000000000000000e+02 2.510880584716796875e+02
5.297200000000000131e+01 2.410000000000000000e+02 2.510821990966796875e+02
5.330799999999999983e+01 1.120000000000000000e+02 2.510898132324218750e+02
5.364399999999999835e+01 2.000000000000000000e+02 2.510917663574218750e+02
5.398100000000000165e+01 2.680000000000000000e+02 2.510883636474609375e+02
5.431700000000000017e+01 2.380000000000000000e+02 2.510893707275390625e+02
5.465299999999999869e+01 1.240000000000000000e+02 2.511007232666015625e+02
