1.878590000000000089e+02 6.400000000000000000e+01 4.941223449707031250e+02
1.881949999999999932e+02 2.050000000000000000e+02 4.941352233886718750e+02
1.885320000000000107e+02 5.580000000000000000e+02 4.941205749511718750e+02
1.888679999999999950e+02 9.480000000000000000e+02 4.941163330078125000e+02
1.892040000000000077e+02 1.152000000000000000e+03 4.941187133789062500e+02
1.895409999999999968e+02 1.787000000000000000e+03 4.941178894042968750e+02
1.898770000000000095e+02 1.534000000000000000e+03 4.941198730468750000e+02
1.902129999999999939e+02 1.813000000000000000e+03 4.941202087402343750e+02
1.905490000000000066e+02 1.837000000000000000e+03 4.941229553222656250e+02
1.908859999999999957e+02 1.533000000000000000e+03 4.941180114746093750e+02
1.912220000000000084e+02 1.505000000000000000e+03 4.941210327148437500e+02
1.915579999999999927e+02 1.417000000000000000e+03 4.941206359863281250e+02
1.918950000000000102e+02 1.488000000000000000e+03 4.941200561523437500e+02
1.922309999999999945e+02 1.630000000000000000e+03 4.941197204589843750e+02
1.925670000000000073e+02 1.794000000000000000e+03 4.941249084472656250e+02
1.929039999999999964e+02 1.739000000000000000e+03 4.941191101074218750e+02
1.932400000000000091e+02 1.991000000000000000e+03 4.941195373535156250e+02
1.935780000000000030e+02 2.271000000000000000e+03 4.941161193847656250e+02
1.939139999999999873e+02 2.315000000000000000e+03 4.941181640625000000e+02
1.942500000000000000e+02 2.279000000000000000e+03 4.941188354492187500e+02
1.945869999999999891e+02 2.067000000000000000e+03 4.941202087402343750e+02
1.949230000000000018e+02 2.442000000000000000e+03 4.941160888671875000e+02
1.952589999999999861e+02 2.711000000000000000e+03 4.941162414550781250e+02
1.955949999999999989e+02 2.849000000000000000e+03 4.941170654296875000e+02
1.959319999999999879e+02 3.176000000000000000e+03 4.941214294433593750e+02
1.962690000000000055e+02 3.680000000000000000e+03 4.941186218261718750e+02
1.966049999999999898e+02 4.162000000000000000e+03 4.941180114746093750e+02
1.969420000000000073e+02 3.685000000000000000e+03 4.941199951171875000e+02
1.972779999999999916e+02 3.233000000000000000e+03 4.941235961914062500e+02
1.976140000000000043e+02 3.173000000000000000e+03 4.941174011230468750e+02
1.979509999999999934e+02 2.157000000000000000e+03 4.941219482421875000e+02
1.982870000000000061e+02 2.045000000000000000e+03 4.941208496093750000e+02
1.986229999999999905e+02 1.780000000000000000e+03 4.941175231933593750e+02
1.989600000000000080e+02 1.478000000000000000e+03 4.941175231933593750e+02
1.992959999999999923e+02 1.000000000000000000e+03 4.941219482421875000e+02
1.996320000000000050e+02 7.720000000000000000e+02 4.941197814941406250e+02
1.999689999999999941e+02 6.690000000000000000e+02 4.941183166503906250e+02
2.003050000000000068e+02 3.750000000000000000e+02 4.941288452148437500e+02
2.006419999999999959e+02 3.090000000000000000e+02 4.941144409179687500e+02
2.009780000000000086e+02 2.650000000000000000e+02 4.941207885742187500e+02
2.013139999999999930e+02 1.440000000000000000e+02 4.941007080078125000e+02
2.016510000000000105e+02 2.170000000000000000e+02 4.941178588867187500e+02
2.019869999999999948e+02 2.250000000000000000e+02 4.941117553710937500e+02
