3.234289999999999736e+02 6.300000000000000000e+01 6.660820922851562500e+02
3.237660000000000196e+02 1.820000000000000000e+02 6.660626831054687500e+02
3.241019999999999754e+02 4.700000000000000000e+02 6.660789184570312500e+02
3.244379999999999882e+02 1.282000000000000000e+03 6.660715332031250000e+02
3.247760000000000105e+02 2.063000000000000000e+03 6.660635986328125000e+02
3.251129999999999995e+02 2.770000000000000000e+03 6.660693969726562500e+02
3.254490000000000123e+02 3.114000000000000000e+03 6.660661010742187500e+02
3.257850000000000250e+02 3.238000000000000000e+03 6.660676879882812500e+02
3.261220000000000141e+02 3.400000000000000000e+03 6.660682983398437500e+02
3.264580000000000268e+02 3.118000000000000000e+03 6.660684814453125000e+02
3.267950000000000159e+02 2.219000000000000000e+03 6.660729980468750000e+02
3.271309999999999718e+02 2.149000000000000000e+03 6.660732421875000000e+02
3.274680000000000177e+02 1.531000000000000000e+03 6.660693359375000000e+02
3.278039999999999736e+02 1.281000000000000000e+03 6.660669555664062500e+02
3.281399999999999864e+02 7.330000000000000000e+02 6.660680541992187500e+02
3.284759999999999991e+02 6.040000000000000000e+02 6.660727539062500000e+02
3.288129999999999882e+02 6.520000000000000000e+02 6.660662841796875000e+02
3.291490000000000009e+02 3.970000000000000000e+02 6.660686035156250000e+02
3.294850000000000136e+02 3.410000000000000000e+02 6.660755615234375000e+02
3.298220000000000027e+02 1.370000000000000000e+02 6.660713500976562500e+02
3.301580000000000155e+02 1.270000000000000000e+02 6.660595703125000000e+02
3.304940000000000282e+02 1.710000000000000000e+02 6.660746459960937500e+02
3.308310000000000173e+02 1.940000000000000000e+02 6.660811157226562500e+02
3.311669999999999732e+02 1.420000000000000000e+02 6.660590209960937500e+02
3.315029999999999859e+02 5.000000000000000000e+01 6.660753173828125000e+02
3.318389999999999986e+02 5.300000000000000000e+01 6.660682983398437500e+02
