2.891179999999999950e+02 5.100000000000000000e+01 2.040677642822265625e+02
2.894540000000000077e+02 1.650000000000000000e+02 2.040888977050781250e+02
2.897909999999999968e+02 2.200000000000000000e+02 2.040928497314453125e+02
2.901279999999999859e+02 6.480000000000000000e+02 2.040861053466796875e+02
2.904639999999999986e+02 1.087000000000000000e+03 2.040863952636718750e+02
2.908000000000000114e+02 2.082000000000000000e+03 2.040865173339843750e+02
2.911370000000000005e+02 1.985000000000000000e+03 2.040892639160156250e+02
2.914730000000000132e+02 2.520000000000000000e+03 2.040882568359375000e+02
2.918090000000000259e+02 2.967000000000000000e+03 2.040888214111328125e+02
2.921460000000000150e+02 2.910000000000000000e+03 2.040877075195312500e+02
2.924820000000000277e+02 3.255000000000000000e+03 2.040868530273437500e+02
2.928179999999999836e+02 2.811000000000000000e+03 2.040870361328125000e+02
2.931549999999999727e+02 2.684000000000000000e+03 2.040883331298828125e+02
2.934909999999999854e+02 2.726000000000000000e+03 2.040899505615234375e+02
2.938269999999999982e+02 2.732000000000000000e+03 2.040891265869140625e+02
2.941630000000000109e+02 2.713000000000000000e+03 2.040861511230468750e+02
2.945009999999999764e+02 2.499000000000000000e+03 2.040880737304687500e+02
2.948369999999999891e+02 2.415000000000000000e+03 2.040878601074218750e+02
2.951739999999999782e+02 2.147000000000000000e+03 2.040888519287109375e+02
2.955099999999999909e+02 2.803000000000000000e+03 2.040867767333984375e+02
2.958469999999999800e+02 2.432000000000000000e+03 2.040867309570312500e+02
2.961829999999999927e+02 2.086000000000000000e+03 2.040894012451171875e+02
2.965190000000000055e+02 1.773000000000000000e+03 2.040874633789062500e+02
2.968559999999999945e+02 1.726000000000000000e+03 2.040866394042968750e+02
2.971920000000000073e+02 1.363000000000000000e+03 2.040877838134765625e+02
2.975280000000000200e+02 1.255000000000000000e+03 2.040878601074218750e+02
2.978650000000000091e+02 1.134000000000000000e+03 2.040877838134765625e+02
2.982019999999999982e+02 9.390000000000000000e+02 2.040878906250000000e+02
2.985380000000000109e+02 7.250000000000000000e+02 2.040845336914062500e+02
2.988750000000000000e+02 6.550000000000000000e+02 2.040885925292968750e+02
2.992110000000000127e+02 6.070000000000000000e+02 2.040895385742187500e+02
2.995480000000000018e+02 4.070000000000000000e+02 2.040848846435546875e+02
2.998840000000000146e+02 3.430000000000000000e+02 2.040948791503906250e+02
3.002200000000000273e+02 3.410000000000000000e+02 2.040947875976562500e+02
3.005570000000000164e+02 2.610000000000000000e+02 2.040863800048828125e+02
3.008929999999999723e+02 2.890000000000000000e+02 2.040896606445312500e+02
3.012289999999999850e+02 7.200000000000000000e+01 2.040884857177734375e+02
3.015659999999999741e+02 7.700000000000000000e+01 2.040798187255859375e+02
3.019019999999999868e+02 1.550000000000000000e+02 2.040833587646484375e+02
3.022379999999999995e+02 8.800000000000000000e+01 2.040950927734375000e+02
3.025749999999999886e+02 1.170000000000000000e+02 2.040726013183593750e+02
3.029110000000000014e+02 1.530000000000000000e+02 2.040953979492187500e+02
3.032470000000000141e+02 9.400000000000000000e+01 2.040971832275390625e+02
3.035830000000000268e+02 1.060000000000000000e+02 2.040894927978515625e+02
3.039200000000000159e+02 1.360000000000000000e+02 2.041058959960937500e+02
3.042559999999999718e+02 1.640000000000000000e+02 2.040822448730468750e+02
3.045939999999999941e+02 1.480000000000000000e+02 2.040906219482421875e+02
3.049300000000000068e+02 1.040000000000000000e+02 2.040857391357421875e+02
