3.338570000000000277e+02 1.920000000000000000e+02 8.972753295898437500e+02
3.341940000000000168e+02 4.670000000000000000e+02 8.972644042968750000e+02
3.345299999999999727e+02 9.720000000000000000e+02 8.972646484375000000e+02
3.348679999999999950e+02 1.716000000000000000e+03 8.972626342773437500e+02
3.352040000000000077e+02 2.132000000000000000e+03 8.972716064453125000e+02
3.355409999999999968e+02 2.733000000000000000e+03 8.972691650390625000e+02
3.358770000000000095e+02 2.495000000000000000e+03 8.972712402343750000e+02
3.362130000000000223e+02 2.648000000000000000e+03 8.972684326171875000e+02
3.365500000000000114e+02 2.678000000000000000e+03 8.972683105468750000e+02
3.368860000000000241e+02 2.390000000000000000e+03 8.972700195312500000e+02
3.372219999999999800e+02 2.615000000000000000e+03 8.972686157226562500e+02
3.375590000000000259e+02 2.238000000000000000e+03 8.972672119140625000e+02
3.378949999999999818e+02 2.319000000000000000e+03 8.972710571289062500e+02
3.382309999999999945e+02 1.885000000000000000e+03 8.972700195312500000e+02
3.385679999999999836e+02 1.788000000000000000e+03 8.972725830078125000e+02
3.389039999999999964e+02 1.767000000000000000e+03 8.972741088867187500e+02
3.392409999999999854e+02 1.666000000000000000e+03 8.972708740234375000e+02
3.395769999999999982e+02 1.465000000000000000e+03 8.972675170898437500e+02
3.399130000000000109e+02 1.180000000000000000e+03 8.972733154296875000e+02
3.402500000000000000e+02 7.850000000000000000e+02 8.972727050781250000e+02
3.405860000000000127e+02 7.910000000000000000e+02 8.972659301757812500e+02
3.409220000000000255e+02 5.960000000000000000e+02 8.972634277343750000e+02
3.412590000000000146e+02 4.110000000000000000e+02 8.972652587890625000e+02
3.415950000000000273e+02 2.890000000000000000e+02 8.972689819335937500e+02
3.419320000000000164e+02 3.170000000000000000e+02 8.972709960937500000e+02
3.422679999999999723e+02 1.420000000000000000e+02 8.972839965820312500e+02
3.426050000000000182e+02 8.100000000000000000e+01 8.972677612304687500e+02
3.429409999999999741e+02 7.300000000000000000e+01 8.972684326171875000e+02
3.432780000000000200e+02 3.600000000000000000e+01 8.972842407226562500e+02
