4.321699999999999875e+01 3.550000000000000000e+02 3.721062011718750000e+02
4.355400000000000205e+01 6.610000000000000000e+02 3.721153564453125000e+02
4.389000000000000057e+01 1.208000000000000000e+03 3.721141052246093750e+02
4.422699999999999676e+01 1.693000000000000000e+03 3.721134338378906250e+02
4.456300000000000239e+01 2.058000000000000000e+03 3.721161804199218750e+02
4.489900000000000091e+01 2.576000000000000000e+03 3.721151123046875000e+02
4.523499999999999943e+01 2.350000000000000000e+03 3.721163330078125000e+02
4.557200000000000273e+01 2.045000000000000000e+03 3.721170349121093750e+02
4.590800000000000125e+01 1.736000000000000000e+03 3.721167907714843750e+02
4.624399999999999977e+01 1.547000000000000000e+03 3.721171264648437500e+02
4.658100000000000307e+01 1.474000000000000000e+03 3.721163940429687500e+02
4.691700000000000159e+01 1.040000000000000000e+03 3.721157836914062500e+02
4.725300000000000011e+01 6.670000000000000000e+02 3.721115722656250000e+02
4.759000000000000341e+01 5.620000000000000000e+02 3.721157836914062500e+02
4.792600000000000193e+01 3.570000000000000000e+02 3.721134338378906250e+02
4.826200000000000045e+01 2.200000000000000000e+02 3.721178894042968750e+02
4.859799999999999898e+01 2.950000000000000000e+02 3.721098022460937500e+02
4.893500000000000227e+01 2.420000000000000000e+02 3.721109008789062500e+02
4.927100000000000080e+01 1.170000000000000000e+02 3.721031799316406250e+02
4.960699999999999932e+01 2.500000000000000000e+02 3.721181030273437500e+02
4.994400000000000261e+01 7.600000000000000000e+01 3.721253356933593750e+02
5.028000000000000114e+01 1.170000000000000000e+02 3.721069030761718750e+02
5.061599999999999966e+01 9.700000000000000000e+01 3.721101684570312500e+02
5.095300000000000296e+01 1.060000000000000000e+02 3.721136169433593750e+02
5.128900000000000148e+01 8.100000000000000000e+01 3.721280517578125000e+02
5.162500000000000000e+01 4.300000000000000000e+01 3.721221618652343750e+02
5.196099999999999852e+01 8.300000000000000000e+01 3.721130065917968750e+02
