8.875560000000000400e+02 1.130000000000000000e+02 3.372128601074218750e+02
8.878920000000000528e+02 1.360000000000000000e+02 3.372087402343750000e+02
8.882279999999999518e+02 1.540000000000000000e+02 3.372145690917968750e+02
8.885639999999999645e+02 2.340000000000000000e+02 3.372106018066406250e+02
8.888999999999999773e+02 3.770000000000000000e+02 3.371981201171875000e+02
8.892359999999999900e+02 5.430000000000000000e+02 3.371971740722656250e+02
8.895720000000000027e+02 9.480000000000000000e+02 3.371977539062500000e+02
8.899139999999999873e+02 9.570000000000000000e+02 3.371966857910156250e+02
8.902500000000000000e+02 1.766000000000000000e+03 3.371994628906250000e+02
8.905860000000000127e+02 2.173000000000000000e+03 3.371977539062500000e+02
8.909220000000000255e+02 2.284000000000000000e+03 3.371959838867187500e+02
8.912580000000000382e+02 2.538000000000000000e+03 3.371974182128906250e+02
8.915940000000000509e+02 2.561000000000000000e+03 3.371976928710937500e+02
8.919299999999999500e+02 2.525000000000000000e+03 3.371980895996093750e+02
8.922659999999999627e+02 2.376000000000000000e+03 3.372001953125000000e+02
8.926019999999999754e+02 2.442000000000000000e+03 3.371991271972656250e+02
8.929379999999999882e+02 2.313000000000000000e+03 3.371969909667968750e+02
8.932740000000000009e+02 2.161000000000000000e+03 3.371955871582031250e+02
8.936100000000000136e+02 1.679000000000000000e+03 3.371996459960937500e+02
8.939460000000000264e+02 1.532000000000000000e+03 3.371975708007812500e+02
8.942820000000000391e+02 1.170000000000000000e+03 3.371954345703125000e+02
8.946180000000000518e+02 9.970000000000000000e+02 3.372044067382812500e+02
8.949539999999999509e+02 9.160000000000000000e+02 3.371973571777343750e+02
8.952960000000000491e+02 6.490000000000000000e+02 3.371990966796875000e+02
8.956259999999999764e+02 4.930000000000000000e+02 3.371970520019531250e+02
8.959679999999999609e+02 5.430000000000000000e+02 3.372005920410156250e+02
8.963039999999999736e+02 2.070000000000000000e+02 3.372115783691406250e+02
8.966399999999999864e+02 3.100000000000000000e+02 3.372038269042968750e+02
8.969759999999999991e+02 3.190000000000000000e+02 3.372013244628906250e+02
8.973120000000000118e+02 2.510000000000000000e+02 3.372005004882812500e+02
8.976480000000000246e+02 1.970000000000000000e+02 3.372010498046875000e+02
