2.605999999999999872e+01 2.780000000000000000e+02 4.391367492675781250e+02
2.639600000000000080e+01 4.200000000000000000e+02 4.391370239257812500e+02
2.673300000000000054e+01 6.360000000000000000e+02 4.391404418945312500e+02
2.706899999999999906e+01 7.410000000000000000e+02 4.391417541503906250e+02
2.740500000000000114e+01 1.045000000000000000e+03 4.391374816894531250e+02
2.774200000000000088e+01 1.224000000000000000e+03 4.391411743164062500e+02
2.807900000000000063e+01 1.102000000000000000e+03 4.391407470703125000e+02
2.841499999999999915e+01 1.128000000000000000e+03 4.391405944824218750e+02
2.875100000000000122e+01 1.007000000000000000e+03 4.391380004882812500e+02
2.908800000000000097e+01 1.429000000000000000e+03 4.391414794921875000e+02
2.942399999999999949e+01 1.570000000000000000e+03 4.391398620605468750e+02
2.976000000000000156e+01 2.322000000000000000e+03 4.391413269042968750e+02
3.009600000000000009e+01 2.155000000000000000e+03 4.391392517089843750e+02
3.043299999999999983e+01 1.545000000000000000e+03 4.391415405273437500e+02
3.076899999999999835e+01 1.796000000000000000e+03 4.391401367187500000e+02
3.110500000000000043e+01 1.637000000000000000e+03 4.391384582519531250e+02
3.144200000000000017e+01 1.399000000000000000e+03 4.391402282714843750e+02
3.177799999999999869e+01 1.647000000000000000e+03 4.391405944824218750e+02
3.211599999999999966e+01 1.849000000000000000e+03 4.391398010253906250e+02
3.245199999999999818e+01 1.359000000000000000e+03 4.391387634277343750e+02
3.278799999999999670e+01 1.734000000000000000e+03 4.391395568847656250e+02
3.312500000000000000e+01 1.662000000000000000e+03 4.391423645019531250e+02
3.346099999999999852e+01 1.503000000000000000e+03 4.391437683105468750e+02
3.379699999999999704e+01 1.634000000000000000e+03 4.391403808593750000e+02
3.413400000000000034e+01 1.897000000000000000e+03 4.391393432617187500e+02
3.446999999999999886e+01 1.299000000000000000e+03 4.391432800292968750e+02
3.480599999999999739e+01 1.527000000000000000e+03 4.391429748535156250e+02
3.514200000000000301e+01 1.361000000000000000e+03 4.391440734863281250e+02
3.547899999999999920e+01 1.416000000000000000e+03 4.391468200683593750e+02
3.581499999999999773e+01 1.249000000000000000e+03 4.391430358886718750e+02
3.615100000000000335e+01 1.191000000000000000e+03 4.391414184570312500e+02
3.648799999999999955e+01 1.070000000000000000e+03 4.391405944824218750e+02
3.682399999999999807e+01 1.060000000000000000e+03 4.391436462402343750e+02
3.715999999999999659e+01 8.050000000000000000e+02 4.391477661132812500e+02
3.749699999999999989e+01 8.660000000000000000e+02 4.391447448730468750e+02
3.783299999999999841e+01 1.120000000000000000e+03 4.391408996582031250e+02
3.816899999999999693e+01 6.110000000000000000e+02 4.391403808593750000e+02
3.850500000000000256e+01 8.140000000000000000e+02 4.391414489746093750e+02
3.884199999999999875e+01 7.350000000000000000e+02 4.391384887695312500e+02
3.917799999999999727e+01 5.480000000000000000e+02 4.391412963867187500e+02
3.951400000000000290e+01 7.620000000000000000e+02 4.391390686035156250e+02
3.985099999999999909e+01 3.860000000000000000e+02 4.391483154296875000e+02
4.018699999999999761e+01 4.330000000000000000e+02 4.391369934082031250e+02
4.052300000000000324e+01 4.380000000000000000e+02 4.391375427246093750e+02
4.085999999999999943e+01 4.270000000000000000e+02 4.391412048339843750e+02
4.119599999999999795e+01 5.940000000000000000e+02 4.391405029296875000e+02
4.153399999999999892e+01 4.300000000000000000e+02 4.391393127441406250e+02
4.186999999999999744e+01 3.070000000000000000e+02 4.391525878906250000e+02
4.220799999999999841e+01 4.390000000000000000e+02 4.391316833496093750e+02
