2.706899999999999906e+01 1.090000000000000000e+03 4.571144714355468750e+02
2.740500000000000114e+01 1.370000000000000000e+03 4.571128845214843750e+02
2.774200000000000088e+01 1.700000000000000000e+03 4.571127624511718750e+02
2.807900000000000063e+01 1.710000000000000000e+03 4.571159362792968750e+02
2.841499999999999915e+01 1.983000000000000000e+03 4.571173706054687500e+02
2.875100000000000122e+01 1.657000000000000000e+03 4.571162109375000000e+02
2.908800000000000097e+01 1.793000000000000000e+03 4.571188049316406250e+02
2.942399999999999949e+01 1.924000000000000000e+03 4.571151428222656250e+02
2.976000000000000156e+01 1.691000000000000000e+03 4.571102600097656250e+02
3.009600000000000009e+01 1.388000000000000000e+03 4.571143493652343750e+02
3.043299999999999983e+01 1.045000000000000000e+03 4.571260681152343750e+02
3.076899999999999835e+01 8.670000000000000000e+02 4.571164245605468750e+02
3.110500000000000043e+01 4.900000000000000000e+02 4.571174926757812500e+02
3.144200000000000017e+01 6.740000000000000000e+02 4.571126098632812500e+02
3.177799999999999869e+01 5.300000000000000000e+02 4.571209411621093750e+02
3.211599999999999966e+01 3.800000000000000000e+02 4.571181640625000000e+02
3.245199999999999818e+01 4.160000000000000000e+02 4.571127929687500000e+02
3.278799999999999670e+01 3.530000000000000000e+02 4.571193847656250000e+02
3.312500000000000000e+01 4.180000000000000000e+02 4.571175231933593750e+02
3.346099999999999852e+01 5.800000000000000000e+02 4.571170959472656250e+02
3.379699999999999704e+01 3.710000000000000000e+02 4.571211853027343750e+02
3.413400000000000034e+01 3.990000000000000000e+02 4.571112060546875000e+02
3.446999999999999886e+01 3.850000000000000000e+02 4.571099853515625000e+02
3.480599999999999739e+01 2.940000000000000000e+02 4.571101074218750000e+02
3.514200000000000301e+01 2.640000000000000000e+02 4.571027221679687500e+02
3.547899999999999920e+01 2.000000000000000000e+02 4.571064758300781250e+02
3.581499999999999773e+01 1.790000000000000000e+02 4.570997009277343750e+02
3.615100000000000335e+01 1.360000000000000000e+02 4.571065979003906250e+02
3.648799999999999955e+01 1.680000000000000000e+02 4.571164550781250000e+02
3.682399999999999807e+01 3.130000000000000000e+02 4.571252136230468750e+02
3.715999999999999659e+01 2.160000000000000000e+02 4.571185913085937500e+02
