1.293280000000000030e+02 1.168000000000000000e+03 4.610144348144531250e+02
1.296639999999999873e+02 1.304000000000000000e+03 4.610103759765625000e+02
1.300010000000000048e+02 9.200000000000000000e+02 4.610148620605468750e+02
1.303369999999999891e+02 1.163000000000000000e+03 4.610116577148437500e+02
1.306730000000000018e+02 1.198000000000000000e+03 4.610104370117187500e+02
1.310099999999999909e+02 9.160000000000000000e+02 4.610161437988281250e+02
1.313460000000000036e+02 1.105000000000000000e+03 4.610136413574218750e+02
1.316819999999999879e+02 9.220000000000000000e+02 4.610145874023437500e+02
1.320180000000000007e+02 1.260000000000000000e+03 4.610127258300781250e+02
1.323549999999999898e+02 9.830000000000000000e+02 4.610104980468750000e+02
1.326910000000000025e+02 1.059000000000000000e+03 4.610152893066406250e+02
1.330289999999999964e+02 1.018000000000000000e+03 4.610176696777343750e+02
1.333650000000000091e+02 1.167000000000000000e+03 4.610124511718750000e+02
1.337009999999999934e+02 1.152000000000000000e+03 4.610135192871093750e+02
1.340380000000000109e+02 1.152000000000000000e+03 4.610135803222656250e+02
1.343739999999999952e+02 1.025000000000000000e+03 4.610165710449218750e+02
1.347100000000000080e+02 1.234000000000000000e+03 4.610130920410156250e+02
1.350469999999999970e+02 1.128000000000000000e+03 4.610107421875000000e+02
1.353830000000000098e+02 1.394000000000000000e+03 4.610086669921875000e+02
1.357189999999999941e+02 1.147000000000000000e+03 4.610113525390625000e+02
1.360560000000000116e+02 1.290000000000000000e+03 4.610083923339843750e+02
1.363919999999999959e+02 1.061000000000000000e+03 4.610094299316406250e+02
1.367280000000000086e+02 1.236000000000000000e+03 4.610109558105468750e+02
1.370649999999999977e+02 1.129000000000000000e+03 4.610129394531250000e+02
1.374010000000000105e+02 1.200000000000000000e+03 4.610129394531250000e+02
1.377379999999999995e+02 1.288000000000000000e+03 4.610126647949218750e+02
1.380740000000000123e+02 1.127000000000000000e+03 4.610072937011718750e+02
1.384099999999999966e+02 1.210000000000000000e+03 4.610105895996093750e+02
1.387470000000000141e+02 1.150000000000000000e+03 4.610121765136718750e+02
1.390829999999999984e+02 1.230000000000000000e+03 4.610110473632812500e+02
1.394190000000000111e+02 1.194000000000000000e+03 4.610115966796875000e+02
1.397560000000000002e+02 1.106000000000000000e+03 4.610116577148437500e+02
1.400920000000000130e+02 1.157000000000000000e+03 4.610095214843750000e+02
1.404279999999999973e+02 1.321000000000000000e+03 4.610112609863281250e+02
1.407649999999999864e+02 1.122000000000000000e+03 4.610099792480468750e+02
1.411009999999999991e+02 1.444000000000000000e+03 4.610109558105468750e+02
1.414370000000000118e+02 1.086000000000000000e+03 4.610114746093750000e+02
1.417740000000000009e+02 1.051000000000000000e+03 4.610143127441406250e+02
1.421100000000000136e+02 1.237000000000000000e+03 4.610134582519531250e+02
1.424459999999999980e+02 1.112000000000000000e+03 4.610105285644531250e+02
1.427820000000000107e+02 1.408000000000000000e+03 4.610108947753906250e+02
1.431200000000000045e+02 1.075000000000000000e+03 4.610107421875000000e+02
1.434569999999999936e+02 9.600000000000000000e+02 4.610113220214843750e+02
1.437930000000000064e+02 8.270000000000000000e+02 4.610093688964843750e+02
1.441289999999999907e+02 1.501000000000000000e+03 4.610135192871093750e+02
1.444650000000000034e+02 1.038000000000000000e+03 4.610127258300781250e+02
1.448019999999999925e+02 1.133000000000000000e+03 4.610091552734375000e+02
1.451380000000000052e+02 7.970000000000000000e+02 4.610150756835937500e+02
1.454739999999999895e+02 1.210000000000000000e+03 4.610130310058593750e+02
1.458110000000000070e+02 9.680000000000000000e+02 4.610166015625000000e+02
1.461469999999999914e+02 9.940000000000000000e+02 4.610084533691406250e+02
1.464830000000000041e+02 8.480000000000000000e+02 4.610142211914062500e+02
1.468199999999999932e+02 1.085000000000000000e+03 4.610150146484375000e+02
1.471560000000000059e+02 9.850000000000000000e+02 4.610085144042968750e+02
1.474919999999999902e+02 8.110000000000000000e+02 4.610121459960937500e+02
1.478280000000000030e+02 9.740000000000000000e+02 4.610122375488281250e+02
1.481649999999999920e+02 7.370000000000000000e+02 4.610111083984375000e+02
1.485010000000000048e+02 9.590000000000000000e+02 4.610133056640625000e+02
1.488369999999999891e+02 6.530000000000000000e+02 4.610124511718750000e+02
1.491740000000000066e+02 9.240000000000000000e+02 4.610118103027343750e+02
1.495099999999999909e+02 8.720000000000000000e+02 4.610086059570312500e+02
1.498460000000000036e+02 6.870000000000000000e+02 4.610101623535156250e+02
1.501829999999999927e+02 7.020000000000000000e+02 4.610100097656250000e+02
1.505190000000000055e+02 8.320000000000000000e+02 4.610129394531250000e+02
1.508549999999999898e+02 7.020000000000000000e+02 4.610136413574218750e+02
1.511910000000000025e+02 5.960000000000000000e+02 4.610093078613281250e+02
1.515279999999999916e+02 5.270000000000000000e+02 4.610164489746093750e+02
1.518640000000000043e+02 4.780000000000000000e+02 4.610155639648437500e+02
1.521999999999999886e+02 7.540000000000000000e+02 4.610121765136718750e+02
1.525370000000000061e+02 7.490000000000000000e+02 4.610108642578125000e+02
1.528729999999999905e+02 7.510000000000000000e+02 4.610137939453125000e+02
1.532110000000000127e+02 6.890000000000000000e+02 4.610109252929687500e+02
1.535480000000000018e+02 6.710000000000000000e+02 4.610117797851562500e+02
1.538839999999999861e+02 6.330000000000000000e+02 4.610085754394531250e+02
1.542210000000000036e+02 5.130000000000000000e+02 4.610139465332031250e+02
1.545569999999999879e+02 7.170000000000000000e+02 4.610153503417968750e+02
1.548930000000000007e+02 6.530000000000000000e+02 4.610117187500000000e+02
1.552299999999999898e+02 8.060000000000000000e+02 4.610113830566406250e+02
1.555660000000000025e+02 7.880000000000000000e+02 4.610084533691406250e+02
1.559019999999999868e+02 5.110000000000000000e+02 4.610096740722656250e+02
1.562390000000000043e+02 5.810000000000000000e+02 4.610146484375000000e+02
1.565759999999999934e+02 7.300000000000000000e+02 4.610146484375000000e+02
1.569120000000000061e+02 5.590000000000000000e+02 4.610174865722656250e+02
1.572479999999999905e+02 6.240000000000000000e+02 4.610095214843750000e+02
1.575850000000000080e+02 7.220000000000000000e+02 4.610112304687500000e+02
1.579209999999999923e+02 5.200000000000000000e+02 4.610165710449218750e+02
1.582570000000000050e+02 7.570000000000000000e+02 4.610144348144531250e+02
1.585929999999999893e+02 6.400000000000000000e+02 4.610125732421875000e+02
