2.443710000000000093e+02 3.300000000000000000e+01 4.820763854980468750e+02
2.447069999999999936e+02 1.160000000000000000e+02 4.820731811523437500e+02
2.450430000000000064e+02 4.220000000000000000e+02 4.820808715820312500e+02
2.453799999999999955e+02 8.500000000000000000e+02 4.820754089355468750e+02
2.457160000000000082e+02 8.340000000000000000e+02 4.820776367187500000e+02
2.460519999999999925e+02 1.038000000000000000e+03 4.820794372558593750e+02
2.463890000000000100e+02 1.270000000000000000e+03 4.820827636718750000e+02
2.467249999999999943e+02 1.397000000000000000e+03 4.820803833007812500e+02
2.470610000000000070e+02 1.119000000000000000e+03 4.820772705078125000e+02
2.473979999999999961e+02 1.186000000000000000e+03 4.820779724121093750e+02
2.477340000000000089e+02 8.750000000000000000e+02 4.820818481445312500e+02
2.480709999999999980e+02 9.070000000000000000e+02 4.820830383300781250e+02
2.484070000000000107e+02 8.420000000000000000e+02 4.820857543945312500e+02
2.487429999999999950e+02 7.140000000000000000e+02 4.820781250000000000e+02
2.490800000000000125e+02 3.190000000000000000e+02 4.820769348144531250e+02
2.494159999999999968e+02 3.010000000000000000e+02 4.820841369628906250e+02
2.497520000000000095e+02 3.920000000000000000e+02 4.820853881835937500e+02
2.500889999999999986e+02 3.740000000000000000e+02 4.820822753906250000e+02
2.504250000000000114e+02 1.560000000000000000e+02 4.820901794433593750e+02
2.507620000000000005e+02 1.600000000000000000e+02 4.820878295898437500e+02
2.510980000000000132e+02 1.560000000000000000e+02 4.820726623535156250e+02
2.514339999999999975e+02 1.110000000000000000e+02 4.820820617675781250e+02
