3.019019999999999868e+02 2.160000000000000000e+02 6.422027587890625000e+02
3.022379999999999995e+02 4.170000000000000000e+02 6.422080688476562500e+02
3.025749999999999886e+02 6.760000000000000000e+02 6.421968994140625000e+02
3.029110000000000014e+02 9.330000000000000000e+02 6.422104492187500000e+02
3.032470000000000141e+02 1.269000000000000000e+03 6.421997680664062500e+02
3.035830000000000268e+02 1.347000000000000000e+03 6.422021484375000000e+02
3.039200000000000159e+02 1.261000000000000000e+03 6.422093505859375000e+02
3.042559999999999718e+02 1.057000000000000000e+03 6.422001953125000000e+02
3.045939999999999941e+02 9.640000000000000000e+02 6.421979980468750000e+02
3.049300000000000068e+02 7.150000000000000000e+02 6.421989135742187500e+02
3.052660000000000196e+02 5.710000000000000000e+02 6.422009277343750000e+02
3.056030000000000086e+02 3.110000000000000000e+02 6.422049560546875000e+02
3.059390000000000214e+02 3.690000000000000000e+02 6.422023925781250000e+02
3.062749999999999773e+02 2.610000000000000000e+02 6.421979980468750000e+02
3.066120000000000232e+02 9.500000000000000000e+01 6.422156372070312500e+02
3.069479999999999791e+02 8.100000000000000000e+01 6.421870727539062500e+02
