6.174479999999999791e+02 5.000000000000000000e+01 2.786253051757812500e+02
6.177839999999999918e+02 1.420000000000000000e+02 2.786408081054687500e+02
6.181200000000000045e+02 3.060000000000000000e+02 2.786393127441406250e+02
6.184560000000000173e+02 6.140000000000000000e+02 2.786330261230468750e+02
6.187920000000000300e+02 7.900000000000000000e+02 2.786371154785156250e+02
6.191280000000000427e+02 7.760000000000000000e+02 2.786356506347656250e+02
6.194640000000000555e+02 1.256000000000000000e+03 2.786380920410156250e+02
6.197999999999999545e+02 1.241000000000000000e+03 2.786403198242187500e+02
6.201359999999999673e+02 1.048000000000000000e+03 2.786346740722656250e+02
6.204719999999999800e+02 9.680000000000000000e+02 2.786342163085937500e+02
6.208079999999999927e+02 1.307000000000000000e+03 2.786362304687500000e+02
6.211440000000000055e+02 6.990000000000000000e+02 2.786379699707031250e+02
6.214800000000000182e+02 6.150000000000000000e+02 2.786341857910156250e+02
6.218160000000000309e+02 8.850000000000000000e+02 2.786351318359375000e+02
6.221520000000000437e+02 4.310000000000000000e+02 2.786384582519531250e+02
6.224880000000000564e+02 4.020000000000000000e+02 2.786421203613281250e+02
6.228239999999999554e+02 1.790000000000000000e+02 2.786403808593750000e+02
6.231599999999999682e+02 1.710000000000000000e+02 2.786364135742187500e+02
6.234959999999999809e+02 2.040000000000000000e+02 2.786304931640625000e+02
6.238379999999999654e+02 1.170000000000000000e+02 2.786390686035156250e+02
6.241739999999999782e+02 7.500000000000000000e+01 2.786286621093750000e+02
6.245099999999999909e+02 1.290000000000000000e+02 2.786356811523437500e+02
6.248460000000000036e+02 7.400000000000000000e+01 2.786273803710937500e+02
6.251820000000000164e+02 6.300000000000000000e+01 2.786362304687500000e+02
