3.381300000000000239e+01 4.550000000000000000e+02 1.870051422119140625e+02
3.414900000000000091e+01 3.340000000000000000e+02 1.870062255859375000e+02
3.448499999999999943e+01 3.250000000000000000e+02 1.870080108642578125e+02
3.482200000000000273e+01 3.640000000000000000e+02 1.870063018798828125e+02
3.515800000000000125e+01 1.770000000000000000e+02 1.870254211425781250e+02
3.549399999999999977e+01 4.490000000000000000e+02 1.870014190673828125e+02
3.583100000000000307e+01 2.720000000000000000e+02 1.870127105712890625e+02
3.616700000000000159e+01 3.970000000000000000e+02 1.870031433105468750e+02
3.650300000000000011e+01 4.010000000000000000e+02 1.869966583251953125e+02
3.683899999999999864e+01 2.890000000000000000e+02 1.869976959228515625e+02
3.717699999999999960e+01 6.540000000000000000e+02 1.869983215332031250e+02
3.751400000000000290e+01 3.640000000000000000e+02 1.870048980712890625e+02
3.785000000000000142e+01 3.750000000000000000e+02 1.870072021484375000e+02
3.818599999999999994e+01 3.070000000000000000e+02 1.869976348876953125e+02
3.852300000000000324e+01 1.950000000000000000e+02 1.870038452148437500e+02
3.885900000000000176e+01 2.430000000000000000e+02 1.870041503906250000e+02
3.919500000000000028e+01 4.430000000000000000e+02 1.870044555664062500e+02
3.953099999999999881e+01 3.320000000000000000e+02 1.870013580322265625e+02
3.986800000000000210e+01 3.030000000000000000e+02 1.870071868896484375e+02
4.020400000000000063e+01 3.140000000000000000e+02 1.870095367431640625e+02
4.053999999999999915e+01 4.690000000000000000e+02 1.870069732666015625e+02
4.087700000000000244e+01 3.870000000000000000e+02 1.870125427246093750e+02
4.121300000000000097e+01 2.950000000000000000e+02 1.870029144287109375e+02
4.154899999999999949e+01 5.960000000000000000e+02 1.870039978027343750e+02
4.188600000000000279e+01 2.950000000000000000e+02 1.870067291259765625e+02
4.222200000000000131e+01 3.080000000000000000e+02 1.870083160400390625e+02
4.255799999999999983e+01 1.880000000000000000e+02 1.870192413330078125e+02
4.289500000000000313e+01 2.690000000000000000e+02 1.870062866210937500e+02
4.323100000000000165e+01 3.520000000000000000e+02 1.869947052001953125e+02
4.356700000000000017e+01 6.020000000000000000e+02 1.869959716796875000e+02
4.390299999999999869e+01 4.630000000000000000e+02 1.869947204589843750e+02
4.424000000000000199e+01 5.840000000000000000e+02 1.869952087402343750e+02
4.457600000000000051e+01 5.340000000000000000e+02 1.869964904785156250e+02
4.491199999999999903e+01 6.110000000000000000e+02 1.870015411376953125e+02
4.524900000000000233e+01 6.530000000000000000e+02 1.870020141601562500e+02
4.558500000000000085e+01 6.880000000000000000e+02 1.870024566650390625e+02
4.592199999999999704e+01 6.780000000000000000e+02 1.870052947998046875e+02
4.625800000000000267e+01 6.050000000000000000e+02 1.870032501220703125e+02
4.659499999999999886e+01 7.550000000000000000e+02 1.870087585449218750e+02
4.693099999999999739e+01 8.280000000000000000e+02 1.870047912597656250e+02
4.726899999999999835e+01 8.540000000000000000e+02 1.870053863525390625e+02
4.760499999999999687e+01 8.060000000000000000e+02 1.870089874267578125e+02
4.794200000000000017e+01 8.710000000000000000e+02 1.870019378662109375e+02
4.827799999999999869e+01 6.810000000000000000e+02 1.870038452148437500e+02
4.861399999999999721e+01 1.130000000000000000e+03 1.870077209472656250e+02
4.895000000000000284e+01 8.660000000000000000e+02 1.870083007812500000e+02
4.928699999999999903e+01 8.680000000000000000e+02 1.870049133300781250e+02
4.962299999999999756e+01 8.810000000000000000e+02 1.870024719238281250e+02
4.995900000000000318e+01 1.046000000000000000e+03 1.870104064941406250e+02
5.029599999999999937e+01 8.500000000000000000e+02 1.870061950683593750e+02
5.063199999999999790e+01 6.780000000000000000e+02 1.870078277587890625e+02
5.096800000000000352e+01 9.130000000000000000e+02 1.870043640136718750e+02
5.130400000000000205e+01 9.270000000000000000e+02 1.870088806152343750e+02
5.164099999999999824e+01 7.470000000000000000e+02 1.870075531005859375e+02
5.197699999999999676e+01 6.730000000000000000e+02 1.870030822753906250e+02
5.231300000000000239e+01 7.400000000000000000e+02 1.870060729980468750e+02
5.264999999999999858e+01 5.740000000000000000e+02 1.870052185058593750e+02
5.298599999999999710e+01 4.420000000000000000e+02 1.870061035156250000e+02
5.332200000000000273e+01 4.270000000000000000e+02 1.870109252929687500e+02
5.365899999999999892e+01 4.310000000000000000e+02 1.870056457519531250e+02
5.399499999999999744e+01 5.230000000000000000e+02 1.870013275146484375e+02
5.433100000000000307e+01 4.320000000000000000e+02 1.870047760009765625e+02
5.466799999999999926e+01 5.410000000000000000e+02 1.870047912597656250e+02
5.500399999999999778e+01 3.020000000000000000e+02 1.870095825195312500e+02
5.534000000000000341e+01 2.050000000000000000e+02 1.870106048583984375e+02
5.567699999999999960e+01 2.600000000000000000e+02 1.870115814208984375e+02
5.601299999999999812e+01 2.200000000000000000e+02 1.870042877197265625e+02
5.634899999999999665e+01 1.910000000000000000e+02 1.870102233886718750e+02
5.668500000000000227e+01 1.570000000000000000e+02 1.870219268798828125e+02
5.702199999999999847e+01 1.790000000000000000e+02 1.870138092041015625e+02
5.735999999999999943e+01 3.420000000000000000e+02 1.870067138671875000e+02
5.769599999999999795e+01 3.080000000000000000e+02 1.870111694335937500e+02
5.803199999999999648e+01 2.010000000000000000e+02 1.870147705078125000e+02
5.836899999999999977e+01 1.340000000000000000e+02 1.870007171630859375e+02
5.870499999999999829e+01 1.770000000000000000e+02 1.870067901611328125e+02
5.904099999999999682e+01 1.590000000000000000e+02 1.870121917724609375e+02
5.937700000000000244e+01 2.870000000000000000e+02 1.870131072998046875e+02
5.971399999999999864e+01 2.080000000000000000e+02 1.870116729736328125e+02
6.004979999999999762e+01 3.060000000000000000e+02 1.870167388916015625e+02
6.038580000000000325e+01 2.190000000000000000e+02 1.869989624023437500e+02
