3.078600000000000136e+01 4.940000000000000000e+02 3.150311279296875000e+02
3.112199999999999989e+01 4.840000000000000000e+02 3.150129699707031250e+02
3.145899999999999963e+01 3.730000000000000000e+02 3.150171813964843750e+02
3.179500000000000171e+01 7.040000000000000000e+02 3.150334472656250000e+02
3.213100000000000023e+01 6.020000000000000000e+02 3.150212402343750000e+02
3.246800000000000352e+01 5.760000000000000000e+02 3.150203247070312500e+02
3.280400000000000205e+01 6.600000000000000000e+02 3.150264587402343750e+02
3.314000000000000057e+01 7.140000000000000000e+02 3.150291137695312500e+02
3.347599999999999909e+01 8.780000000000000000e+02 3.150231018066406250e+02
3.381300000000000239e+01 7.520000000000000000e+02 3.150291442871093750e+02
3.414900000000000091e+01 9.730000000000000000e+02 3.150241699218750000e+02
3.448499999999999943e+01 1.005000000000000000e+03 3.150209655761718750e+02
3.482200000000000273e+01 1.213000000000000000e+03 3.150209045410156250e+02
3.515800000000000125e+01 1.074000000000000000e+03 3.150228881835937500e+02
3.549399999999999977e+01 1.137000000000000000e+03 3.150228271484375000e+02
3.583100000000000307e+01 8.220000000000000000e+02 3.150179138183593750e+02
3.616700000000000159e+01 1.047000000000000000e+03 3.150141906738281250e+02
3.650300000000000011e+01 8.160000000000000000e+02 3.150205078125000000e+02
3.683899999999999864e+01 5.950000000000000000e+02 3.150161132812500000e+02
3.717699999999999960e+01 6.170000000000000000e+02 3.150090332031250000e+02
3.751400000000000290e+01 7.730000000000000000e+02 3.150222778320312500e+02
3.785000000000000142e+01 4.760000000000000000e+02 3.150118103027343750e+02
3.818599999999999994e+01 6.540000000000000000e+02 3.150146789550781250e+02
3.852300000000000324e+01 6.730000000000000000e+02 3.150137329101562500e+02
3.885900000000000176e+01 7.180000000000000000e+02 3.150172424316406250e+02
3.919500000000000028e+01 5.350000000000000000e+02 3.150152587890625000e+02
3.953099999999999881e+01 6.490000000000000000e+02 3.150102539062500000e+02
3.986800000000000210e+01 6.120000000000000000e+02 3.150181274414062500e+02
4.020400000000000063e+01 5.200000000000000000e+02 3.150144653320312500e+02
4.053999999999999915e+01 8.740000000000000000e+02 3.150182800292968750e+02
4.087700000000000244e+01 8.210000000000000000e+02 3.150252075195312500e+02
4.121300000000000097e+01 1.026000000000000000e+03 3.150177307128906250e+02
4.154899999999999949e+01 5.540000000000000000e+02 3.150380859375000000e+02
4.188600000000000279e+01 4.940000000000000000e+02 3.150362854003906250e+02
4.222200000000000131e+01 4.870000000000000000e+02 3.150291442871093750e+02
4.255799999999999983e+01 4.300000000000000000e+02 3.150191955566406250e+02
4.289500000000000313e+01 4.490000000000000000e+02 3.150330200195312500e+02
4.323100000000000165e+01 4.880000000000000000e+02 3.150252990722656250e+02
4.356700000000000017e+01 5.210000000000000000e+02 3.150287780761718750e+02
4.390299999999999869e+01 8.130000000000000000e+02 3.150289916992187500e+02
4.424000000000000199e+01 7.680000000000000000e+02 3.150211486816406250e+02
4.457600000000000051e+01 8.580000000000000000e+02 3.150158691406250000e+02
4.491199999999999903e+01 9.190000000000000000e+02 3.150231933593750000e+02
4.524900000000000233e+01 7.240000000000000000e+02 3.150195617675781250e+02
4.558500000000000085e+01 1.085000000000000000e+03 3.150205078125000000e+02
4.592199999999999704e+01 7.850000000000000000e+02 3.150214538574218750e+02
4.625800000000000267e+01 9.810000000000000000e+02 3.150257263183593750e+02
4.659499999999999886e+01 7.420000000000000000e+02 3.150152587890625000e+02
4.693099999999999739e+01 8.180000000000000000e+02 3.150107421875000000e+02
4.726899999999999835e+01 7.230000000000000000e+02 3.150131225585937500e+02
4.760499999999999687e+01 8.590000000000000000e+02 3.150136718750000000e+02
4.794200000000000017e+01 9.520000000000000000e+02 3.150085449218750000e+02
4.827799999999999869e+01 8.380000000000000000e+02 3.150061340332031250e+02
4.861399999999999721e+01 9.390000000000000000e+02 3.150100402832031250e+02
4.895000000000000284e+01 6.970000000000000000e+02 3.150088195800781250e+02
4.928699999999999903e+01 6.580000000000000000e+02 3.150046386718750000e+02
4.962299999999999756e+01 6.520000000000000000e+02 3.150080566406250000e+02
4.995900000000000318e+01 6.210000000000000000e+02 3.150107727050781250e+02
5.029599999999999937e+01 6.860000000000000000e+02 3.150093994140625000e+02
5.063199999999999790e+01 7.030000000000000000e+02 3.150033874511718750e+02
5.096800000000000352e+01 6.760000000000000000e+02 3.150055847167968750e+02
5.130400000000000205e+01 6.630000000000000000e+02 3.150079956054687500e+02
