1.885540000000000020e+02 2.330000000000000000e+02 3.771849060058593750e+02
1.888899999999999864e+02 3.730000000000000000e+02 3.771748657226562500e+02
1.892259999999999991e+02 3.960000000000000000e+02 3.771746826171875000e+02
1.895629999999999882e+02 3.850000000000000000e+02 3.771685485839843750e+02
1.898990000000000009e+02 2.360000000000000000e+02 3.771670227050781250e+02
1.902350000000000136e+02 3.890000000000000000e+02 3.771741333007812500e+02
1.905720000000000027e+02 2.970000000000000000e+02 3.771705627441406250e+02
1.909079999999999870e+02 3.270000000000000000e+02 3.771735839843750000e+02
1.912439999999999998e+02 2.850000000000000000e+02 3.771731262207031250e+02
1.915800000000000125e+02 4.830000000000000000e+02 3.771705322265625000e+02
1.919170000000000016e+02 5.300000000000000000e+02 3.771761169433593750e+02
1.922529999999999859e+02 8.580000000000000000e+02 3.771751403808593750e+02
1.925889999999999986e+02 9.340000000000000000e+02 3.771791381835937500e+02
1.929259999999999877e+02 9.240000000000000000e+02 3.771828308105468750e+02
1.932620000000000005e+02 1.310000000000000000e+03 3.771792297363281250e+02
1.935980000000000132e+02 1.043000000000000000e+03 3.771789550781250000e+02
1.939350000000000023e+02 1.230000000000000000e+03 3.771804199218750000e+02
1.942709999999999866e+02 1.547000000000000000e+03 3.771809082031250000e+02
1.946069999999999993e+02 1.534000000000000000e+03 3.771780090332031250e+02
1.949430000000000121e+02 1.829000000000000000e+03 3.771815490722656250e+02
1.952800000000000011e+02 2.187000000000000000e+03 3.771815185546875000e+02
1.956160000000000139e+02 2.493000000000000000e+03 3.771822509765625000e+02
1.959519999999999982e+02 3.172000000000000000e+03 3.771789550781250000e+02
1.962889999999999873e+02 3.263000000000000000e+03 3.771794128417968750e+02
1.966250000000000000e+02 3.234000000000000000e+03 3.771779785156250000e+02
1.969610000000000127e+02 3.275000000000000000e+03 3.771796264648437500e+02
1.972980000000000018e+02 3.085000000000000000e+03 3.771808471679687500e+02
1.976339999999999861e+02 2.898000000000000000e+03 3.771801452636718750e+02
1.979699999999999989e+02 3.211000000000000000e+03 3.771808166503906250e+02
1.983060000000000116e+02 3.341000000000000000e+03 3.771817016601562500e+02
1.986440000000000055e+02 3.495000000000000000e+03 3.771809997558593750e+02
1.989809999999999945e+02 3.744000000000000000e+03 3.771790161132812500e+02
1.993170000000000073e+02 4.241000000000000000e+03 3.771820983886718750e+02
1.996529999999999916e+02 4.878000000000000000e+03 3.771775512695312500e+02
1.999900000000000091e+02 4.952000000000000000e+03 3.771799926757812500e+02
2.003259999999999934e+02 4.658000000000000000e+03 3.771816406250000000e+02
2.006620000000000061e+02 4.729000000000000000e+03 3.771812133789062500e+02
2.009989999999999952e+02 6.217000000000000000e+03 3.771812438964843750e+02
2.013350000000000080e+02 5.578000000000000000e+03 3.771821594238281250e+02
2.016709999999999923e+02 6.746000000000000000e+03 3.771795043945312500e+02
2.020070000000000050e+02 7.103000000000000000e+03 3.771791992187500000e+02
2.023439999999999941e+02 8.441000000000000000e+03 3.771799926757812500e+02
2.026800000000000068e+02 8.654000000000000000e+03 3.771830444335937500e+02
2.030169999999999959e+02 9.292000000000000000e+03 3.771810913085937500e+02
2.033530000000000086e+02 9.493000000000000000e+03 3.771812133789062500e+02
2.036899999999999977e+02 9.247000000000000000e+03 3.771799316406250000e+02
2.040260000000000105e+02 8.212000000000000000e+03 3.771792907714843750e+02
2.043619999999999948e+02 8.818000000000000000e+03 3.771798400878906250e+02
2.046990000000000123e+02 8.723000000000000000e+03 3.771809692382812500e+02
2.050349999999999966e+02 7.996000000000000000e+03 3.771815185546875000e+02
2.053710000000000093e+02 8.777000000000000000e+03 3.771792907714843750e+02
2.057079999999999984e+02 8.437000000000000000e+03 3.771799926757812500e+02
2.060440000000000111e+02 7.839000000000000000e+03 3.771810302734375000e+02
2.063799999999999955e+02 7.734000000000000000e+03 3.771804504394531250e+02
2.067170000000000130e+02 6.738000000000000000e+03 3.771800842285156250e+02
2.070529999999999973e+02 6.824000000000000000e+03 3.771806640625000000e+02
2.073890000000000100e+02 5.743000000000000000e+03 3.771804504394531250e+02
2.077249999999999943e+02 4.156000000000000000e+03 3.771799316406250000e+02
2.080620000000000118e+02 3.003000000000000000e+03 3.771796875000000000e+02
2.083979999999999961e+02 2.479000000000000000e+03 3.771798095703125000e+02
2.087359999999999900e+02 1.784000000000000000e+03 3.771823425292968750e+02
2.090720000000000027e+02 1.352000000000000000e+03 3.771806335449218750e+02
2.094089999999999918e+02 9.060000000000000000e+02 3.771782836914062500e+02
2.097450000000000045e+02 9.320000000000000000e+02 3.771799011230468750e+02
2.100809999999999889e+02 8.270000000000000000e+02 3.771796875000000000e+02
2.104180000000000064e+02 7.620000000000000000e+02 3.771805114746093750e+02
2.107539999999999907e+02 6.290000000000000000e+02 3.771843872070312500e+02
2.110900000000000034e+02 6.530000000000000000e+02 3.771798706054687500e+02
2.114259999999999877e+02 6.810000000000000000e+02 3.771775817871093750e+02
2.117630000000000052e+02 6.170000000000000000e+02 3.771817016601562500e+02
2.120989999999999895e+02 7.240000000000000000e+02 3.771814575195312500e+02
2.124350000000000023e+02 6.360000000000000000e+02 3.771780700683593750e+02
2.127719999999999914e+02 5.600000000000000000e+02 3.771774902343750000e+02
2.131080000000000041e+02 5.120000000000000000e+02 3.771809997558593750e+02
2.134439999999999884e+02 5.220000000000000000e+02 3.771808166503906250e+02
2.137810000000000059e+02 5.170000000000000000e+02 3.771783752441406250e+02
2.141169999999999902e+02 5.250000000000000000e+02 3.771778564453125000e+02
2.144530000000000030e+02 5.340000000000000000e+02 3.771815795898437500e+02
2.147899999999999920e+02 6.470000000000000000e+02 3.771805419921875000e+02
2.151260000000000048e+02 6.570000000000000000e+02 3.771785583496093750e+02
2.154619999999999891e+02 7.750000000000000000e+02 3.771814880371093750e+02
2.157990000000000066e+02 7.180000000000000000e+02 3.771758728027343750e+02
2.161349999999999909e+02 5.130000000000000000e+02 3.771759338378906250e+02
2.164710000000000036e+02 5.110000000000000000e+02 3.771748046875000000e+02
2.168069999999999879e+02 3.990000000000000000e+02 3.771777648925781250e+02
2.171440000000000055e+02 2.590000000000000000e+02 3.771662597656250000e+02
2.174799999999999898e+02 3.600000000000000000e+02 3.771783752441406250e+02
2.178160000000000025e+02 3.370000000000000000e+02 3.771777954101562500e+02
