2.491049999999999898e+02 2.920000000000000000e+02 2.370840759277343750e+02
2.494410000000000025e+02 2.370000000000000000e+02 2.370711975097656250e+02
2.497779999999999916e+02 4.220000000000000000e+02 2.370735626220703125e+02
2.501140000000000043e+02 4.030000000000000000e+02 2.370687255859375000e+02
2.504509999999999934e+02 9.840000000000000000e+02 2.370724182128906250e+02
2.507870000000000061e+02 9.230000000000000000e+02 2.370688018798828125e+02
2.511239999999999952e+02 8.420000000000000000e+02 2.370682830810546875e+02
2.514600000000000080e+02 5.840000000000000000e+02 2.370700988769531250e+02
2.517969999999999970e+02 8.710000000000000000e+02 2.370687713623046875e+02
2.521330000000000098e+02 8.140000000000000000e+02 2.370697784423828125e+02
2.524689999999999941e+02 5.260000000000000000e+02 2.370734710693359375e+02
2.528060000000000116e+02 4.030000000000000000e+02 2.370731048583984375e+02
2.531419999999999959e+02 3.010000000000000000e+02 2.370759582519531250e+02
2.534780000000000086e+02 2.540000000000000000e+02 2.370895996093750000e+02
2.538139999999999930e+02 2.300000000000000000e+02 2.370833129882812500e+02
