5.466799999999999926e+01 5.490000000000000000e+02 3.050735168457031250e+02
5.500399999999999778e+01 8.290000000000000000e+02 3.050756835937500000e+02
5.534000000000000341e+01 6.730000000000000000e+02 3.050783081054687500e+02
5.567699999999999960e+01 5.550000000000000000e+02 3.050782165527343750e+02
5.601299999999999812e+01 8.340000000000000000e+02 3.050780639648437500e+02
5.634899999999999665e+01 9.720000000000000000e+02 3.050754089355468750e+02
5.668500000000000227e+01 1.007000000000000000e+03 3.050840148925781250e+02
5.702199999999999847e+01 1.045000000000000000e+03 3.050754394531250000e+02
5.735999999999999943e+01 1.420000000000000000e+03 3.050779418945312500e+02
5.769599999999999795e+01 1.249000000000000000e+03 3.050837097167968750e+02
5.803199999999999648e+01 1.116000000000000000e+03 3.050841064453125000e+02
5.836899999999999977e+01 1.303000000000000000e+03 3.050815429687500000e+02
5.870499999999999829e+01 1.228000000000000000e+03 3.050840148925781250e+02
5.904099999999999682e+01 1.083000000000000000e+03 3.050835876464843750e+02
5.937700000000000244e+01 9.340000000000000000e+02 3.050826416015625000e+02
5.971399999999999864e+01 1.076000000000000000e+03 3.050830383300781250e+02
6.004979999999999762e+01 1.033000000000000000e+03 3.050856933593750000e+02
6.038580000000000325e+01 8.830000000000000000e+02 3.050902099609375000e+02
6.072299999999999898e+01 1.035000000000000000e+03 3.050788269042968750e+02
6.105899999999999750e+01 9.970000000000000000e+02 3.050828247070312500e+02
6.139500000000000313e+01 9.180000000000000000e+02 3.050866699218750000e+02
6.173219999999999885e+01 8.280000000000000000e+02 3.050850830078125000e+02
6.206880000000000308e+01 1.028000000000000000e+03 3.050825195312500000e+02
6.240480000000000160e+01 8.280000000000000000e+02 3.050840148925781250e+02
6.274199999999999733e+01 6.600000000000000000e+02 3.050856933593750000e+02
6.307800000000000296e+01 8.070000000000000000e+02 3.050863952636718750e+02
6.341400000000000148e+01 6.710000000000000000e+02 3.050852661132812500e+02
6.375119999999999720e+01 4.510000000000000000e+02 3.050809631347656250e+02
6.408719999999999573e+01 5.110000000000000000e+02 3.050715942382812500e+02
6.442379999999999995e+01 6.590000000000000000e+02 3.050724487304687500e+02
6.475979999999999848e+01 5.200000000000000000e+02 3.050744934082031250e+02
6.509579999999999700e+01 3.890000000000000000e+02 3.050727539062500000e+02
6.543300000000000693e+01 6.830000000000000000e+02 3.050744628906250000e+02
6.576900000000000546e+01 3.770000000000000000e+02 3.050705566406250000e+02
6.610500000000000398e+01 5.620000000000000000e+02 3.050780639648437500e+02
6.644100000000000250e+01 4.140000000000000000e+02 3.050773620605468750e+02
