4.491199999999999903e+01 2.480000000000000000e+02 4.310036315917968750e+02
4.524900000000000233e+01 3.770000000000000000e+02 4.309998474121093750e+02
4.558500000000000085e+01 2.910000000000000000e+02 4.309992370605468750e+02
4.592199999999999704e+01 1.770000000000000000e+02 4.310082702636718750e+02
4.625800000000000267e+01 5.490000000000000000e+02 4.309976501464843750e+02
4.659499999999999886e+01 5.560000000000000000e+02 4.310016479492187500e+02
4.693099999999999739e+01 4.300000000000000000e+02 4.310071105957031250e+02
4.726899999999999835e+01 6.600000000000000000e+02 4.310037231445312500e+02
4.760499999999999687e+01 5.770000000000000000e+02 4.309956665039062500e+02
4.794200000000000017e+01 5.850000000000000000e+02 4.309972229003906250e+02
4.827799999999999869e+01 8.680000000000000000e+02 4.309981689453125000e+02
4.861399999999999721e+01 6.860000000000000000e+02 4.309925842285156250e+02
4.895000000000000284e+01 7.740000000000000000e+02 4.309981079101562500e+02
4.928699999999999903e+01 7.570000000000000000e+02 4.309847412109375000e+02
4.962299999999999756e+01 6.810000000000000000e+02 4.309996643066406250e+02
4.995900000000000318e+01 6.250000000000000000e+02 4.310037231445312500e+02
5.029599999999999937e+01 5.970000000000000000e+02 4.309945068359375000e+02
5.063199999999999790e+01 5.750000000000000000e+02 4.309973449707031250e+02
5.096800000000000352e+01 4.860000000000000000e+02 4.310058898925781250e+02
5.130400000000000205e+01 5.480000000000000000e+02 4.310085754394531250e+02
5.164099999999999824e+01 3.550000000000000000e+02 4.310107727050781250e+02
5.197699999999999676e+01 4.990000000000000000e+02 4.309939270019531250e+02
5.231300000000000239e+01 4.200000000000000000e+02 4.310115661621093750e+02
5.264999999999999858e+01 3.310000000000000000e+02 4.309971618652343750e+02
5.298599999999999710e+01 3.230000000000000000e+02 4.310020141601562500e+02
