1.909079999999999870e+02 2.170000000000000000e+02 2.881264038085937500e+02
1.912439999999999998e+02 4.580000000000000000e+02 2.881124572753906250e+02
1.915800000000000125e+02 3.860000000000000000e+02 2.881114196777343750e+02
1.919170000000000016e+02 3.250000000000000000e+02 2.881168212890625000e+02
1.922529999999999859e+02 6.560000000000000000e+02 2.881126708984375000e+02
1.925889999999999986e+02 6.880000000000000000e+02 2.881102905273437500e+02
1.929259999999999877e+02 8.430000000000000000e+02 2.881123352050781250e+02
1.932620000000000005e+02 6.480000000000000000e+02 2.881131286621093750e+02
1.935980000000000132e+02 6.670000000000000000e+02 2.881113891601562500e+02
1.939350000000000023e+02 4.780000000000000000e+02 2.881180419921875000e+02
