1.626510000000000105e+02 3.950000000000000000e+02 2.591153564453125000e+02
1.629869999999999948e+02 4.890000000000000000e+02 2.591120910644531250e+02
1.633240000000000123e+02 5.650000000000000000e+02 2.591153869628906250e+02
1.636599999999999966e+02 5.520000000000000000e+02 2.591194458007812500e+02
1.639960000000000093e+02 7.220000000000000000e+02 2.591204223632812500e+02
1.643329999999999984e+02 7.490000000000000000e+02 2.591181335449218750e+02
1.646690000000000111e+02 9.360000000000000000e+02 2.591226196289062500e+02
1.650049999999999955e+02 9.350000000000000000e+02 2.591187438964843750e+02
1.653420000000000130e+02 8.480000000000000000e+02 2.591208190917968750e+02
1.656779999999999973e+02 1.113000000000000000e+03 2.591180725097656250e+02
1.660140000000000100e+02 1.222000000000000000e+03 2.591199645996093750e+02
1.663499999999999943e+02 1.536000000000000000e+03 2.591192932128906250e+02
1.666870000000000118e+02 2.453000000000000000e+03 2.591171264648437500e+02
1.670229999999999961e+02 2.756000000000000000e+03 2.591193542480468750e+02
1.673590000000000089e+02 3.791000000000000000e+03 2.591175231933593750e+02
1.676959999999999980e+02 5.364000000000000000e+03 2.591175842285156250e+02
1.680320000000000107e+02 5.061000000000000000e+03 2.591184082031250000e+02
1.683700000000000045e+02 6.645000000000000000e+03 2.591163635253906250e+02
1.687059999999999889e+02 6.660000000000000000e+03 2.591162414550781250e+02
1.690430000000000064e+02 7.525000000000000000e+03 2.591158752441406250e+02
1.693789999999999907e+02 7.365000000000000000e+03 2.591152343750000000e+02
1.697150000000000034e+02 7.344000000000000000e+03 2.591173095703125000e+02
1.700519999999999925e+02 5.714000000000000000e+03 2.591167602539062500e+02
1.703880000000000052e+02 5.501000000000000000e+03 2.591166381835937500e+02
1.707239999999999895e+02 4.302000000000000000e+03 2.591163024902343750e+02
1.710610000000000070e+02 3.256000000000000000e+03 2.591154785156250000e+02
1.713969999999999914e+02 2.175000000000000000e+03 2.591171875000000000e+02
1.717330000000000041e+02 2.030000000000000000e+03 2.591168518066406250e+02
1.720699999999999932e+02 1.689000000000000000e+03 2.591170043945312500e+02
1.724060000000000059e+02 1.110000000000000000e+03 2.591117858886718750e+02
1.727429999999999950e+02 9.230000000000000000e+02 2.591173400878906250e+02
1.730790000000000077e+02 7.360000000000000000e+02 2.591180114746093750e+02
1.734149999999999920e+02 5.900000000000000000e+02 2.591135559082031250e+02
1.737520000000000095e+02 5.220000000000000000e+02 2.591159057617187500e+02
1.740879999999999939e+02 4.680000000000000000e+02 2.591089782714843750e+02
1.744240000000000066e+02 3.780000000000000000e+02 2.591107788085937500e+02
1.747609999999999957e+02 5.680000000000000000e+02 2.591117858886718750e+02
1.750970000000000084e+02 3.470000000000000000e+02 2.591099853515625000e+02
1.754329999999999927e+02 2.020000000000000000e+02 2.591112060546875000e+02
1.757700000000000102e+02 1.860000000000000000e+02 2.591202697753906250e+02
1.761059999999999945e+02 4.290000000000000000e+02 2.591163024902343750e+02
1.764420000000000073e+02 2.590000000000000000e+02 2.591114807128906250e+02
1.767779999999999916e+02 1.950000000000000000e+02 2.591188659667968750e+02
1.771150000000000091e+02 2.320000000000000000e+02 2.591070556640625000e+02
1.774509999999999934e+02 2.080000000000000000e+02 2.591173400878906250e+02
1.777870000000000061e+02 3.880000000000000000e+02 2.591109924316406250e+02
1.781239999999999952e+02 1.800000000000000000e+02 2.591095581054687500e+02
1.784619999999999891e+02 2.700000000000000000e+02 2.591131896972656250e+02
1.787980000000000018e+02 3.600000000000000000e+02 2.591126708984375000e+02
1.791339999999999861e+02 1.790000000000000000e+02 2.591129150390625000e+02
1.794699999999999989e+02 1.010000000000000000e+02 2.591134033203125000e+02
1.798069999999999879e+02 1.330000000000000000e+02 2.591274719238281250e+02
1.801430000000000007e+02 1.830000000000000000e+02 2.590975341796875000e+02
1.804790000000000134e+02 2.400000000000000000e+02 2.591151428222656250e+02
