3.547350000000000136e+02 1.350000000000000000e+02 5.912761230468750000e+02
3.550710000000000264e+02 9.000000000000000000e+01 5.912921752929687500e+02
3.554069999999999823e+02 1.310000000000000000e+02 5.912858276367187500e+02
3.557440000000000282e+02 3.250000000000000000e+02 5.912882690429687500e+02
3.560799999999999841e+02 2.960000000000000000e+02 5.912854614257812500e+02
3.564159999999999968e+02 2.820000000000000000e+02 5.912675170898437500e+02
3.567520000000000095e+02 4.710000000000000000e+02 5.912736206054687500e+02
3.570889999999999986e+02 5.870000000000000000e+02 5.912841796875000000e+02
3.574250000000000114e+02 7.390000000000000000e+02 5.912858886718750000e+02
3.577610000000000241e+02 6.420000000000000000e+02 5.912783813476562500e+02
3.580980000000000132e+02 6.170000000000000000e+02 5.912843017578125000e+02
3.584340000000000259e+02 6.480000000000000000e+02 5.912863159179687500e+02
3.587699999999999818e+02 8.130000000000000000e+02 5.912825927734375000e+02
3.591070000000000277e+02 4.450000000000000000e+02 5.912793579101562500e+02
3.594429999999999836e+02 4.630000000000000000e+02 5.912891845703125000e+02
3.597789999999999964e+02 5.300000000000000000e+02 5.912763061523437500e+02
3.601170000000000186e+02 4.120000000000000000e+02 5.912854003906250000e+02
3.604529999999999745e+02 2.290000000000000000e+02 5.912957763671875000e+02
3.607900000000000205e+02 2.200000000000000000e+02 5.912691040039062500e+02
3.611270000000000095e+02 2.270000000000000000e+02 5.912810668945312500e+02
