4.344560000000000173e+02 5.460000000000000000e+02 1.680458831787109375e+02
4.347930000000000064e+02 4.510000000000000000e+02 1.680468902587890625e+02
4.351290000000000191e+02 4.480000000000000000e+02 1.680466003417968750e+02
4.354649999999999750e+02 4.190000000000000000e+02 1.680526275634765625e+02
4.358020000000000209e+02 4.500000000000000000e+02 1.680459747314453125e+02
4.361379999999999768e+02 5.230000000000000000e+02 1.680469055175781250e+02
4.364739999999999895e+02 3.990000000000000000e+02 1.680468444824218750e+02
4.368100000000000023e+02 3.300000000000000000e+02 1.680482482910156250e+02
4.371469999999999914e+02 4.370000000000000000e+02 1.680462188720703125e+02
4.374830000000000041e+02 5.040000000000000000e+02 1.680493927001953125e+02
4.378190000000000168e+02 4.220000000000000000e+02 1.680458984375000000e+02
4.381560000000000059e+02 4.400000000000000000e+02 1.680466308593750000e+02
4.384920000000000186e+02 4.590000000000000000e+02 1.680475616455078125e+02
4.388279999999999745e+02 3.290000000000000000e+02 1.680454559326171875e+02
4.391650000000000205e+02 3.390000000000000000e+02 1.680464782714843750e+02
4.395020000000000095e+02 6.800000000000000000e+02 1.680480041503906250e+02
4.398380000000000223e+02 5.300000000000000000e+02 1.680482177734375000e+02
4.401739999999999782e+02 6.220000000000000000e+02 1.680476837158203125e+02
4.405110000000000241e+02 5.020000000000000000e+02 1.680468292236328125e+02
4.408489999999999895e+02 4.600000000000000000e+02 1.680465393066406250e+02
4.411850000000000023e+02 5.470000000000000000e+02 1.680434570312500000e+02
4.415210000000000150e+02 6.960000000000000000e+02 1.680446472167968750e+02
4.418570000000000277e+02 5.180000000000000000e+02 1.680461730957031250e+02
4.421940000000000168e+02 5.770000000000000000e+02 1.680474395751953125e+02
4.425299999999999727e+02 4.520000000000000000e+02 1.680447692871093750e+02
4.428659999999999854e+02 5.500000000000000000e+02 1.680458831787109375e+02
4.432029999999999745e+02 4.470000000000000000e+02 1.680481262207031250e+02
4.435389999999999873e+02 5.570000000000000000e+02 1.680483856201171875e+02
4.438750000000000000e+02 4.790000000000000000e+02 1.680492248535156250e+02
4.442119999999999891e+02 5.710000000000000000e+02 1.680494384765625000e+02
4.445480000000000018e+02 5.180000000000000000e+02 1.680466156005859375e+02
4.448840000000000146e+02 4.130000000000000000e+02 1.680480651855468750e+02
4.452210000000000036e+02 3.820000000000000000e+02 1.680475311279296875e+02
4.455570000000000164e+02 5.700000000000000000e+02 1.680449218750000000e+02
4.458929999999999723e+02 5.230000000000000000e+02 1.680489501953125000e+02
4.462289999999999850e+02 3.640000000000000000e+02 1.680475921630859375e+02
4.465659999999999741e+02 4.290000000000000000e+02 1.680510864257812500e+02
4.469019999999999868e+02 5.040000000000000000e+02 1.680460662841796875e+02
4.472379999999999995e+02 6.340000000000000000e+02 1.680464782714843750e+02
4.475749999999999886e+02 5.710000000000000000e+02 1.680442810058593750e+02
4.479110000000000014e+02 5.650000000000000000e+02 1.680489501953125000e+02
4.482470000000000141e+02 5.140000000000000000e+02 1.680471496582031250e+02
4.485840000000000032e+02 4.250000000000000000e+02 1.680458068847656250e+02
4.489200000000000159e+02 6.040000000000000000e+02 1.680435943603515625e+02
4.492559999999999718e+02 7.770000000000000000e+02 1.680477905273437500e+02
4.495919999999999845e+02 3.760000000000000000e+02 1.680468902587890625e+02
4.499289999999999736e+02 4.790000000000000000e+02 1.680458068847656250e+02
4.502649999999999864e+02 4.450000000000000000e+02 1.680454101562500000e+02
4.506009999999999991e+02 3.800000000000000000e+02 1.680469970703125000e+02
4.509390000000000214e+02 5.190000000000000000e+02 1.680469818115234375e+02
4.512749999999999773e+02 5.740000000000000000e+02 1.680460357666015625e+02
4.516120000000000232e+02 4.410000000000000000e+02 1.680464782714843750e+02
4.519479999999999791e+02 5.070000000000000000e+02 1.680487213134765625e+02
4.522839999999999918e+02 6.440000000000000000e+02 1.680436248779296875e+02
4.526209999999999809e+02 3.800000000000000000e+02 1.680479583740234375e+02
4.529569999999999936e+02 5.320000000000000000e+02 1.680459899902343750e+02
4.532930000000000064e+02 6.560000000000000000e+02 1.680485534667968750e+02
4.536299999999999955e+02 6.030000000000000000e+02 1.680452880859375000e+02
4.539660000000000082e+02 5.340000000000000000e+02 1.680449981689453125e+02
4.543020000000000209e+02 5.760000000000000000e+02 1.680473480224609375e+02
4.546390000000000100e+02 5.720000000000000000e+02 1.680458526611328125e+02
4.549750000000000227e+02 4.050000000000000000e+02 1.680491180419921875e+02
4.553120000000000118e+02 3.020000000000000000e+02 1.680518035888671875e+02
4.556480000000000246e+02 6.710000000000000000e+02 1.680437011718750000e+02
4.559839999999999804e+02 4.120000000000000000e+02 1.680445404052734375e+02
4.563210000000000264e+02 3.830000000000000000e+02 1.680468139648437500e+02
4.566569999999999823e+02 2.760000000000000000e+02 1.680442199707031250e+02
4.569929999999999950e+02 2.900000000000000000e+02 1.680467224121093750e+02
4.573299999999999841e+02 3.080000000000000000e+02 1.680478363037109375e+02
4.576659999999999968e+02 5.170000000000000000e+02 1.680478820800781250e+02
4.580020000000000095e+02 5.760000000000000000e+02 1.680449676513671875e+02
4.583389999999999986e+02 4.970000000000000000e+02 1.680467376708984375e+02
4.586750000000000114e+02 3.810000000000000000e+02 1.680470581054687500e+02
4.590110000000000241e+02 5.330000000000000000e+02 1.680454101562500000e+02
4.593480000000000132e+02 3.750000000000000000e+02 1.680482940673828125e+02
4.596840000000000259e+02 5.110000000000000000e+02 1.680433197021484375e+02
4.600199999999999818e+02 5.020000000000000000e+02 1.680455932617187500e+02
4.603559999999999945e+02 4.660000000000000000e+02 1.680467071533203125e+02
4.606929999999999836e+02 5.240000000000000000e+02 1.680464935302734375e+02
4.610310000000000059e+02 4.970000000000000000e+02 1.680451812744140625e+02
4.613670000000000186e+02 6.820000000000000000e+02 1.680463256835937500e+02
4.617029999999999745e+02 4.190000000000000000e+02 1.680468292236328125e+02
4.620400000000000205e+02 5.400000000000000000e+02 1.680444793701171875e+02
4.623759999999999764e+02 5.830000000000000000e+02 1.680421600341796875e+02
4.627119999999999891e+02 5.000000000000000000e+02 1.680474548339843750e+02
4.630480000000000018e+02 5.910000000000000000e+02 1.680460205078125000e+02
4.633849999999999909e+02 3.060000000000000000e+02 1.680466766357421875e+02
4.637210000000000036e+02 4.800000000000000000e+02 1.680458526611328125e+02
