5.500399999999999778e+01 9.520000000000000000e+02 2.820145568847656250e+02
5.534000000000000341e+01 9.670000000000000000e+02 2.820140686035156250e+02
5.567699999999999960e+01 7.880000000000000000e+02 2.820215454101562500e+02
5.601299999999999812e+01 6.840000000000000000e+02 2.820177001953125000e+02
5.634899999999999665e+01 6.480000000000000000e+02 2.820228881835937500e+02
5.668500000000000227e+01 7.400000000000000000e+02 2.820210876464843750e+02
5.702199999999999847e+01 7.750000000000000000e+02 2.820202636718750000e+02
5.735999999999999943e+01 7.840000000000000000e+02 2.820184020996093750e+02
5.769599999999999795e+01 6.990000000000000000e+02 2.820158996582031250e+02
5.803199999999999648e+01 8.760000000000000000e+02 2.820176696777343750e+02
5.836899999999999977e+01 8.130000000000000000e+02 2.820173339843750000e+02
5.870499999999999829e+01 6.200000000000000000e+02 2.820215148925781250e+02
5.904099999999999682e+01 9.440000000000000000e+02 2.820188903808593750e+02
5.937700000000000244e+01 6.290000000000000000e+02 2.820227661132812500e+02
5.971399999999999864e+01 4.350000000000000000e+02 2.820221557617187500e+02
6.004979999999999762e+01 6.320000000000000000e+02 2.820216674804687500e+02
6.038580000000000325e+01 8.320000000000000000e+02 2.820131530761718750e+02
6.072299999999999898e+01 7.720000000000000000e+02 2.820145874023437500e+02
6.105899999999999750e+01 7.820000000000000000e+02 2.820174865722656250e+02
6.139500000000000313e+01 7.500000000000000000e+02 2.820185241699218750e+02
6.173219999999999885e+01 7.160000000000000000e+02 2.820216369628906250e+02
6.206880000000000308e+01 7.790000000000000000e+02 2.820201110839843750e+02
6.240480000000000160e+01 6.190000000000000000e+02 2.820195312500000000e+02
6.274199999999999733e+01 8.120000000000000000e+02 2.820158996582031250e+02
6.307800000000000296e+01 6.260000000000000000e+02 2.820191955566406250e+02
6.341400000000000148e+01 6.480000000000000000e+02 2.820191955566406250e+02
6.375119999999999720e+01 8.200000000000000000e+02 2.820121459960937500e+02
6.408719999999999573e+01 6.520000000000000000e+02 2.820185546875000000e+02
6.442379999999999995e+01 7.880000000000000000e+02 2.820159301757812500e+02
6.475979999999999848e+01 5.980000000000000000e+02 2.820148925781250000e+02
6.509579999999999700e+01 3.780000000000000000e+02 2.820186462402343750e+02
6.543300000000000693e+01 4.860000000000000000e+02 2.820168151855468750e+02
6.576900000000000546e+01 7.820000000000000000e+02 2.820117492675781250e+02
6.610500000000000398e+01 5.900000000000000000e+02 2.820170288085937500e+02
6.644100000000000250e+01 6.310000000000000000e+02 2.820141601562500000e+02
6.677819999999999823e+01 6.790000000000000000e+02 2.820155944824218750e+02
6.711419999999999675e+01 6.430000000000000000e+02 2.820153198242187500e+02
6.745199999999999818e+01 6.820000000000000000e+02 2.820166931152343750e+02
6.778799999999999670e+01 5.950000000000000000e+02 2.820143737792968750e+02
6.812520000000000664e+01 5.910000000000000000e+02 2.820147705078125000e+02
6.846120000000000516e+01 6.140000000000000000e+02 2.820170898437500000e+02
6.879720000000000368e+01 6.380000000000000000e+02 2.820215454101562500e+02
6.913320000000000221e+01 4.660000000000000000e+02 2.820183410644531250e+02
6.946980000000000643e+01 4.740000000000000000e+02 2.820168762207031250e+02
6.980580000000000496e+01 7.690000000000000000e+02 2.820162048339843750e+02
7.014180000000000348e+01 5.960000000000000000e+02 2.820209655761718750e+02
7.047899999999999920e+01 4.970000000000000000e+02 2.820177001953125000e+02
7.081499999999999773e+01 4.760000000000000000e+02 2.820182495117187500e+02
7.115099999999999625e+01 6.110000000000000000e+02 2.820181884765625000e+02
7.148820000000000618e+01 7.130000000000000000e+02 2.820218200683593750e+02
7.182420000000000471e+01 7.590000000000000000e+02 2.820169067382812500e+02
7.216020000000000323e+01 4.870000000000000000e+02 2.820205993652343750e+02
7.249679999999999325e+01 3.380000000000000000e+02 2.820263366699218750e+02
7.283280000000000598e+01 4.580000000000000000e+02 2.820214233398437500e+02
7.316880000000000450e+01 5.430000000000000000e+02 2.820180664062500000e+02
7.350600000000000023e+01 5.350000000000000000e+02 2.820193786621093750e+02
7.384199999999999875e+01 5.320000000000000000e+02 2.820160827636718750e+02
7.417799999999999727e+01 5.780000000000000000e+02 2.820218200683593750e+02
7.451399999999999579e+01 5.680000000000000000e+02 2.820171508789062500e+02
7.485120000000000573e+01 6.080000000000000000e+02 2.820116882324218750e+02
7.518720000000000425e+01 3.200000000000000000e+02 2.820256958007812500e+02
7.552320000000000277e+01 2.800000000000000000e+02 2.820193481445312500e+02
7.585980000000000700e+01 4.300000000000000000e+02 2.820146789550781250e+02
7.619580000000000553e+01 3.780000000000000000e+02 2.820217895507812500e+02
7.653180000000000405e+01 3.070000000000000000e+02 2.820102233886718750e+02
7.686899999999999977e+01 4.970000000000000000e+02 2.820162048339843750e+02
7.720499999999999829e+01 3.430000000000000000e+02 2.820255432128906250e+02
7.754399999999999693e+01 4.790000000000000000e+02 2.820196838378906250e+02
7.787999999999999545e+01 5.030000000000000000e+02 2.820145568847656250e+02
7.821720000000000539e+01 3.970000000000000000e+02 2.820147399902343750e+02
7.855320000000000391e+01 4.930000000000000000e+02 2.820113220214843750e+02
7.888920000000000243e+01 4.360000000000000000e+02 2.820157165527343750e+02
7.922580000000000666e+01 5.510000000000000000e+02 2.820208129882812500e+02
7.956180000000000518e+01 3.020000000000000000e+02 2.820179138183593750e+02
7.989780000000000371e+01 4.170000000000000000e+02 2.820208129882812500e+02
8.023380000000000223e+01 4.530000000000000000e+02 2.820162658691406250e+02
8.057099999999999795e+01 2.710000000000000000e+02 2.820236206054687500e+02
8.090699999999999648e+01 3.240000000000000000e+02 2.820132141113281250e+02
8.124299999999999500e+01 2.940000000000000000e+02 2.820247802734375000e+02
8.158020000000000493e+01 3.790000000000000000e+02 2.820073852539062500e+02
8.191620000000000346e+01 4.450000000000000000e+02 2.820181884765625000e+02
8.225220000000000198e+01 4.690000000000000000e+02 2.820139770507812500e+02
8.258880000000000621e+01 3.760000000000000000e+02 2.820129699707031250e+02
8.292480000000000473e+01 2.790000000000000000e+02 2.820237731933593750e+02
8.326080000000000325e+01 3.570000000000000000e+02 2.820235290527343750e+02
8.359680000000000177e+01 2.690000000000000000e+02 2.820145263671875000e+02
8.393399999999999750e+01 5.110000000000000000e+02 2.820180664062500000e+02
8.426999999999999602e+01 2.640000000000000000e+02 2.820181579589843750e+02
