3.823179999999999836e+02 4.240000000000000000e+02 5.492676391601562500e+02
3.826539999999999964e+02 4.180000000000000000e+02 5.492639770507812500e+02
3.829900000000000091e+02 7.080000000000000000e+02 5.492658691406250000e+02
3.833260000000000218e+02 6.860000000000000000e+02 5.492688598632812500e+02
3.836630000000000109e+02 7.000000000000000000e+02 5.492661132812500000e+02
3.839990000000000236e+02 5.370000000000000000e+02 5.492662963867187500e+02
3.843349999999999795e+02 3.360000000000000000e+02 5.492748413085937500e+02
3.846720000000000255e+02 3.190000000000000000e+02 5.492692871093750000e+02
3.850079999999999814e+02 1.820000000000000000e+02 5.492772216796875000e+02
3.853439999999999941e+02 1.180000000000000000e+02 5.492705078125000000e+02
