4.491199999999999903e+01 4.470000000000000000e+02 2.380106353759765625e+02
4.524900000000000233e+01 4.660000000000000000e+02 2.380095520019531250e+02
4.558500000000000085e+01 4.750000000000000000e+02 2.380011291503906250e+02
4.592199999999999704e+01 5.140000000000000000e+02 2.380029144287109375e+02
4.625800000000000267e+01 4.360000000000000000e+02 2.380034332275390625e+02
4.659499999999999886e+01 6.690000000000000000e+02 2.379979095458984375e+02
4.693099999999999739e+01 4.170000000000000000e+02 2.379987182617187500e+02
4.726899999999999835e+01 4.340000000000000000e+02 2.379998474121093750e+02
4.760499999999999687e+01 4.310000000000000000e+02 2.380013732910156250e+02
4.794200000000000017e+01 2.120000000000000000e+02 2.380089111328125000e+02
4.827799999999999869e+01 4.470000000000000000e+02 2.379959259033203125e+02
4.861399999999999721e+01 3.670000000000000000e+02 2.380088653564453125e+02
4.895000000000000284e+01 5.250000000000000000e+02 2.380003204345703125e+02
4.928699999999999903e+01 4.230000000000000000e+02 2.380082397460937500e+02
4.962299999999999756e+01 4.680000000000000000e+02 2.380039672851562500e+02
4.995900000000000318e+01 2.710000000000000000e+02 2.380094757080078125e+02
5.029599999999999937e+01 5.240000000000000000e+02 2.380085296630859375e+02
5.063199999999999790e+01 4.570000000000000000e+02 2.380058593750000000e+02
5.096800000000000352e+01 4.500000000000000000e+02 2.380048675537109375e+02
5.130400000000000205e+01 5.070000000000000000e+02 2.380043334960937500e+02
5.164099999999999824e+01 4.460000000000000000e+02 2.379979095458984375e+02
5.197699999999999676e+01 3.760000000000000000e+02 2.380119323730468750e+02
5.231300000000000239e+01 2.810000000000000000e+02 2.379947357177734375e+02
5.264999999999999858e+01 3.440000000000000000e+02 2.380017547607421875e+02
5.298599999999999710e+01 2.880000000000000000e+02 2.380102844238281250e+02
5.332200000000000273e+01 4.560000000000000000e+02 2.380024871826171875e+02
5.365899999999999892e+01 2.990000000000000000e+02 2.380003967285156250e+02
5.399499999999999744e+01 2.960000000000000000e+02 2.379998779296875000e+02
5.433100000000000307e+01 3.240000000000000000e+02 2.380013427734375000e+02
5.466799999999999926e+01 1.730000000000000000e+02 2.380073699951171875e+02
5.500399999999999778e+01 2.510000000000000000e+02 2.380146331787109375e+02
