3.044999999999999929e+01 3.150000000000000000e+02 2.110060119628906250e+02
3.078600000000000136e+01 4.340000000000000000e+02 2.110127563476562500e+02
3.112199999999999989e+01 5.160000000000000000e+02 2.110074768066406250e+02
3.145899999999999963e+01 4.310000000000000000e+02 2.110096893310546875e+02
3.179500000000000171e+01 5.540000000000000000e+02 2.110087432861328125e+02
3.213100000000000023e+01 5.410000000000000000e+02 2.110164947509765625e+02
3.246800000000000352e+01 3.650000000000000000e+02 2.110176086425781250e+02
3.280400000000000205e+01 3.550000000000000000e+02 2.110158538818359375e+02
3.314000000000000057e+01 5.640000000000000000e+02 2.110177154541015625e+02
3.347599999999999909e+01 6.860000000000000000e+02 2.110133514404296875e+02
3.381300000000000239e+01 5.410000000000000000e+02 2.110195770263671875e+02
3.414900000000000091e+01 6.650000000000000000e+02 2.110079650878906250e+02
3.448499999999999943e+01 3.740000000000000000e+02 2.110009613037109375e+02
3.482200000000000273e+01 6.430000000000000000e+02 2.110127258300781250e+02
3.515800000000000125e+01 7.950000000000000000e+02 2.110139465332031250e+02
3.549399999999999977e+01 5.450000000000000000e+02 2.110065307617187500e+02
3.583100000000000307e+01 4.800000000000000000e+02 2.110061187744140625e+02
3.616700000000000159e+01 5.360000000000000000e+02 2.110083465576171875e+02
3.650300000000000011e+01 6.330000000000000000e+02 2.110078582763671875e+02
3.683899999999999864e+01 7.680000000000000000e+02 2.110108642578125000e+02
3.717699999999999960e+01 6.220000000000000000e+02 2.110162658691406250e+02
3.751400000000000290e+01 7.220000000000000000e+02 2.110133666992187500e+02
3.785000000000000142e+01 6.510000000000000000e+02 2.110060119628906250e+02
3.818599999999999994e+01 4.880000000000000000e+02 2.110049133300781250e+02
3.852300000000000324e+01 5.220000000000000000e+02 2.109958496093750000e+02
3.885900000000000176e+01 5.090000000000000000e+02 2.110110626220703125e+02
3.919500000000000028e+01 4.220000000000000000e+02 2.110070037841796875e+02
3.953099999999999881e+01 5.100000000000000000e+02 2.110060577392578125e+02
3.986800000000000210e+01 5.030000000000000000e+02 2.110151824951171875e+02
4.020400000000000063e+01 6.550000000000000000e+02 2.110078277587890625e+02
4.053999999999999915e+01 5.740000000000000000e+02 2.110029602050781250e+02
4.087700000000000244e+01 8.400000000000000000e+02 2.110119018554687500e+02
4.121300000000000097e+01 5.460000000000000000e+02 2.110101470947265625e+02
4.154899999999999949e+01 6.440000000000000000e+02 2.110095825195312500e+02
4.188600000000000279e+01 2.820000000000000000e+02 2.110120086669921875e+02
4.222200000000000131e+01 2.330000000000000000e+02 2.110238342285156250e+02
