6.746399999999999864e+02 7.230000000000000000e+02 1.680475311279296875e+02
6.749759999999999991e+02 3.480000000000000000e+02 1.680512084960937500e+02
6.753120000000000118e+02 4.730000000000000000e+02 1.680436401367187500e+02
6.756480000000000246e+02 5.220000000000000000e+02 1.680436859130859375e+02
6.759840000000000373e+02 3.060000000000000000e+02 1.680437927246093750e+02
6.763200000000000500e+02 4.510000000000000000e+02 1.680467224121093750e+02
6.766559999999999491e+02 4.210000000000000000e+02 1.680444488525390625e+02
6.769919999999999618e+02 5.840000000000000000e+02 1.680466003417968750e+02
6.773279999999999745e+02 4.060000000000000000e+02 1.680447998046875000e+02
6.776639999999999873e+02 6.580000000000000000e+02 1.680450744628906250e+02
6.780000000000000000e+02 5.410000000000000000e+02 1.680446929931640625e+02
6.783360000000000127e+02 3.740000000000000000e+02 1.680461730957031250e+02
6.786720000000000255e+02 5.320000000000000000e+02 1.680444030761718750e+02
6.790080000000000382e+02 3.010000000000000000e+02 1.680500793457031250e+02
6.793440000000000509e+02 3.980000000000000000e+02 1.680474700927734375e+02
6.796799999999999500e+02 4.660000000000000000e+02 1.680446777343750000e+02
6.800220000000000482e+02 5.770000000000000000e+02 1.680458526611328125e+02
6.803579999999999472e+02 5.620000000000000000e+02 1.680464630126953125e+02
6.806939999999999600e+02 3.560000000000000000e+02 1.680473785400390625e+02
6.810299999999999727e+02 4.370000000000000000e+02 1.680451660156250000e+02
6.813659999999999854e+02 5.050000000000000000e+02 1.680467834472656250e+02
6.817019999999999982e+02 6.330000000000000000e+02 1.680462341308593750e+02
6.820380000000000109e+02 3.310000000000000000e+02 1.680452728271484375e+02
6.823740000000000236e+02 5.090000000000000000e+02 1.680443115234375000e+02
6.827100000000000364e+02 4.150000000000000000e+02 1.680480804443359375e+02
6.830460000000000491e+02 5.260000000000000000e+02 1.680458374023437500e+02
6.833819999999999482e+02 4.810000000000000000e+02 1.680462493896484375e+02
6.837179999999999609e+02 4.420000000000000000e+02 1.680473480224609375e+02
6.840599999999999454e+02 5.460000000000000000e+02 1.680438537597656250e+02
6.843959999999999582e+02 3.850000000000000000e+02 1.680459442138671875e+02
6.847319999999999709e+02 4.570000000000000000e+02 1.680462493896484375e+02
6.850679999999999836e+02 3.770000000000000000e+02 1.680449218750000000e+02
6.854039999999999964e+02 4.370000000000000000e+02 1.680464019775390625e+02
6.857400000000000091e+02 3.910000000000000000e+02 1.680449218750000000e+02
6.860760000000000218e+02 4.150000000000000000e+02 1.680470428466796875e+02
6.864120000000000346e+02 3.580000000000000000e+02 1.680474853515625000e+02
6.867480000000000473e+02 5.410000000000000000e+02 1.680455017089843750e+02
6.870839999999999463e+02 4.280000000000000000e+02 1.680477752685546875e+02
6.874199999999999591e+02 4.280000000000000000e+02 1.680458831787109375e+02
6.877559999999999718e+02 3.830000000000000000e+02 1.680469665527343750e+02
6.880919999999999845e+02 5.340000000000000000e+02 1.680463562011718750e+02
6.884279999999999973e+02 4.500000000000000000e+02 1.680476379394531250e+02
6.887640000000000100e+02 3.840000000000000000e+02 1.680440063476562500e+02
6.891000000000000227e+02 4.540000000000000000e+02 1.680451049804687500e+02
6.894360000000000355e+02 6.440000000000000000e+02 1.680433502197265625e+02
6.897780000000000200e+02 5.800000000000000000e+02 1.680453948974609375e+02
6.901079999999999472e+02 3.240000000000000000e+02 1.680460357666015625e+02
6.904500000000000455e+02 4.200000000000000000e+02 1.680470428466796875e+02
6.907859999999999445e+02 5.220000000000000000e+02 1.680436096191406250e+02
6.911219999999999573e+02 4.430000000000000000e+02 1.680464172363281250e+02
6.914579999999999700e+02 2.440000000000000000e+02 1.680453186035156250e+02
6.917939999999999827e+02 4.240000000000000000e+02 1.680457305908203125e+02
6.921299999999999955e+02 4.020000000000000000e+02 1.680473480224609375e+02
6.924660000000000082e+02 5.850000000000000000e+02 1.680456848144531250e+02
6.928020000000000209e+02 4.270000000000000000e+02 1.680475311279296875e+02
6.931380000000000337e+02 5.430000000000000000e+02 1.680446319580078125e+02
6.934740000000000464e+02 5.690000000000000000e+02 1.680468750000000000e+02
6.938099999999999454e+02 4.980000000000000000e+02 1.680473175048828125e+02
6.941520000000000437e+02 5.310000000000000000e+02 1.680448760986328125e+02
6.944880000000000564e+02 4.780000000000000000e+02 1.680461883544921875e+02
6.948239999999999554e+02 4.850000000000000000e+02 1.680470275878906250e+02
6.951599999999999682e+02 5.610000000000000000e+02 1.680464782714843750e+02
6.954959999999999809e+02 5.030000000000000000e+02 1.680428771972656250e+02
6.958319999999999936e+02 4.950000000000000000e+02 1.680449218750000000e+02
6.961680000000000064e+02 4.200000000000000000e+02 1.680469055175781250e+02
6.965040000000000191e+02 4.620000000000000000e+02 1.680491638183593750e+02
6.968400000000000318e+02 5.100000000000000000e+02 1.680455474853515625e+02
6.971760000000000446e+02 3.860000000000000000e+02 1.680456085205078125e+02
6.975119999999999436e+02 3.930000000000000000e+02 1.680462799072265625e+02
6.978479999999999563e+02 3.380000000000000000e+02 1.680468139648437500e+02
6.981839999999999691e+02 4.380000000000000000e+02 1.680440521240234375e+02
6.985199999999999818e+02 4.270000000000000000e+02 1.680446014404296875e+02
6.988559999999999945e+02 4.370000000000000000e+02 1.680465393066406250e+02
6.991920000000000073e+02 5.250000000000000000e+02 1.680453338623046875e+02
6.995280000000000200e+02 3.540000000000000000e+02 1.680478057861328125e+02
6.998640000000000327e+02 4.110000000000000000e+02 1.680456542968750000e+02
7.002000000000000455e+02 3.260000000000000000e+02 1.680469818115234375e+02
7.005359999999999445e+02 5.820000000000000000e+02 1.680459442138671875e+02
7.008780000000000427e+02 2.350000000000000000e+02 1.680521392822265625e+02
7.012140000000000555e+02 3.430000000000000000e+02 1.680484008789062500e+02
7.015499999999999545e+02 4.200000000000000000e+02 1.680424652099609375e+02
7.018859999999999673e+02 3.820000000000000000e+02 1.680462951660156250e+02
7.022219999999999800e+02 5.790000000000000000e+02 1.680459899902343750e+02
7.025579999999999927e+02 5.060000000000000000e+02 1.680472869873046875e+02
7.028940000000000055e+02 4.190000000000000000e+02 1.680466766357421875e+02
7.032300000000000182e+02 3.950000000000000000e+02 1.680466308593750000e+02
7.035660000000000309e+02 4.620000000000000000e+02 1.680456542968750000e+02
7.039020000000000437e+02 3.570000000000000000e+02 1.680490112304687500e+02
