7.069320000000000164e+02 6.050000000000000000e+02 1.680462341308593750e+02
7.072680000000000291e+02 3.140000000000000000e+02 1.680433197021484375e+02
7.076040000000000418e+02 4.320000000000000000e+02 1.680457916259765625e+02
7.079400000000000546e+02 4.560000000000000000e+02 1.680454711914062500e+02
7.082759999999999536e+02 2.060000000000000000e+02 1.680517272949218750e+02
7.086119999999999663e+02 4.620000000000000000e+02 1.680449371337890625e+02
7.089479999999999791e+02 4.750000000000000000e+02 1.680476531982421875e+02
7.092839999999999918e+02 3.090000000000000000e+02 1.680470123291015625e+02
7.096200000000000045e+02 2.460000000000000000e+02 1.680488739013671875e+02
7.099560000000000173e+02 4.800000000000000000e+02 1.680447692871093750e+02
7.102920000000000300e+02 3.850000000000000000e+02 1.680477600097656250e+02
7.106340000000000146e+02 2.460000000000000000e+02 1.680502777099609375e+02
7.109640000000000555e+02 4.030000000000000000e+02 1.680433044433593750e+02
7.113060000000000400e+02 2.990000000000000000e+02 1.680446014404296875e+02
7.116420000000000528e+02 3.200000000000000000e+02 1.680442199707031250e+02
7.119779999999999518e+02 3.220000000000000000e+02 1.680477294921875000e+02
7.123139999999999645e+02 3.370000000000000000e+02 1.680467987060546875e+02
7.126499999999999773e+02 4.150000000000000000e+02 1.680465850830078125e+02
7.129859999999999900e+02 3.500000000000000000e+02 1.680478210449218750e+02
7.133220000000000027e+02 2.980000000000000000e+02 1.680484771728515625e+02
7.136580000000000155e+02 4.040000000000000000e+02 1.680474548339843750e+02
7.139940000000000282e+02 4.470000000000000000e+02 1.680438995361328125e+02
7.143300000000000409e+02 4.810000000000000000e+02 1.680441589355468750e+02
7.146660000000000537e+02 3.280000000000000000e+02 1.680448913574218750e+02
7.150080000000000382e+02 4.840000000000000000e+02 1.680480499267578125e+02
7.153440000000000509e+02 4.080000000000000000e+02 1.680462646484375000e+02
7.156799999999999500e+02 3.430000000000000000e+02 1.680462188720703125e+02
7.160159999999999627e+02 2.780000000000000000e+02 1.680484313964843750e+02
7.163519999999999754e+02 3.240000000000000000e+02 1.680448303222656250e+02
7.166879999999999882e+02 2.840000000000000000e+02 1.680462799072265625e+02
7.170240000000000009e+02 4.490000000000000000e+02 1.680501861572265625e+02
7.173600000000000136e+02 3.940000000000000000e+02 1.680476989746093750e+02
7.176960000000000264e+02 3.940000000000000000e+02 1.680489349365234375e+02
7.180320000000000391e+02 4.140000000000000000e+02 1.680478210449218750e+02
7.183680000000000518e+02 5.310000000000000000e+02 1.680448913574218750e+02
7.187039999999999509e+02 5.690000000000000000e+02 1.680446929931640625e+02
7.190399999999999636e+02 3.710000000000000000e+02 1.680445251464843750e+02
7.193759999999999764e+02 4.480000000000000000e+02 1.680494537353515625e+02
7.197119999999999891e+02 3.040000000000000000e+02 1.680480194091796875e+02
7.200480000000000018e+02 4.720000000000000000e+02 1.680467987060546875e+02
7.203840000000000146e+02 4.970000000000000000e+02 1.680470428466796875e+02
7.207200000000000273e+02 3.250000000000000000e+02 1.680480957031250000e+02
7.210560000000000400e+02 3.540000000000000000e+02 1.680465698242187500e+02
7.213920000000000528e+02 3.230000000000000000e+02 1.680520629882812500e+02
7.217340000000000373e+02 6.420000000000000000e+02 1.680476989746093750e+02
7.220700000000000500e+02 5.090000000000000000e+02 1.680466308593750000e+02
7.224059999999999491e+02 3.470000000000000000e+02 1.680461730957031250e+02
7.227419999999999618e+02 4.040000000000000000e+02 1.680481719970703125e+02
7.230779999999999745e+02 3.680000000000000000e+02 1.680458526611328125e+02
7.234139999999999873e+02 2.800000000000000000e+02 1.680477294921875000e+02
7.237500000000000000e+02 4.020000000000000000e+02 1.680472869873046875e+02
7.240860000000000127e+02 2.480000000000000000e+02 1.680468292236328125e+02
7.244220000000000255e+02 3.970000000000000000e+02 1.680463714599609375e+02
7.247580000000000382e+02 4.660000000000000000e+02 1.680463867187500000e+02
7.250940000000000509e+02 3.020000000000000000e+02 1.680421142578125000e+02
7.254360000000000355e+02 4.440000000000000000e+02 1.680468902587890625e+02
7.257720000000000482e+02 5.760000000000000000e+02 1.680463867187500000e+02
7.261079999999999472e+02 4.380000000000000000e+02 1.680461273193359375e+02
7.264439999999999600e+02 3.950000000000000000e+02 1.680471801757812500e+02
7.267799999999999727e+02 5.180000000000000000e+02 1.680459594726562500e+02
7.271159999999999854e+02 4.380000000000000000e+02 1.680450439453125000e+02
7.274519999999999982e+02 5.690000000000000000e+02 1.680441131591796875e+02
7.277880000000000109e+02 3.740000000000000000e+02 1.680449981689453125e+02
7.281240000000000236e+02 3.180000000000000000e+02 1.680434265136718750e+02
7.284600000000000364e+02 3.110000000000000000e+02 1.680483551025390625e+02
7.287960000000000491e+02 1.940000000000000000e+02 1.680465240478515625e+02
7.291319999999999482e+02 2.070000000000000000e+02 1.680462493896484375e+02
7.294679999999999609e+02 1.080000000000000000e+02 1.680479583740234375e+02
7.298039999999999736e+02 2.980000000000000000e+02 1.680456542968750000e+02
7.301399999999999864e+02 2.330000000000000000e+02 1.680436401367187500e+02
7.304759999999999991e+02 2.000000000000000000e+02 1.680484466552734375e+02
7.308120000000000118e+02 1.730000000000000000e+02 1.680476837158203125e+02
7.311480000000000246e+02 3.010000000000000000e+02 1.680474853515625000e+02
7.314840000000000373e+02 2.410000000000000000e+02 1.680476989746093750e+02
7.318200000000000500e+02 3.950000000000000000e+02 1.680439758300781250e+02
7.321620000000000346e+02 3.770000000000000000e+02 1.680462188720703125e+02
7.324980000000000473e+02 4.130000000000000000e+02 1.680464477539062500e+02
7.328339999999999463e+02 2.690000000000000000e+02 1.680467529296875000e+02
7.331699999999999591e+02 2.850000000000000000e+02 1.680482177734375000e+02
7.335059999999999718e+02 4.120000000000000000e+02 1.680470886230468750e+02
7.338419999999999845e+02 3.170000000000000000e+02 1.680459594726562500e+02
7.341779999999999973e+02 2.720000000000000000e+02 1.680465087890625000e+02
7.345140000000000100e+02 3.550000000000000000e+02 1.680487060546875000e+02
7.348500000000000227e+02 2.910000000000000000e+02 1.680473937988281250e+02
7.351860000000000355e+02 3.990000000000000000e+02 1.680481719970703125e+02
7.355220000000000482e+02 5.440000000000000000e+02 1.680432128906250000e+02
7.358579999999999472e+02 3.600000000000000000e+02 1.680470123291015625e+02
7.361939999999999600e+02 4.150000000000000000e+02 1.680470428466796875e+02
