4.384920000000000186e+02 1.290000000000000000e+02 3.170563659667968750e+02
4.388279999999999745e+02 1.640000000000000000e+02 3.170570983886718750e+02
4.391650000000000205e+02 3.080000000000000000e+02 3.170559387207031250e+02
4.395020000000000095e+02 3.300000000000000000e+02 3.170510864257812500e+02
4.398380000000000223e+02 3.420000000000000000e+02 3.170568542480468750e+02
4.401739999999999782e+02 2.590000000000000000e+02 3.170606079101562500e+02
4.405110000000000241e+02 2.240000000000000000e+02 3.170508422851562500e+02
4.408489999999999895e+02 3.110000000000000000e+02 3.170531005859375000e+02
4.411850000000000023e+02 4.370000000000000000e+02 3.170557250976562500e+02
4.415210000000000150e+02 4.160000000000000000e+02 3.170530090332031250e+02
4.418570000000000277e+02 3.770000000000000000e+02 3.170571899414062500e+02
4.421940000000000168e+02 6.410000000000000000e+02 3.170524902343750000e+02
4.425299999999999727e+02 4.540000000000000000e+02 3.170562133789062500e+02
4.428659999999999854e+02 3.820000000000000000e+02 3.170522155761718750e+02
4.432029999999999745e+02 5.030000000000000000e+02 3.170505065917968750e+02
4.435389999999999873e+02 4.260000000000000000e+02 3.170545043945312500e+02
4.438750000000000000e+02 2.960000000000000000e+02 3.170560607910156250e+02
4.442119999999999891e+02 3.110000000000000000e+02 3.170500488281250000e+02
4.445480000000000018e+02 3.040000000000000000e+02 3.170546569824218750e+02
4.448840000000000146e+02 2.320000000000000000e+02 3.170485839843750000e+02
4.452210000000000036e+02 3.620000000000000000e+02 3.170581359863281250e+02
4.455570000000000164e+02 2.850000000000000000e+02 3.170489501953125000e+02
4.458929999999999723e+02 3.030000000000000000e+02 3.170481872558593750e+02
4.462289999999999850e+02 2.270000000000000000e+02 3.170599670410156250e+02
4.465659999999999741e+02 2.200000000000000000e+02 3.170532531738281250e+02
4.469019999999999868e+02 1.560000000000000000e+02 3.170528259277343750e+02
4.472379999999999995e+02 1.380000000000000000e+02 3.170462036132812500e+02
