2.203900000000000148e+01 1.080000000000000000e+02 5.728336791992187500e+02
2.237600000000000122e+01 2.430000000000000000e+02 5.728338012695312500e+02
2.271199999999999974e+01 8.640000000000000000e+02 5.728350830078125000e+02
2.304799999999999827e+01 1.983000000000000000e+03 5.728390502929687500e+02
2.338500000000000156e+01 3.869000000000000000e+03 5.728341064453125000e+02
2.372100000000000009e+01 4.911000000000000000e+03 5.728378906250000000e+02
2.405699999999999861e+01 5.532000000000000000e+03 5.728407592773437500e+02
2.439300000000000068e+01 4.985000000000000000e+03 5.728369140625000000e+02
2.473000000000000043e+01 3.504000000000000000e+03 5.728354492187500000e+02
2.506599999999999895e+01 2.606000000000000000e+03 5.728369140625000000e+02
2.540200000000000102e+01 1.438000000000000000e+03 5.728298339843750000e+02
2.573900000000000077e+01 1.111000000000000000e+03 5.728264770507812500e+02
2.607499999999999929e+01 1.203000000000000000e+03 5.728361206054687500e+02
2.641100000000000136e+01 7.620000000000000000e+02 5.728311157226562500e+02
2.674800000000000111e+01 5.710000000000000000e+02 5.728500976562500000e+02
