3.530529999999999973e+02 2.070000000000000000e+02 2.711444396972656250e+02
3.533890000000000100e+02 2.760000000000000000e+02 2.711366577148437500e+02
3.537259999999999991e+02 2.800000000000000000e+02 2.711376037597656250e+02
3.540620000000000118e+02 3.090000000000000000e+02 2.711340637207031250e+02
3.543980000000000246e+02 2.330000000000000000e+02 2.711410827636718750e+02
3.547350000000000136e+02 1.940000000000000000e+02 2.711387939453125000e+02
3.550710000000000264e+02 4.500000000000000000e+02 2.711385498046875000e+02
3.554069999999999823e+02 2.280000000000000000e+02 2.711334533691406250e+02
3.557440000000000282e+02 1.340000000000000000e+02 2.711306762695312500e+02
3.560799999999999841e+02 2.970000000000000000e+02 2.711319885253906250e+02
3.564159999999999968e+02 2.590000000000000000e+02 2.711381530761718750e+02
3.567520000000000095e+02 1.760000000000000000e+02 2.711367492675781250e+02
3.570889999999999986e+02 2.980000000000000000e+02 2.711364440917968750e+02
3.574250000000000114e+02 2.460000000000000000e+02 2.711375427246093750e+02
3.577610000000000241e+02 2.700000000000000000e+02 2.711405944824218750e+02
3.580980000000000132e+02 5.000000000000000000e+02 2.711393127441406250e+02
3.584340000000000259e+02 6.050000000000000000e+02 2.711435546875000000e+02
3.587699999999999818e+02 4.440000000000000000e+02 2.711449890136718750e+02
3.591070000000000277e+02 4.640000000000000000e+02 2.711308593750000000e+02
3.594429999999999836e+02 3.530000000000000000e+02 2.711395568847656250e+02
3.597789999999999964e+02 3.670000000000000000e+02 2.711386718750000000e+02
3.601170000000000186e+02 2.860000000000000000e+02 2.711338195800781250e+02
3.604529999999999745e+02 4.020000000000000000e+02 2.711427917480468750e+02
3.607900000000000205e+02 2.970000000000000000e+02 2.711301269531250000e+02
3.611270000000000095e+02 2.730000000000000000e+02 2.711318969726562500e+02
3.614630000000000223e+02 2.830000000000000000e+02 2.711382141113281250e+02
3.617989999999999782e+02 4.000000000000000000e+02 2.711299743652343750e+02
3.621360000000000241e+02 2.730000000000000000e+02 2.711356811523437500e+02
3.624719999999999800e+02 2.080000000000000000e+02 2.711369323730468750e+02
3.628079999999999927e+02 2.230000000000000000e+02 2.711457214355468750e+02
3.631449999999999818e+02 2.330000000000000000e+02 2.711265869140625000e+02
3.634809999999999945e+02 2.570000000000000000e+02 2.711358642578125000e+02
3.638170000000000073e+02 3.160000000000000000e+02 2.711319885253906250e+02
3.641530000000000200e+02 9.300000000000000000e+01 2.711294250488281250e+02
3.644900000000000091e+02 2.640000000000000000e+02 2.711333312988281250e+02
3.648260000000000218e+02 2.360000000000000000e+02 2.711429138183593750e+02
3.651619999999999777e+02 2.040000000000000000e+02 2.711372070312500000e+02
3.654990000000000236e+02 2.690000000000000000e+02 2.711380615234375000e+02
3.658349999999999795e+02 3.360000000000000000e+02 2.711443481445312500e+02
3.661709999999999923e+02 1.750000000000000000e+02 2.711501159667968750e+02
3.665079999999999814e+02 3.450000000000000000e+02 2.711417541503906250e+02
