2.612149999999999750e+02 1.810000000000000000e+02 4.282048034667968750e+02
2.615509999999999877e+02 2.190000000000000000e+02 4.282075195312500000e+02
2.618879999999999768e+02 2.450000000000000000e+02 4.282076416015625000e+02
2.622239999999999895e+02 3.500000000000000000e+02 4.282060852050781250e+02
2.625600000000000023e+02 2.970000000000000000e+02 4.282045898437500000e+02
2.628960000000000150e+02 5.290000000000000000e+02 4.281992187500000000e+02
2.632330000000000041e+02 5.460000000000000000e+02 4.281985473632812500e+02
2.635690000000000168e+02 5.710000000000000000e+02 4.281986999511718750e+02
2.639049999999999727e+02 5.160000000000000000e+02 4.282052612304687500e+02
2.642420000000000186e+02 3.990000000000000000e+02 4.281984863281250000e+02
2.645779999999999745e+02 3.890000000000000000e+02 4.282016296386718750e+02
2.649139999999999873e+02 3.040000000000000000e+02 4.282019348144531250e+02
2.652509999999999764e+02 2.270000000000000000e+02 4.281936035156250000e+02
2.655869999999999891e+02 2.040000000000000000e+02 4.282033996582031250e+02
2.659239999999999782e+02 1.930000000000000000e+02 4.282140808105468750e+02
2.662599999999999909e+02 1.930000000000000000e+02 4.282082824707031250e+02
