2.598700000000000045e+02 9.900000000000000000e+01 6.831787719726562500e+02
2.602060000000000173e+02 5.600000000000000000e+01 6.831651611328125000e+02
2.605419999999999732e+02 2.550000000000000000e+02 6.831736450195312500e+02
2.608790000000000191e+02 7.820000000000000000e+02 6.831565551757812500e+02
2.612149999999999750e+02 1.510000000000000000e+03 6.831613769531250000e+02
2.615509999999999877e+02 2.512000000000000000e+03 6.831652221679687500e+02
2.618879999999999768e+02 2.907000000000000000e+03 6.831637573242187500e+02
2.622239999999999895e+02 3.911000000000000000e+03 6.831665649414062500e+02
2.625600000000000023e+02 3.979000000000000000e+03 6.831671752929687500e+02
2.628960000000000150e+02 4.484000000000000000e+03 6.831683959960937500e+02
2.632330000000000041e+02 3.190000000000000000e+03 6.831675415039062500e+02
2.635690000000000168e+02 3.050000000000000000e+03 6.831640014648437500e+02
2.639049999999999727e+02 2.356000000000000000e+03 6.831705932617187500e+02
2.642420000000000186e+02 1.760000000000000000e+03 6.831672973632812500e+02
2.645779999999999745e+02 1.083000000000000000e+03 6.831677856445312500e+02
2.649139999999999873e+02 1.048000000000000000e+03 6.831653442382812500e+02
2.652509999999999764e+02 7.000000000000000000e+02 6.831571655273437500e+02
2.655869999999999891e+02 3.980000000000000000e+02 6.831680297851562500e+02
2.659239999999999782e+02 3.480000000000000000e+02 6.831646118164062500e+02
2.662599999999999909e+02 2.480000000000000000e+02 6.831793212890625000e+02
2.665969999999999800e+02 2.840000000000000000e+02 6.831671142578125000e+02
2.669329999999999927e+02 3.010000000000000000e+02 6.831680297851562500e+02
2.672699999999999818e+02 1.600000000000000000e+02 6.831614990234375000e+02
2.676059999999999945e+02 1.630000000000000000e+02 6.831613159179687500e+02
2.679420000000000073e+02 1.120000000000000000e+02 6.831629028320312500e+02
