4.479110000000000014e+02 2.660000000000000000e+02 3.170545043945312500e+02
4.482470000000000141e+02 1.460000000000000000e+02 3.170649719238281250e+02
4.485840000000000032e+02 1.450000000000000000e+02 3.170500793457031250e+02
4.489200000000000159e+02 2.300000000000000000e+02 3.170501403808593750e+02
4.492559999999999718e+02 2.130000000000000000e+02 3.170527648925781250e+02
4.495919999999999845e+02 2.300000000000000000e+02 3.170584716796875000e+02
4.499289999999999736e+02 1.810000000000000000e+02 3.170534973144531250e+02
4.502649999999999864e+02 2.180000000000000000e+02 3.170513610839843750e+02
4.506009999999999991e+02 2.600000000000000000e+02 3.170563659667968750e+02
4.509390000000000214e+02 3.730000000000000000e+02 3.170521850585937500e+02
4.512749999999999773e+02 3.100000000000000000e+02 3.170559997558593750e+02
4.516120000000000232e+02 1.320000000000000000e+02 3.170652160644531250e+02
4.519479999999999791e+02 2.520000000000000000e+02 3.170603637695312500e+02
4.522839999999999918e+02 2.840000000000000000e+02 3.170504455566406250e+02
4.526209999999999809e+02 2.860000000000000000e+02 3.170518798828125000e+02
4.529569999999999936e+02 1.920000000000000000e+02 3.170601501464843750e+02
4.532930000000000064e+02 1.800000000000000000e+02 3.170458068847656250e+02
4.536299999999999955e+02 2.360000000000000000e+02 3.170528259277343750e+02
4.539660000000000082e+02 2.800000000000000000e+02 3.170596008300781250e+02
4.543020000000000209e+02 3.690000000000000000e+02 3.170483703613281250e+02
4.546390000000000100e+02 2.280000000000000000e+02 3.170465698242187500e+02
4.549750000000000227e+02 1.620000000000000000e+02 3.170611877441406250e+02
4.553120000000000118e+02 2.110000000000000000e+02 3.170525512695312500e+02
4.556480000000000246e+02 1.980000000000000000e+02 3.170554809570312500e+02
4.559839999999999804e+02 2.870000000000000000e+02 3.170599975585937500e+02
4.563210000000000264e+02 4.200000000000000000e+02 3.170528259277343750e+02
4.566569999999999823e+02 3.890000000000000000e+02 3.170549316406250000e+02
4.569929999999999950e+02 4.820000000000000000e+02 3.170525512695312500e+02
4.573299999999999841e+02 5.270000000000000000e+02 3.170533142089843750e+02
4.576659999999999968e+02 6.060000000000000000e+02 3.170547790527343750e+02
4.580020000000000095e+02 5.790000000000000000e+02 3.170501098632812500e+02
4.583389999999999986e+02 5.670000000000000000e+02 3.170513000488281250e+02
4.586750000000000114e+02 5.680000000000000000e+02 3.170528869628906250e+02
4.590110000000000241e+02 6.900000000000000000e+02 3.170549011230468750e+02
4.593480000000000132e+02 5.690000000000000000e+02 3.170528869628906250e+02
4.596840000000000259e+02 4.920000000000000000e+02 3.170536499023437500e+02
4.600199999999999818e+02 4.110000000000000000e+02 3.170535278320312500e+02
4.603559999999999945e+02 5.070000000000000000e+02 3.170519104003906250e+02
4.606929999999999836e+02 3.510000000000000000e+02 3.170522460937500000e+02
4.610310000000000059e+02 5.130000000000000000e+02 3.170518493652343750e+02
4.613670000000000186e+02 4.220000000000000000e+02 3.170575256347656250e+02
4.617029999999999745e+02 4.710000000000000000e+02 3.170548095703125000e+02
4.620400000000000205e+02 6.190000000000000000e+02 3.170532836914062500e+02
4.623759999999999764e+02 7.170000000000000000e+02 3.170545959472656250e+02
4.627119999999999891e+02 6.850000000000000000e+02 3.170509643554687500e+02
4.630480000000000018e+02 6.460000000000000000e+02 3.170538024902343750e+02
4.633849999999999909e+02 6.950000000000000000e+02 3.170543518066406250e+02
4.637210000000000036e+02 5.010000000000000000e+02 3.170543518066406250e+02
4.640570000000000164e+02 5.170000000000000000e+02 3.170592956542968750e+02
4.643940000000000055e+02 6.910000000000000000e+02 3.170532836914062500e+02
4.647300000000000182e+02 4.800000000000000000e+02 3.170523071289062500e+02
4.650659999999999741e+02 4.930000000000000000e+02 3.170519104003906250e+02
4.654030000000000200e+02 4.650000000000000000e+02 3.170497741699218750e+02
4.657389999999999759e+02 3.770000000000000000e+02 3.170534057617187500e+02
4.660760000000000218e+02 3.400000000000000000e+02 3.170540771484375000e+02
4.664130000000000109e+02 2.230000000000000000e+02 3.170618286132812500e+02
4.667490000000000236e+02 2.610000000000000000e+02 3.170556945800781250e+02
4.670849999999999795e+02 2.060000000000000000e+02 3.170516357421875000e+02
4.674209999999999923e+02 1.870000000000000000e+02 3.170539245605468750e+02
4.677579999999999814e+02 2.500000000000000000e+02 3.170471496582031250e+02
4.680950000000000273e+02 1.570000000000000000e+02 3.170453491210937500e+02
4.684309999999999832e+02 1.470000000000000000e+02 3.170507812500000000e+02
4.687669999999999959e+02 1.130000000000000000e+02 3.170565490722656250e+02
4.691039999999999850e+02 3.130000000000000000e+02 3.170443420410156250e+02
4.694399999999999977e+02 3.060000000000000000e+02 3.170577697753906250e+02
4.697760000000000105e+02 5.930000000000000000e+02 3.170535583496093750e+02
4.701120000000000232e+02 7.430000000000000000e+02 3.170516052246093750e+02
4.704490000000000123e+02 8.910000000000000000e+02 3.170527343750000000e+02
4.707860000000000014e+02 1.178000000000000000e+03 3.170518798828125000e+02
4.711240000000000236e+02 1.367000000000000000e+03 3.170541687011718750e+02
4.714599999999999795e+02 2.050000000000000000e+03 3.170480957031250000e+02
