8.949719999999999800e+02 4.100000000000000000e+02 5.023320007324218750e+02
8.953079999999999927e+02 5.140000000000000000e+02 5.023314514160156250e+02
8.956440000000000055e+02 4.880000000000000000e+02 5.023325195312500000e+02
8.959800000000000182e+02 4.040000000000000000e+02 5.023280029296875000e+02
8.963160000000000309e+02 3.990000000000000000e+02 5.023227233886718750e+02
8.966520000000000437e+02 4.860000000000000000e+02 5.023321228027343750e+02
8.969880000000000564e+02 3.800000000000000000e+02 5.023300476074218750e+02
8.973239999999999554e+02 5.140000000000000000e+02 5.023278198242187500e+02
8.976599999999999682e+02 5.320000000000000000e+02 5.023318786621093750e+02
8.979959999999999809e+02 5.620000000000000000e+02 5.023237609863281250e+02
8.983379999999999654e+02 3.970000000000000000e+02 5.023293762207031250e+02
8.986739999999999782e+02 3.250000000000000000e+02 5.023379516601562500e+02
8.990099999999999909e+02 4.450000000000000000e+02 5.023287658691406250e+02
8.993460000000000036e+02 4.180000000000000000e+02 5.023282775878906250e+02
8.996820000000000164e+02 4.950000000000000000e+02 5.023317871093750000e+02
9.000180000000000291e+02 3.840000000000000000e+02 5.023334350585937500e+02
9.003540000000000418e+02 3.790000000000000000e+02 5.023347167968750000e+02
9.006900000000000546e+02 5.540000000000000000e+02 5.023280944824218750e+02
9.010259999999999536e+02 3.960000000000000000e+02 5.023337707519531250e+02
9.013619999999999663e+02 3.210000000000000000e+02 5.023416748046875000e+02
9.016979999999999791e+02 4.670000000000000000e+02 5.023260498046875000e+02
9.020339999999999918e+02 6.320000000000000000e+02 5.023333740234375000e+02
9.023700000000000045e+02 3.140000000000000000e+02 5.023276062011718750e+02
9.027060000000000173e+02 4.730000000000000000e+02 5.023336791992187500e+02
9.030420000000000300e+02 5.620000000000000000e+02 5.023253173828125000e+02
9.033780000000000427e+02 3.110000000000000000e+02 5.023401794433593750e+02
9.037140000000000555e+02 4.640000000000000000e+02 5.023302001953125000e+02
9.040499999999999545e+02 3.890000000000000000e+02 5.023368225097656250e+02
9.043859999999999673e+02 4.170000000000000000e+02 5.023320922851562500e+02
9.047219999999999800e+02 4.870000000000000000e+02 5.023299865722656250e+02
9.050639999999999645e+02 3.300000000000000000e+02 5.023320312500000000e+02
9.053999999999999773e+02 3.700000000000000000e+02 5.023309326171875000e+02
9.057359999999999900e+02 4.470000000000000000e+02 5.023388366699218750e+02
9.060720000000000027e+02 4.240000000000000000e+02 5.023363952636718750e+02
9.064080000000000155e+02 4.980000000000000000e+02 5.023269348144531250e+02
9.067440000000000282e+02 4.070000000000000000e+02 5.023362121582031250e+02
9.070800000000000409e+02 2.640000000000000000e+02 5.023363952636718750e+02
9.074160000000000537e+02 4.390000000000000000e+02 5.023329772949218750e+02
9.077519999999999527e+02 3.940000000000000000e+02 5.023303833007812500e+02
9.080879999999999654e+02 3.800000000000000000e+02 5.023330993652343750e+02
9.084239999999999782e+02 4.320000000000000000e+02 5.023367614746093750e+02
9.087599999999999909e+02 4.170000000000000000e+02 5.023336486816406250e+02
9.090960000000000036e+02 3.390000000000000000e+02 5.023243103027343750e+02
9.094379999999999882e+02 3.360000000000000000e+02 5.023333129882812500e+02
9.097740000000000009e+02 4.820000000000000000e+02 5.023264770507812500e+02
9.101100000000000136e+02 3.980000000000000000e+02 5.023309936523437500e+02
9.104460000000000264e+02 4.600000000000000000e+02 5.023297729492187500e+02
9.107820000000000391e+02 4.340000000000000000e+02 5.023229675292968750e+02
9.111180000000000518e+02 3.740000000000000000e+02 5.023308715820312500e+02
9.114539999999999509e+02 2.820000000000000000e+02 5.023334960937500000e+02
9.117899999999999636e+02 3.360000000000000000e+02 5.023249206542968750e+02
9.121259999999999764e+02 3.700000000000000000e+02 5.023273315429687500e+02
9.124619999999999891e+02 2.930000000000000000e+02 5.023358764648437500e+02
9.127980000000000018e+02 2.920000000000000000e+02 5.023241577148437500e+02
9.131340000000000146e+02 3.670000000000000000e+02 5.023353271484375000e+02
9.134700000000000273e+02 2.630000000000000000e+02 5.023284912109375000e+02
9.138060000000000400e+02 2.250000000000000000e+02 5.023374023437500000e+02
9.141420000000000528e+02 4.140000000000000000e+02 5.023344421386718750e+02
9.144779999999999518e+02 3.820000000000000000e+02 5.023264160156250000e+02
9.148200000000000500e+02 4.860000000000000000e+02 5.023268737792968750e+02
9.151559999999999491e+02 4.250000000000000000e+02 5.023339233398437500e+02
9.154919999999999618e+02 3.250000000000000000e+02 5.023276977539062500e+02
9.158279999999999745e+02 4.100000000000000000e+02 5.023319396972656250e+02
9.161639999999999873e+02 3.090000000000000000e+02 5.023404541015625000e+02
9.165000000000000000e+02 3.910000000000000000e+02 5.023315429687500000e+02
9.168360000000000127e+02 4.550000000000000000e+02 5.023308715820312500e+02
9.171720000000000255e+02 2.790000000000000000e+02 5.023299865722656250e+02
9.175080000000000382e+02 3.160000000000000000e+02 5.023325500488281250e+02
9.178440000000000509e+02 3.520000000000000000e+02 5.023299255371093750e+02
9.181799999999999500e+02 2.830000000000000000e+02 5.023312683105468750e+02
9.185159999999999627e+02 3.320000000000000000e+02 5.023300476074218750e+02
9.188519999999999754e+02 4.130000000000000000e+02 5.023370056152343750e+02
9.191879999999999882e+02 3.770000000000000000e+02 5.023279418945312500e+02
9.195299999999999727e+02 2.250000000000000000e+02 5.023416748046875000e+02
9.198659999999999854e+02 3.790000000000000000e+02 5.023277587890625000e+02
9.202019999999999982e+02 3.200000000000000000e+02 5.023333129882812500e+02
9.205380000000000109e+02 3.330000000000000000e+02 5.023251342773437500e+02
9.208740000000000236e+02 3.880000000000000000e+02 5.023297119140625000e+02
9.212100000000000364e+02 4.070000000000000000e+02 5.023297729492187500e+02
9.215460000000000491e+02 2.930000000000000000e+02 5.023321533203125000e+02
9.218819999999999482e+02 3.450000000000000000e+02 5.023270263671875000e+02
9.222179999999999609e+02 3.300000000000000000e+02 5.023307189941406250e+02
9.225539999999999736e+02 3.860000000000000000e+02 5.023291931152343750e+02
9.228899999999999864e+02 3.470000000000000000e+02 5.023316040039062500e+02
9.232259999999999991e+02 3.880000000000000000e+02 5.023291625976562500e+02
9.235620000000000118e+02 4.080000000000000000e+02 5.023321838378906250e+02
9.238980000000000246e+02 2.440000000000000000e+02 5.023363952636718750e+02
9.242340000000000373e+02 2.140000000000000000e+02 5.023374023437500000e+02
