9.302939999999999827e+02 2.420000000000000000e+02 6.724296875000000000e+02
9.306299999999999955e+02 3.410000000000000000e+02 6.724302978515625000e+02
9.309660000000000082e+02 1.810000000000000000e+02 6.724351196289062500e+02
9.313020000000000209e+02 2.560000000000000000e+02 6.724270629882812500e+02
9.316380000000000337e+02 4.620000000000000000e+02 6.724158935546875000e+02
9.319740000000000464e+02 3.320000000000000000e+02 6.724249877929687500e+02
9.323099999999999454e+02 2.320000000000000000e+02 6.724264526367187500e+02
9.326459999999999582e+02 2.930000000000000000e+02 6.724260253906250000e+02
9.329819999999999709e+02 2.280000000000000000e+02 6.724294433593750000e+02
9.333179999999999836e+02 2.170000000000000000e+02 6.724176025390625000e+02
9.336539999999999964e+02 3.410000000000000000e+02 6.724296264648437500e+02
9.339900000000000091e+02 1.930000000000000000e+02 6.724346923828125000e+02
9.343260000000000218e+02 2.100000000000000000e+02 6.724287719726562500e+02
9.346620000000000346e+02 2.500000000000000000e+02 6.724226074218750000e+02
9.349980000000000473e+02 3.380000000000000000e+02 6.724256591796875000e+02
9.353339999999999463e+02 2.730000000000000000e+02 6.724187011718750000e+02
9.356760000000000446e+02 2.570000000000000000e+02 6.724183349609375000e+02
9.360119999999999436e+02 3.220000000000000000e+02 6.724124755859375000e+02
9.363479999999999563e+02 2.300000000000000000e+02 6.724259643554687500e+02
9.366839999999999691e+02 2.260000000000000000e+02 6.724191894531250000e+02
9.370199999999999818e+02 2.570000000000000000e+02 6.724329223632812500e+02
