6.837179999999999609e+02 1.880000000000000000e+02 4.852044677734375000e+02
6.840599999999999454e+02 1.300000000000000000e+02 4.852069396972656250e+02
6.843959999999999582e+02 1.970000000000000000e+02 4.852035522460937500e+02
6.847319999999999709e+02 3.380000000000000000e+02 4.851939392089843750e+02
6.850679999999999836e+02 3.230000000000000000e+02 4.851950073242187500e+02
6.854039999999999964e+02 3.910000000000000000e+02 4.851949157714843750e+02
6.857400000000000091e+02 4.290000000000000000e+02 4.852062988281250000e+02
6.860760000000000218e+02 3.050000000000000000e+02 4.852070007324218750e+02
6.864120000000000346e+02 4.450000000000000000e+02 4.852034912109375000e+02
6.867480000000000473e+02 4.610000000000000000e+02 4.851965637207031250e+02
6.870839999999999463e+02 2.340000000000000000e+02 4.851963806152343750e+02
6.874199999999999591e+02 1.810000000000000000e+02 4.852061157226562500e+02
6.877559999999999718e+02 1.110000000000000000e+02 4.852070617675781250e+02
6.880919999999999845e+02 2.340000000000000000e+02 4.852024536132812500e+02
6.884279999999999973e+02 1.790000000000000000e+02 4.852003784179687500e+02
6.887640000000000100e+02 1.650000000000000000e+02 4.851886901855468750e+02
6.891000000000000227e+02 9.300000000000000000e+01 4.852109985351562500e+02
6.894360000000000355e+02 1.070000000000000000e+02 4.852029418945312500e+02
6.897780000000000200e+02 1.410000000000000000e+02 4.852137451171875000e+02
6.901079999999999472e+02 1.910000000000000000e+02 4.852054748535156250e+02
6.904500000000000455e+02 5.600000000000000000e+01 4.851996765136718750e+02
