1.394420000000000073e+02 2.480000000000000000e+02 2.842946777343750000e+02
1.397779999999999916e+02 2.360000000000000000e+02 2.842912292480468750e+02
1.401150000000000091e+02 3.220000000000000000e+02 2.842982482910156250e+02
1.404509999999999934e+02 2.910000000000000000e+02 2.842902221679687500e+02
1.407880000000000109e+02 3.770000000000000000e+02 2.842967834472656250e+02
1.411239999999999952e+02 4.290000000000000000e+02 2.842943420410156250e+02
1.414600000000000080e+02 1.430000000000000000e+02 2.842960815429687500e+02
1.417969999999999970e+02 3.820000000000000000e+02 2.842965698242187500e+02
1.421330000000000098e+02 2.730000000000000000e+02 2.842965698242187500e+02
1.424689999999999941e+02 2.600000000000000000e+02 2.842911987304687500e+02
1.428060000000000116e+02 2.140000000000000000e+02 2.842954101562500000e+02
1.431419999999999959e+02 3.380000000000000000e+02 2.843002014160156250e+02
1.434780000000000086e+02 3.040000000000000000e+02 2.842928771972656250e+02
1.438139999999999930e+02 2.170000000000000000e+02 2.842962646484375000e+02
1.441510000000000105e+02 1.780000000000000000e+02 2.842918395996093750e+02
1.444869999999999948e+02 2.030000000000000000e+02 2.842984619140625000e+02
1.448230000000000075e+02 2.450000000000000000e+02 2.842957763671875000e+02
1.451599999999999966e+02 2.820000000000000000e+02 2.842999572753906250e+02
1.454960000000000093e+02 2.310000000000000000e+02 2.842958068847656250e+02
1.458319999999999936e+02 2.850000000000000000e+02 2.842993164062500000e+02
1.461690000000000111e+02 2.740000000000000000e+02 2.842976379394531250e+02
1.465049999999999955e+02 2.280000000000000000e+02 2.842944641113281250e+02
1.468410000000000082e+02 3.840000000000000000e+02 2.842980651855468750e+02
1.471769999999999925e+02 3.620000000000000000e+02 2.843023071289062500e+02
1.475140000000000100e+02 3.990000000000000000e+02 2.842925109863281250e+02
1.478499999999999943e+02 2.350000000000000000e+02 2.842972412109375000e+02
1.481879999999999882e+02 2.570000000000000000e+02 2.842945861816406250e+02
1.485240000000000009e+02 2.350000000000000000e+02 2.842886962890625000e+02
1.488609999999999900e+02 1.500000000000000000e+02 2.842877807617187500e+02
1.491970000000000027e+02 2.250000000000000000e+02 2.842967529296875000e+02
1.495329999999999870e+02 2.800000000000000000e+02 2.842926940917968750e+02
1.498689999999999998e+02 2.250000000000000000e+02 2.842941589355468750e+02
1.502059999999999889e+02 2.410000000000000000e+02 2.842893981933593750e+02
1.505420000000000016e+02 2.350000000000000000e+02 2.842993469238281250e+02
1.508779999999999859e+02 1.490000000000000000e+02 2.842965698242187500e+02
1.512150000000000034e+02 2.630000000000000000e+02 2.842966918945312500e+02
1.515509999999999877e+02 2.250000000000000000e+02 2.842944335937500000e+02
1.518870000000000005e+02 2.760000000000000000e+02 2.842955627441406250e+02
1.522239999999999895e+02 2.360000000000000000e+02 2.842921447753906250e+02
1.525600000000000023e+02 2.170000000000000000e+02 2.842983398437500000e+02
1.528959999999999866e+02 3.160000000000000000e+02 2.842933654785156250e+02
1.532330000000000041e+02 2.610000000000000000e+02 2.842979125976562500e+02
1.535689999999999884e+02 1.990000000000000000e+02 2.842961425781250000e+02
1.539050000000000011e+02 3.520000000000000000e+02 2.842992248535156250e+02
1.542410000000000139e+02 4.510000000000000000e+02 2.843023986816406250e+02
1.545780000000000030e+02 2.150000000000000000e+02 2.842990417480468750e+02
1.549139999999999873e+02 2.560000000000000000e+02 2.842924804687500000e+02
1.552500000000000000e+02 1.550000000000000000e+02 2.842993164062500000e+02
1.555869999999999891e+02 1.810000000000000000e+02 2.842988281250000000e+02
1.559230000000000018e+02 2.650000000000000000e+02 2.842946777343750000e+02
1.562599999999999909e+02 3.570000000000000000e+02 2.842930603027343750e+02
1.565960000000000036e+02 3.450000000000000000e+02 2.842928161621093750e+02
1.569319999999999879e+02 1.920000000000000000e+02 2.842986450195312500e+02
1.572690000000000055e+02 3.380000000000000000e+02 2.842912902832031250e+02
1.576049999999999898e+02 2.710000000000000000e+02 2.842928161621093750e+02
1.579410000000000025e+02 3.100000000000000000e+02 2.842974243164062500e+02
1.582789999999999964e+02 1.970000000000000000e+02 2.842933349609375000e+02
1.586150000000000091e+02 2.350000000000000000e+02 2.842974853515625000e+02
1.589519999999999982e+02 2.710000000000000000e+02 2.842938537597656250e+02
1.592880000000000109e+02 2.390000000000000000e+02 2.843018188476562500e+02
1.596239999999999952e+02 2.690000000000000000e+02 2.842971496582031250e+02
1.599610000000000127e+02 1.660000000000000000e+02 2.843064575195312500e+02
1.602969999999999970e+02 2.560000000000000000e+02 2.842944030761718750e+02
1.606330000000000098e+02 2.720000000000000000e+02 2.842988281250000000e+02
1.609699999999999989e+02 2.840000000000000000e+02 2.842974243164062500e+02
1.613060000000000116e+02 1.810000000000000000e+02 2.842964477539062500e+02
1.616419999999999959e+02 2.620000000000000000e+02 2.842928161621093750e+02
1.619780000000000086e+02 2.760000000000000000e+02 2.842982788085937500e+02
1.623149999999999977e+02 2.830000000000000000e+02 2.842900390625000000e+02
1.626510000000000105e+02 2.070000000000000000e+02 2.842979125976562500e+02
1.629869999999999948e+02 2.710000000000000000e+02 2.842970275878906250e+02
1.633240000000000123e+02 2.180000000000000000e+02 2.842907104492187500e+02
1.636599999999999966e+02 2.200000000000000000e+02 2.843025512695312500e+02
1.639960000000000093e+02 2.550000000000000000e+02 2.842957763671875000e+02
1.643329999999999984e+02 1.550000000000000000e+02 2.842910461425781250e+02
1.646690000000000111e+02 1.770000000000000000e+02 2.842935791015625000e+02
1.650049999999999955e+02 3.380000000000000000e+02 2.842971496582031250e+02
1.653420000000000130e+02 3.190000000000000000e+02 2.842934875488281250e+02
1.656779999999999973e+02 1.900000000000000000e+02 2.842946777343750000e+02
1.660140000000000100e+02 2.320000000000000000e+02 2.842986145019531250e+02
1.663499999999999943e+02 3.160000000000000000e+02 2.842962951660156250e+02
1.666870000000000118e+02 2.620000000000000000e+02 2.842923583984375000e+02
1.670229999999999961e+02 2.600000000000000000e+02 2.842939758300781250e+02
1.673590000000000089e+02 1.910000000000000000e+02 2.843023986816406250e+02
1.676959999999999980e+02 2.690000000000000000e+02 2.842936096191406250e+02
1.680320000000000107e+02 2.230000000000000000e+02 2.842944335937500000e+02
1.683700000000000045e+02 2.360000000000000000e+02 2.842959594726562500e+02
1.687059999999999889e+02 1.350000000000000000e+02 2.842984313964843750e+02
