1.407880000000000109e+02 2.990000000000000000e+02 3.161134338378906250e+02
1.411239999999999952e+02 2.800000000000000000e+02 3.161119995117187500e+02
1.414600000000000080e+02 2.550000000000000000e+02 3.161095275878906250e+02
1.417969999999999970e+02 2.610000000000000000e+02 3.161170959472656250e+02
1.421330000000000098e+02 4.160000000000000000e+02 3.161177673339843750e+02
1.424689999999999941e+02 4.730000000000000000e+02 3.161203613281250000e+02
1.428060000000000116e+02 2.780000000000000000e+02 3.161168823242187500e+02
1.431419999999999959e+02 2.870000000000000000e+02 3.161195068359375000e+02
1.434780000000000086e+02 3.540000000000000000e+02 3.161261901855468750e+02
1.438139999999999930e+02 4.040000000000000000e+02 3.161228332519531250e+02
1.441510000000000105e+02 3.850000000000000000e+02 3.161245117187500000e+02
1.444869999999999948e+02 2.030000000000000000e+02 3.161242065429687500e+02
1.448230000000000075e+02 3.050000000000000000e+02 3.161240844726562500e+02
1.451599999999999966e+02 2.170000000000000000e+02 3.161207885742187500e+02
1.454960000000000093e+02 1.490000000000000000e+02 3.161165161132812500e+02
1.458319999999999936e+02 1.170000000000000000e+02 3.161137390136718750e+02
1.461690000000000111e+02 9.600000000000000000e+01 3.161180725097656250e+02
1.465049999999999955e+02 9.100000000000000000e+01 3.161329650878906250e+02
