3.927450000000000045e+02 1.680000000000000000e+02 3.232568664550781250e+02
3.930819999999999936e+02 1.780000000000000000e+02 3.232599487304687500e+02
3.934180000000000064e+02 1.510000000000000000e+02 3.232549133300781250e+02
3.937540000000000191e+02 2.190000000000000000e+02 3.232558593750000000e+02
3.940899999999999750e+02 3.330000000000000000e+02 3.232555541992187500e+02
3.944270000000000209e+02 1.050000000000000000e+02 3.232547302246093750e+02
3.947629999999999768e+02 1.910000000000000000e+02 3.232467041015625000e+02
3.950989999999999895e+02 2.740000000000000000e+02 3.232619018554687500e+02
3.954359999999999786e+02 1.110000000000000000e+02 3.232457885742187500e+02
3.957719999999999914e+02 2.040000000000000000e+02 3.232481079101562500e+02
3.961080000000000041e+02 2.030000000000000000e+02 3.232555541992187500e+02
3.964449999999999932e+02 2.140000000000000000e+02 3.232652282714843750e+02
3.967810000000000059e+02 3.150000000000000000e+02 3.232532043457031250e+02
3.971170000000000186e+02 2.970000000000000000e+02 3.232618103027343750e+02
3.974540000000000077e+02 3.670000000000000000e+02 3.232497863769531250e+02
3.977900000000000205e+02 2.790000000000000000e+02 3.232556457519531250e+02
3.981259999999999764e+02 3.950000000000000000e+02 3.232532653808593750e+02
3.984619999999999891e+02 4.100000000000000000e+02 3.232605590820312500e+02
3.987989999999999782e+02 2.450000000000000000e+02 3.232604675292968750e+02
3.991349999999999909e+02 2.590000000000000000e+02 3.232538452148437500e+02
3.994710000000000036e+02 1.970000000000000000e+02 3.232546691894531250e+02
3.998079999999999927e+02 3.270000000000000000e+02 3.232570800781250000e+02
