2.985559999999999832e+02 3.410000000000000000e+02 5.613151245117187500e+02
2.988919999999999959e+02 3.310000000000000000e+02 5.613217773437500000e+02
2.992289999999999850e+02 2.730000000000000000e+02 5.613124389648437500e+02
2.995670000000000073e+02 3.880000000000000000e+02 5.613199462890625000e+02
2.999030000000000200e+02 3.020000000000000000e+02 5.613186645507812500e+02
3.002389999999999759e+02 3.730000000000000000e+02 5.613259277343750000e+02
3.005760000000000218e+02 2.580000000000000000e+02 5.613281250000000000e+02
3.009119999999999777e+02 2.770000000000000000e+02 5.613172607421875000e+02
3.012479999999999905e+02 3.720000000000000000e+02 5.613278808593750000e+02
3.015840000000000032e+02 3.520000000000000000e+02 5.613151855468750000e+02
3.019209999999999923e+02 2.090000000000000000e+02 5.613303833007812500e+02
3.022570000000000050e+02 2.650000000000000000e+02 5.613162841796875000e+02
3.025930000000000177e+02 3.340000000000000000e+02 5.613144531250000000e+02
3.029300000000000068e+02 1.710000000000000000e+02 5.613087158203125000e+02
3.032660000000000196e+02 3.450000000000000000e+02 5.613229370117187500e+02
3.036019999999999754e+02 3.670000000000000000e+02 5.613147583007812500e+02
3.039379999999999882e+02 2.250000000000000000e+02 5.613110351562500000e+02
3.042749999999999773e+02 3.610000000000000000e+02 5.613281250000000000e+02
3.046109999999999900e+02 2.430000000000000000e+02 5.613190917968750000e+02
3.049479999999999791e+02 2.740000000000000000e+02 5.613149414062500000e+02
3.052839999999999918e+02 3.250000000000000000e+02 5.613215942382812500e+02
3.056200000000000045e+02 3.210000000000000000e+02 5.613132324218750000e+02
3.059560000000000173e+02 4.580000000000000000e+02 5.613173217773437500e+02
3.062930000000000064e+02 3.160000000000000000e+02 5.613332519531250000e+02
3.066290000000000191e+02 2.610000000000000000e+02 5.613215332031250000e+02
3.069649999999999750e+02 3.060000000000000000e+02 5.613148193359375000e+02
3.073020000000000209e+02 2.940000000000000000e+02 5.613179931640625000e+02
3.076379999999999768e+02 2.290000000000000000e+02 5.613265380859375000e+02
3.079739999999999895e+02 3.150000000000000000e+02 5.613229370117187500e+02
3.083109999999999786e+02 3.930000000000000000e+02 5.613106079101562500e+02
3.086469999999999914e+02 2.400000000000000000e+02 5.613187866210937500e+02
3.089830000000000041e+02 2.550000000000000000e+02 5.613188476562500000e+02
3.093190000000000168e+02 2.530000000000000000e+02 5.613129882812500000e+02
3.096569999999999823e+02 2.820000000000000000e+02 5.613073120117187500e+02
3.099940000000000282e+02 2.230000000000000000e+02 5.613203125000000000e+02
3.103299999999999841e+02 1.550000000000000000e+02 5.613063964843750000e+02
3.106659999999999968e+02 3.410000000000000000e+02 5.613136596679687500e+02
3.110029999999999859e+02 2.400000000000000000e+02 5.613214111328125000e+02
3.113389999999999986e+02 1.980000000000000000e+02 5.613401489257812500e+02
3.116759999999999877e+02 2.690000000000000000e+02 5.613195190429687500e+02
3.120120000000000005e+02 2.100000000000000000e+02 5.613208618164062500e+02
3.123480000000000132e+02 2.190000000000000000e+02 5.613117065429687500e+02
3.126850000000000023e+02 2.840000000000000000e+02 5.613264770507812500e+02
3.130210000000000150e+02 3.600000000000000000e+02 5.613345947265625000e+02
3.133570000000000277e+02 4.090000000000000000e+02 5.613220825195312500e+02
3.136940000000000168e+02 3.440000000000000000e+02 5.613189086914062500e+02
3.140299999999999727e+02 2.430000000000000000e+02 5.613240356445312500e+02
3.143670000000000186e+02 2.660000000000000000e+02 5.613211669921875000e+02
3.147029999999999745e+02 1.640000000000000000e+02 5.613147583007812500e+02
3.150389999999999873e+02 2.480000000000000000e+02 5.613020629882812500e+02
3.153759999999999764e+02 2.110000000000000000e+02 5.613168334960937500e+02
3.157119999999999891e+02 2.730000000000000000e+02 5.613322753906250000e+02
3.160480000000000018e+02 2.270000000000000000e+02 5.613215332031250000e+02
3.163849999999999909e+02 1.770000000000000000e+02 5.613206176757812500e+02
3.167210000000000036e+02 2.840000000000000000e+02 5.613269653320312500e+02
