1.821610000000000014e+02 8.000000000000000000e+01 4.001626892089843750e+02
1.824970000000000141e+02 7.200000000000000000e+01 4.001751403808593750e+02
1.828340000000000032e+02 4.300000000000000000e+01 4.001670837402343750e+02
1.831699999999999875e+02 1.350000000000000000e+02 4.001484680175781250e+02
1.835060000000000002e+02 5.800000000000000000e+01 4.001599426269531250e+02
1.838420000000000130e+02 1.450000000000000000e+02 4.001620483398437500e+02
1.841790000000000020e+02 1.280000000000000000e+02 4.001585083007812500e+02
1.845149999999999864e+02 1.570000000000000000e+02 4.001606140136718750e+02
1.848509999999999991e+02 2.080000000000000000e+02 4.001667175292968750e+02
1.851879999999999882e+02 2.330000000000000000e+02 4.001557922363281250e+02
1.855240000000000009e+02 2.300000000000000000e+02 4.001615905761718750e+02
1.858600000000000136e+02 3.540000000000000000e+02 4.001582946777343750e+02
1.861970000000000027e+02 2.620000000000000000e+02 4.001652526855468750e+02
1.865329999999999870e+02 3.970000000000000000e+02 4.001618041992187500e+02
1.868700000000000045e+02 3.870000000000000000e+02 4.001600952148437500e+02
1.872059999999999889e+02 3.480000000000000000e+02 4.001524658203125000e+02
1.875430000000000064e+02 2.330000000000000000e+02 4.001566162109375000e+02
1.878789999999999907e+02 4.050000000000000000e+02 4.001577148437500000e+02
1.882160000000000082e+02 3.580000000000000000e+02 4.001564331054687500e+02
1.885540000000000020e+02 2.560000000000000000e+02 4.001631164550781250e+02
1.888899999999999864e+02 2.950000000000000000e+02 4.001531372070312500e+02
1.892259999999999991e+02 3.940000000000000000e+02 4.001576232910156250e+02
1.895629999999999882e+02 4.070000000000000000e+02 4.001593322753906250e+02
1.898990000000000009e+02 2.040000000000000000e+02 4.001631774902343750e+02
1.902350000000000136e+02 2.590000000000000000e+02 4.001672058105468750e+02
1.905720000000000027e+02 1.850000000000000000e+02 4.001702575683593750e+02
1.909079999999999870e+02 1.480000000000000000e+02 4.001713256835937500e+02
1.912439999999999998e+02 6.500000000000000000e+01 4.001623535156250000e+02
1.915800000000000125e+02 1.520000000000000000e+02 4.001528625488281250e+02
1.919170000000000016e+02 1.310000000000000000e+02 4.001641540527343750e+02
1.922529999999999859e+02 1.260000000000000000e+02 4.001554870605468750e+02
1.925889999999999986e+02 1.280000000000000000e+02 4.001736450195312500e+02
1.929259999999999877e+02 1.440000000000000000e+02 4.001726074218750000e+02
1.932620000000000005e+02 1.280000000000000000e+02 4.001649169921875000e+02
1.935980000000000132e+02 1.490000000000000000e+02 4.001622619628906250e+02
1.939350000000000023e+02 1.240000000000000000e+02 4.001506347656250000e+02
1.942709999999999866e+02 8.800000000000000000e+01 4.001562805175781250e+02
