2.830819999999999936e+02 1.200000000000000000e+02 2.080663452148437500e+02
2.834189999999999827e+02 1.330000000000000000e+02 2.080722045898437500e+02
2.837559999999999718e+02 1.100000000000000000e+02 2.080660705566406250e+02
2.840919999999999845e+02 7.800000000000000000e+01 2.080838775634765625e+02
2.844289999999999736e+02 1.550000000000000000e+02 2.080725250244140625e+02
2.847649999999999864e+02 6.390000000000000000e+02 2.080672149658203125e+02
2.851009999999999991e+02 2.073000000000000000e+03 2.080689086914062500e+02
2.854379999999999882e+02 4.032000000000000000e+03 2.080703125000000000e+02
2.857740000000000009e+02 9.615000000000000000e+03 2.080690002441406250e+02
2.861100000000000136e+02 1.285300000000000000e+04 2.080694580078125000e+02
2.864470000000000027e+02 1.690400000000000000e+04 2.080690460205078125e+02
2.867830000000000155e+02 1.882200000000000000e+04 2.080694274902343750e+02
2.871190000000000282e+02 2.022600000000000000e+04 2.080702972412109375e+02
2.874549999999999841e+02 2.078700000000000000e+04 2.080698089599609375e+02
2.877919999999999732e+02 2.066600000000000000e+04 2.080693511962890625e+02
2.881279999999999859e+02 1.997000000000000000e+04 2.080690002441406250e+02
2.884639999999999986e+02 1.968200000000000000e+04 2.080691070556640625e+02
2.888009999999999877e+02 1.795200000000000000e+04 2.080692749023437500e+02
2.891370000000000005e+02 1.685700000000000000e+04 2.080698242187500000e+02
2.894750000000000227e+02 1.566400000000000000e+04 2.080697479248046875e+02
2.898109999999999786e+02 1.484700000000000000e+04 2.080690765380859375e+02
2.901469999999999914e+02 1.512400000000000000e+04 2.080694885253906250e+02
2.904839999999999804e+02 1.579900000000000000e+04 2.080696411132812500e+02
2.908199999999999932e+02 1.513400000000000000e+04 2.080702972412109375e+02
2.911560000000000059e+02 1.418100000000000000e+04 2.080701904296875000e+02
2.914929999999999950e+02 1.320500000000000000e+04 2.080697479248046875e+02
2.918290000000000077e+02 1.337900000000000000e+04 2.080699157714843750e+02
2.921650000000000205e+02 1.106900000000000000e+04 2.080694427490234375e+02
2.925020000000000095e+02 9.464000000000000000e+03 2.080697479248046875e+02
2.928380000000000223e+02 7.755000000000000000e+03 2.080694427490234375e+02
2.931739999999999782e+02 5.930000000000000000e+03 2.080693969726562500e+02
2.935099999999999909e+02 4.806000000000000000e+03 2.080691375732421875e+02
2.938469999999999800e+02 3.669000000000000000e+03 2.080705566406250000e+02
2.941829999999999927e+02 2.559000000000000000e+03 2.080703277587890625e+02
2.945190000000000055e+02 1.856000000000000000e+03 2.080713806152343750e+02
2.948559999999999945e+02 1.679000000000000000e+03 2.080700531005859375e+02
2.951920000000000073e+02 1.359000000000000000e+03 2.080698394775390625e+02
2.955280000000000200e+02 1.146000000000000000e+03 2.080699310302734375e+02
2.958650000000000091e+02 8.830000000000000000e+02 2.080713348388671875e+02
2.962010000000000218e+02 7.540000000000000000e+02 2.080683135986328125e+02
2.965369999999999777e+02 7.220000000000000000e+02 2.080706634521484375e+02
2.968740000000000236e+02 4.800000000000000000e+02 2.080689392089843750e+02
2.972099999999999795e+02 5.350000000000000000e+02 2.080736694335937500e+02
2.975470000000000255e+02 5.740000000000000000e+02 2.080680541992187500e+02
2.978829999999999814e+02 4.720000000000000000e+02 2.080734710693359375e+02
2.982200000000000273e+02 5.320000000000000000e+02 2.080703582763671875e+02
2.985559999999999832e+02 3.770000000000000000e+02 2.080674133300781250e+02
2.988919999999999959e+02 4.810000000000000000e+02 2.080691680908203125e+02
2.992289999999999850e+02 5.360000000000000000e+02 2.080721282958984375e+02
2.995670000000000073e+02 4.350000000000000000e+02 2.080728912353515625e+02
2.999030000000000200e+02 2.710000000000000000e+02 2.080734558105468750e+02
3.002389999999999759e+02 2.930000000000000000e+02 2.080766906738281250e+02
3.005760000000000218e+02 4.530000000000000000e+02 2.080707244873046875e+02
3.009119999999999777e+02 2.110000000000000000e+02 2.080685272216796875e+02
3.012479999999999905e+02 4.270000000000000000e+02 2.080719604492187500e+02
3.015840000000000032e+02 4.650000000000000000e+02 2.080675964355468750e+02
3.019209999999999923e+02 3.350000000000000000e+02 2.080649108886718750e+02
