3.044999999999999929e+01 2.120000000000000000e+02 1.770214996337890625e+02
3.078600000000000136e+01 1.330000000000000000e+02 1.770299530029296875e+02
3.112199999999999989e+01 4.210000000000000000e+02 1.770297851562500000e+02
3.145899999999999963e+01 7.570000000000000000e+02 1.770385589599609375e+02
3.179500000000000171e+01 6.610000000000000000e+02 1.770305938720703125e+02
3.213100000000000023e+01 7.890000000000000000e+02 1.770328674316406250e+02
3.246800000000000352e+01 8.630000000000000000e+02 1.770367431640625000e+02
3.280400000000000205e+01 8.710000000000000000e+02 1.770353393554687500e+02
3.314000000000000057e+01 7.960000000000000000e+02 1.770370941162109375e+02
3.347599999999999909e+01 7.250000000000000000e+02 1.770351104736328125e+02
3.381300000000000239e+01 7.750000000000000000e+02 1.770319824218750000e+02
3.414900000000000091e+01 6.340000000000000000e+02 1.770300140380859375e+02
3.448499999999999943e+01 7.850000000000000000e+02 1.770260009765625000e+02
3.482200000000000273e+01 7.930000000000000000e+02 1.770284729003906250e+02
3.515800000000000125e+01 9.810000000000000000e+02 1.770347747802734375e+02
3.549399999999999977e+01 7.620000000000000000e+02 1.770281829833984375e+02
3.583100000000000307e+01 8.130000000000000000e+02 1.770314941406250000e+02
3.616700000000000159e+01 7.050000000000000000e+02 1.770323333740234375e+02
3.650300000000000011e+01 7.700000000000000000e+02 1.770338287353515625e+02
3.683899999999999864e+01 7.360000000000000000e+02 1.770342407226562500e+02
3.717699999999999960e+01 8.500000000000000000e+02 1.770301208496093750e+02
3.751400000000000290e+01 5.950000000000000000e+02 1.770318603515625000e+02
3.785000000000000142e+01 6.660000000000000000e+02 1.770336303710937500e+02
3.818599999999999994e+01 1.044000000000000000e+03 1.770320739746093750e+02
3.852300000000000324e+01 5.920000000000000000e+02 1.770321960449218750e+02
3.885900000000000176e+01 8.160000000000000000e+02 1.770335540771484375e+02
3.919500000000000028e+01 9.270000000000000000e+02 1.770353698730468750e+02
3.953099999999999881e+01 8.000000000000000000e+02 1.770322875976562500e+02
3.986800000000000210e+01 1.152000000000000000e+03 1.770351409912109375e+02
4.020400000000000063e+01 1.213000000000000000e+03 1.770345611572265625e+02
4.053999999999999915e+01 1.605000000000000000e+03 1.770373535156250000e+02
4.087700000000000244e+01 1.636000000000000000e+03 1.770353393554687500e+02
4.121300000000000097e+01 2.265000000000000000e+03 1.770370483398437500e+02
4.154899999999999949e+01 2.461000000000000000e+03 1.770400238037109375e+02
4.188600000000000279e+01 2.830000000000000000e+03 1.770388031005859375e+02
4.222200000000000131e+01 2.645000000000000000e+03 1.770416870117187500e+02
4.255799999999999983e+01 2.166000000000000000e+03 1.770406188964843750e+02
4.289500000000000313e+01 1.629000000000000000e+03 1.770415496826171875e+02
4.323100000000000165e+01 1.696000000000000000e+03 1.770387573242187500e+02
4.356700000000000017e+01 1.123000000000000000e+03 1.770366058349609375e+02
4.390299999999999869e+01 8.810000000000000000e+02 1.770369262695312500e+02
4.424000000000000199e+01 9.700000000000000000e+02 1.770353851318359375e+02
4.457600000000000051e+01 7.630000000000000000e+02 1.770389404296875000e+02
4.491199999999999903e+01 5.890000000000000000e+02 1.770327453613281250e+02
4.524900000000000233e+01 5.540000000000000000e+02 1.770415802001953125e+02
4.558500000000000085e+01 3.010000000000000000e+02 1.770274658203125000e+02
4.592199999999999704e+01 4.620000000000000000e+02 1.770282897949218750e+02
4.625800000000000267e+01 4.430000000000000000e+02 1.770311126708984375e+02
4.659499999999999886e+01 2.650000000000000000e+02 1.770249786376953125e+02
4.693099999999999739e+01 5.740000000000000000e+02 1.770271453857421875e+02
4.726899999999999835e+01 3.170000000000000000e+02 1.770209350585937500e+02
4.760499999999999687e+01 6.000000000000000000e+02 1.770196380615234375e+02
4.794200000000000017e+01 4.330000000000000000e+02 1.770191040039062500e+02
4.827799999999999869e+01 6.630000000000000000e+02 1.770236663818359375e+02
4.861399999999999721e+01 4.330000000000000000e+02 1.770353393554687500e+02
4.895000000000000284e+01 3.280000000000000000e+02 1.770256195068359375e+02
4.928699999999999903e+01 5.450000000000000000e+02 1.770244903564453125e+02
4.962299999999999756e+01 4.120000000000000000e+02 1.770284423828125000e+02
