8.741100000000000136e+02 1.526000000000000000e+03 8.025408935546875000e+02
8.744460000000000264e+02 1.630000000000000000e+03 8.025381469726562500e+02
8.747880000000000109e+02 1.894000000000000000e+03 8.025376586914062500e+02
8.751240000000000236e+02 1.543000000000000000e+03 8.025438842773437500e+02
8.754600000000000364e+02 1.608000000000000000e+03 8.025394287109375000e+02
8.757960000000000491e+02 1.544000000000000000e+03 8.025369873046875000e+02
8.761319999999999482e+02 1.568000000000000000e+03 8.025369873046875000e+02
8.764679999999999609e+02 1.656000000000000000e+03 8.025395507812500000e+02
8.768039999999999736e+02 1.515000000000000000e+03 8.025463867187500000e+02
8.771399999999999864e+02 1.461000000000000000e+03 8.025417480468750000e+02
8.774759999999999991e+02 1.423000000000000000e+03 8.025427856445312500e+02
8.778120000000000118e+02 1.680000000000000000e+03 8.025396728515625000e+02
8.781539999999999964e+02 1.742000000000000000e+03 8.025359497070312500e+02
8.784840000000000373e+02 1.508000000000000000e+03 8.025419311523437500e+02
8.788260000000000218e+02 1.599000000000000000e+03 8.025455932617187500e+02
8.791620000000000346e+02 1.376000000000000000e+03 8.025490112304687500e+02
8.794980000000000473e+02 1.500000000000000000e+03 8.025386962890625000e+02
8.798339999999999463e+02 1.780000000000000000e+03 8.025373535156250000e+02
8.801699999999999591e+02 2.057000000000000000e+03 8.025401000976562500e+02
8.805059999999999718e+02 1.869000000000000000e+03 8.025393676757812500e+02
8.808419999999999845e+02 1.591000000000000000e+03 8.025420532226562500e+02
8.811779999999999973e+02 1.550000000000000000e+03 8.025453491210937500e+02
8.815140000000000100e+02 1.584000000000000000e+03 8.025367431640625000e+02
8.818500000000000227e+02 1.787000000000000000e+03 8.025422363281250000e+02
8.821860000000000355e+02 1.685000000000000000e+03 8.025440673828125000e+02
8.825220000000000482e+02 1.565000000000000000e+03 8.025465698242187500e+02
8.828579999999999472e+02 1.801000000000000000e+03 8.025403442382812500e+02
8.831939999999999600e+02 1.757000000000000000e+03 8.025422363281250000e+02
8.835359999999999445e+02 1.645000000000000000e+03 8.025474243164062500e+02
8.838719999999999573e+02 1.880000000000000000e+03 8.025410766601562500e+02
8.842079999999999700e+02 1.604000000000000000e+03 8.025386352539062500e+02
8.845439999999999827e+02 2.013000000000000000e+03 8.025352783203125000e+02
8.848799999999999955e+02 1.401000000000000000e+03 8.025394287109375000e+02
8.852160000000000082e+02 1.831000000000000000e+03 8.025393676757812500e+02
8.855520000000000209e+02 1.639000000000000000e+03 8.025421752929687500e+02
8.858880000000000337e+02 1.824000000000000000e+03 8.025439453125000000e+02
8.862240000000000464e+02 1.770000000000000000e+03 8.025432739257812500e+02
8.865599999999999454e+02 1.823000000000000000e+03 8.025392456054687500e+02
8.868959999999999582e+02 1.653000000000000000e+03 8.025435791015625000e+02
8.872319999999999709e+02 2.044000000000000000e+03 8.025427856445312500e+02
8.875679999999999836e+02 1.641000000000000000e+03 8.025487060546875000e+02
8.879039999999999964e+02 1.798000000000000000e+03 8.025421142578125000e+02
8.882459999999999809e+02 1.838000000000000000e+03 8.025399169921875000e+02
8.885819999999999936e+02 1.694000000000000000e+03 8.025440063476562500e+02
8.889120000000000346e+02 2.160000000000000000e+03 8.025446777343750000e+02
8.892540000000000191e+02 1.877000000000000000e+03 8.025413208007812500e+02
8.895900000000000318e+02 2.140000000000000000e+03 8.025397949218750000e+02
8.899260000000000446e+02 1.831000000000000000e+03 8.025397949218750000e+02
8.902619999999999436e+02 1.894000000000000000e+03 8.025391235351562500e+02
8.905979999999999563e+02 1.765000000000000000e+03 8.025419311523437500e+02
8.909339999999999691e+02 1.719000000000000000e+03 8.025405273437500000e+02
8.912699999999999818e+02 1.502000000000000000e+03 8.025413818359375000e+02
8.916059999999999945e+02 1.879000000000000000e+03 8.025435791015625000e+02
8.919420000000000073e+02 1.726000000000000000e+03 8.025435180664062500e+02
8.922780000000000200e+02 1.701000000000000000e+03 8.025468139648437500e+02
8.926140000000000327e+02 1.626000000000000000e+03 8.025471801757812500e+02
8.929500000000000455e+02 1.960000000000000000e+03 8.025424194335937500e+02
8.932859999999999445e+02 1.930000000000000000e+03 8.025408325195312500e+02
8.936219999999999573e+02 1.839000000000000000e+03 8.025394897460937500e+02
8.939579999999999700e+02 1.839000000000000000e+03 8.025375366210937500e+02
8.942939999999999827e+02 1.866000000000000000e+03 8.025404052734375000e+02
8.946359999999999673e+02 1.868000000000000000e+03 8.025391845703125000e+02
8.949719999999999800e+02 1.858000000000000000e+03 8.025421142578125000e+02
8.953079999999999927e+02 1.693000000000000000e+03 8.025370483398437500e+02
8.956440000000000055e+02 1.675000000000000000e+03 8.025415649414062500e+02
8.959800000000000182e+02 1.566000000000000000e+03 8.025345458984375000e+02
8.963160000000000309e+02 1.857000000000000000e+03 8.025384521484375000e+02
8.966520000000000437e+02 1.877000000000000000e+03 8.025422973632812500e+02
8.969880000000000564e+02 1.982000000000000000e+03 8.025401000976562500e+02
8.973239999999999554e+02 2.063000000000000000e+03 8.025435180664062500e+02
8.976599999999999682e+02 2.080000000000000000e+03 8.025404663085937500e+02
8.979959999999999809e+02 1.907000000000000000e+03 8.025405883789062500e+02
8.983379999999999654e+02 1.739000000000000000e+03 8.025410766601562500e+02
8.986739999999999782e+02 1.881000000000000000e+03 8.025379638671875000e+02
8.990099999999999909e+02 1.890000000000000000e+03 8.025422973632812500e+02
8.993460000000000036e+02 1.994000000000000000e+03 8.025437622070312500e+02
8.996820000000000164e+02 2.119000000000000000e+03 8.025409545898437500e+02
9.000180000000000291e+02 1.953000000000000000e+03 8.025396118164062500e+02
9.003540000000000418e+02 1.684000000000000000e+03 8.025444946289062500e+02
9.006900000000000546e+02 2.276000000000000000e+03 8.025380859375000000e+02
9.010259999999999536e+02 1.651000000000000000e+03 8.025429077148437500e+02
9.013619999999999663e+02 1.774000000000000000e+03 8.025408325195312500e+02
9.016979999999999791e+02 1.806000000000000000e+03 8.025380859375000000e+02
9.020339999999999918e+02 2.096000000000000000e+03 8.025441284179687500e+02
9.023700000000000045e+02 1.982000000000000000e+03 8.025422363281250000e+02
9.027060000000000173e+02 2.125000000000000000e+03 8.025405883789062500e+02
9.030420000000000300e+02 1.881000000000000000e+03 8.025413208007812500e+02
9.033780000000000427e+02 2.267000000000000000e+03 8.025407104492187500e+02
