2.635690000000000168e+02 2.000000000000000000e+02 2.880606079101562500e+02
2.639049999999999727e+02 5.450000000000000000e+02 2.880636291503906250e+02
2.642420000000000186e+02 7.280000000000000000e+02 2.880600891113281250e+02
2.645779999999999745e+02 9.610000000000000000e+02 2.880643920898437500e+02
2.649139999999999873e+02 1.761000000000000000e+03 2.880615234375000000e+02
2.652509999999999764e+02 1.566000000000000000e+03 2.880608825683593750e+02
2.655869999999999891e+02 2.085000000000000000e+03 2.880602111816406250e+02
2.659239999999999782e+02 1.842000000000000000e+03 2.880589294433593750e+02
2.662599999999999909e+02 1.761000000000000000e+03 2.880604248046875000e+02
2.665969999999999800e+02 1.529000000000000000e+03 2.880593872070312500e+02
2.669329999999999927e+02 1.153000000000000000e+03 2.880611267089843750e+02
2.672699999999999818e+02 1.034000000000000000e+03 2.880618286132812500e+02
2.676059999999999945e+02 5.490000000000000000e+02 2.880638732910156250e+02
2.679420000000000073e+02 6.250000000000000000e+02 2.880615539550781250e+02
2.682789999999999964e+02 3.940000000000000000e+02 2.880552978515625000e+02
2.686150000000000091e+02 3.340000000000000000e+02 2.880637512207031250e+02
2.689510000000000218e+02 3.750000000000000000e+02 2.880610656738281250e+02
2.692889999999999873e+02 1.200000000000000000e+02 2.880753479003906250e+02
2.696250000000000000e+02 1.270000000000000000e+02 2.880585632324218750e+02
2.699619999999999891e+02 1.890000000000000000e+02 2.880686645507812500e+02
2.702980000000000018e+02 1.070000000000000000e+02 2.880571899414062500e+02
