2.009989999999999952e+02 4.680000000000000000e+02 3.891602783203125000e+02
2.013350000000000080e+02 3.630000000000000000e+02 3.891637573242187500e+02
2.016709999999999923e+02 7.150000000000000000e+02 3.891503906250000000e+02
2.020070000000000050e+02 1.336000000000000000e+03 3.891470947265625000e+02
2.023439999999999941e+02 1.334000000000000000e+03 3.891491088867187500e+02
2.026800000000000068e+02 1.656000000000000000e+03 3.891489868164062500e+02
2.030169999999999959e+02 1.587000000000000000e+03 3.891476440429687500e+02
2.033530000000000086e+02 1.863000000000000000e+03 3.891482543945312500e+02
2.036899999999999977e+02 1.501000000000000000e+03 3.891463012695312500e+02
2.040260000000000105e+02 1.678000000000000000e+03 3.891471862792968750e+02
2.043619999999999948e+02 1.168000000000000000e+03 3.891492309570312500e+02
2.046990000000000123e+02 1.233000000000000000e+03 3.891494750976562500e+02
2.050349999999999966e+02 8.750000000000000000e+02 3.891510314941406250e+02
2.053710000000000093e+02 6.970000000000000000e+02 3.891495971679687500e+02
2.057079999999999984e+02 4.620000000000000000e+02 3.891518859863281250e+02
2.060440000000000111e+02 4.740000000000000000e+02 3.891503295898437500e+02
2.063799999999999955e+02 2.910000000000000000e+02 3.891605834960937500e+02
2.067170000000000130e+02 3.700000000000000000e+02 3.891564941406250000e+02
2.070529999999999973e+02 3.340000000000000000e+02 3.891577758789062500e+02
