2.857740000000000009e+02 6.970000000000000000e+02 5.311052246093750000e+02
2.861100000000000136e+02 1.081000000000000000e+03 5.310989990234375000e+02
2.864470000000000027e+02 1.384000000000000000e+03 5.311037597656250000e+02
2.867830000000000155e+02 1.304000000000000000e+03 5.311015014648437500e+02
2.871190000000000282e+02 1.133000000000000000e+03 5.311070556640625000e+02
2.874549999999999841e+02 1.039000000000000000e+03 5.311029052734375000e+02
2.877919999999999732e+02 1.251000000000000000e+03 5.311054077148437500e+02
2.881279999999999859e+02 1.292000000000000000e+03 5.311029052734375000e+02
2.884639999999999986e+02 9.950000000000000000e+02 5.311067504882812500e+02
2.888009999999999877e+02 8.510000000000000000e+02 5.311139526367187500e+02
2.891370000000000005e+02 1.205000000000000000e+03 5.311034545898437500e+02
2.894750000000000227e+02 1.131000000000000000e+03 5.311051025390625000e+02
2.898109999999999786e+02 1.372000000000000000e+03 5.311065673828125000e+02
2.901469999999999914e+02 1.134000000000000000e+03 5.311123046875000000e+02
2.904839999999999804e+02 1.533000000000000000e+03 5.311093750000000000e+02
2.908199999999999932e+02 1.271000000000000000e+03 5.311129150390625000e+02
2.911560000000000059e+02 1.617000000000000000e+03 5.311083984375000000e+02
2.914929999999999950e+02 1.292000000000000000e+03 5.311151733398437500e+02
2.918290000000000077e+02 9.710000000000000000e+02 5.311119995117187500e+02
2.921650000000000205e+02 1.090000000000000000e+03 5.311064453125000000e+02
2.925020000000000095e+02 1.015000000000000000e+03 5.311074829101562500e+02
2.928380000000000223e+02 6.910000000000000000e+02 5.311113891601562500e+02
