2.602060000000000173e+02 1.470000000000000000e+02 6.921602172851562500e+02
2.605419999999999732e+02 1.480000000000000000e+02 6.921605834960937500e+02
2.608790000000000191e+02 3.030000000000000000e+02 6.921551513671875000e+02
2.612149999999999750e+02 6.060000000000000000e+02 6.921537475585937500e+02
2.615509999999999877e+02 7.720000000000000000e+02 6.921529541015625000e+02
2.618879999999999768e+02 1.177000000000000000e+03 6.921565551757812500e+02
2.622239999999999895e+02 1.383000000000000000e+03 6.921520385742187500e+02
2.625600000000000023e+02 1.415000000000000000e+03 6.921531372070312500e+02
2.628960000000000150e+02 1.571000000000000000e+03 6.921544799804687500e+02
2.632330000000000041e+02 1.286000000000000000e+03 6.921587524414062500e+02
2.635690000000000168e+02 9.890000000000000000e+02 6.921530761718750000e+02
2.639049999999999727e+02 9.930000000000000000e+02 6.921608276367187500e+02
2.642420000000000186e+02 6.730000000000000000e+02 6.921616821289062500e+02
2.645779999999999745e+02 6.410000000000000000e+02 6.921582031250000000e+02
2.649139999999999873e+02 3.320000000000000000e+02 6.921605224609375000e+02
2.652509999999999764e+02 2.980000000000000000e+02 6.921640625000000000e+02
