3.806360000000000241e+02 1.640000000000000000e+02 3.291289367675781250e+02
3.809719999999999800e+02 3.330000000000000000e+02 3.291219482421875000e+02
3.813090000000000259e+02 3.890000000000000000e+02 3.291185302734375000e+02
3.816449999999999818e+02 6.740000000000000000e+02 3.291138305664062500e+02
3.819809999999999945e+02 7.470000000000000000e+02 3.291208496093750000e+02
3.823179999999999836e+02 8.800000000000000000e+02 3.291153564453125000e+02
3.826539999999999964e+02 1.123000000000000000e+03 3.291178894042968750e+02
3.829900000000000091e+02 1.301000000000000000e+03 3.291119079589843750e+02
3.833260000000000218e+02 1.292000000000000000e+03 3.291136474609375000e+02
3.836630000000000109e+02 1.103000000000000000e+03 3.291152648925781250e+02
3.839990000000000236e+02 9.190000000000000000e+02 3.291213684082031250e+02
3.843349999999999795e+02 1.297000000000000000e+03 3.291129760742187500e+02
3.846720000000000255e+02 6.630000000000000000e+02 3.291147155761718750e+02
3.850079999999999814e+02 6.490000000000000000e+02 3.291263122558593750e+02
3.853439999999999941e+02 6.760000000000000000e+02 3.291148986816406250e+02
3.856809999999999832e+02 3.530000000000000000e+02 3.291302185058593750e+02
3.860169999999999959e+02 3.230000000000000000e+02 3.291242980957031250e+02
