2.114780000000000086e+02 5.100000000000000000e+01 5.480398559570312500e+02
2.118139999999999930e+02 1.520000000000000000e+02 5.480470581054687500e+02
2.121519999999999868e+02 4.000000000000000000e+02 5.480562133789062500e+02
2.124890000000000043e+02 3.420000000000000000e+02 5.480471191406250000e+02
2.128259999999999934e+02 6.020000000000000000e+02 5.480511474609375000e+02
2.131620000000000061e+02 7.210000000000000000e+02 5.480606689453125000e+02
2.134979999999999905e+02 7.950000000000000000e+02 5.480614624023437500e+02
2.138350000000000080e+02 1.255000000000000000e+03 5.480554199218750000e+02
2.141709999999999923e+02 9.200000000000000000e+02 5.480588989257812500e+02
2.145070000000000050e+02 1.066000000000000000e+03 5.480586547851562500e+02
2.148439999999999941e+02 1.183000000000000000e+03 5.480525512695312500e+02
2.151800000000000068e+02 7.610000000000000000e+02 5.480576782226562500e+02
2.155159999999999911e+02 9.870000000000000000e+02 5.480526733398437500e+02
2.158520000000000039e+02 8.160000000000000000e+02 5.480593261718750000e+02
2.161889999999999930e+02 4.850000000000000000e+02 5.480526733398437500e+02
2.165250000000000057e+02 4.130000000000000000e+02 5.480604858398437500e+02
2.168609999999999900e+02 2.930000000000000000e+02 5.480545043945312500e+02
2.171980000000000075e+02 2.520000000000000000e+02 5.480689697265625000e+02
2.175339999999999918e+02 2.140000000000000000e+02 5.480664672851562500e+02
2.178700000000000045e+02 1.010000000000000000e+02 5.480466918945312500e+02
2.182069999999999936e+02 6.100000000000000000e+01 5.480397949218750000e+02
