9.471539999999999964e+02 7.700000000000000000e+01 2.662384643554687500e+02
9.474900000000000091e+02 1.430000000000000000e+02 2.662520446777343750e+02
9.478260000000000218e+02 2.120000000000000000e+02 2.662507629394531250e+02
9.481620000000000346e+02 2.520000000000000000e+02 2.662548828125000000e+02
9.484980000000000473e+02 4.230000000000000000e+02 2.662553405761718750e+02
9.488339999999999463e+02 4.990000000000000000e+02 2.662550048828125000e+02
9.491760000000000446e+02 5.980000000000000000e+02 2.662553405761718750e+02
9.495119999999999436e+02 8.610000000000000000e+02 2.662528991699218750e+02
9.498479999999999563e+02 8.000000000000000000e+02 2.662552185058593750e+02
9.501839999999999691e+02 1.135000000000000000e+03 2.662558593750000000e+02
9.505199999999999818e+02 1.187000000000000000e+03 2.662547912597656250e+02
9.508559999999999945e+02 1.214000000000000000e+03 2.662527465820312500e+02
9.511920000000000073e+02 1.084000000000000000e+03 2.662556152343750000e+02
9.515280000000000200e+02 1.045000000000000000e+03 2.662559204101562500e+02
9.518640000000000327e+02 8.630000000000000000e+02 2.662544250488281250e+02
9.522000000000000455e+02 8.070000000000000000e+02 2.662540588378906250e+02
9.525359999999999445e+02 4.870000000000000000e+02 2.662549743652343750e+02
9.528719999999999573e+02 5.230000000000000000e+02 2.662523193359375000e+02
9.532140000000000555e+02 4.080000000000000000e+02 2.662538757324218750e+02
9.535499999999999545e+02 3.360000000000000000e+02 2.662523803710937500e+02
9.538859999999999673e+02 1.960000000000000000e+02 2.662526245117187500e+02
9.542219999999999800e+02 4.700000000000000000e+01 2.662569580078125000e+02
9.545579999999999927e+02 9.800000000000000000e+01 2.662634582519531250e+02
9.548940000000000055e+02 5.000000000000000000e+01 2.662449340820312500e+02
9.552300000000000182e+02 1.260000000000000000e+02 2.662610168457031250e+02
9.555660000000000309e+02 3.300000000000000000e+01 2.662701721191406250e+02
