1.862500000000000000e+02 6.500000000000000000e+01 2.810804443359375000e+02
1.865860000000000127e+02 2.810000000000000000e+02 2.810873107910156250e+02
1.869230000000000018e+02 3.100000000000000000e+02 2.811020812988281250e+02
1.872589999999999861e+02 6.020000000000000000e+02 2.810919799804687500e+02
1.875949999999999989e+02 7.000000000000000000e+02 2.810971679687500000e+02
1.879319999999999879e+02 1.102000000000000000e+03 2.811001281738281250e+02
1.882680000000000007e+02 1.205000000000000000e+03 2.810989685058593750e+02
1.886040000000000134e+02 9.410000000000000000e+02 2.810964050292968750e+02
1.889410000000000025e+02 8.840000000000000000e+02 2.811004028320312500e+02
1.892769999999999868e+02 7.130000000000000000e+02 2.811021423339843750e+02
1.896129999999999995e+02 3.470000000000000000e+02 2.811050720214843750e+02
1.899490000000000123e+02 3.750000000000000000e+02 2.811037292480468750e+02
1.902860000000000014e+02 3.630000000000000000e+02 2.811095886230468750e+02
1.906220000000000141e+02 2.990000000000000000e+02 2.811040649414062500e+02
1.909579999999999984e+02 2.290000000000000000e+02 2.811070251464843750e+02
1.912949999999999875e+02 1.330000000000000000e+02 2.810946960449218750e+02
1.916310000000000002e+02 1.890000000000000000e+02 2.811044921875000000e+02
1.919670000000000130e+02 1.100000000000000000e+02 2.811027832031250000e+02
