7.204260000000000446e+02 4.400000000000000000e+01 2.991651611328125000e+02
7.207619999999999436e+02 5.900000000000000000e+01 2.991439208984375000e+02
7.210979999999999563e+02 2.220000000000000000e+02 2.991591796875000000e+02
7.214339999999999691e+02 2.060000000000000000e+02 2.991536560058593750e+02
7.217759999999999536e+02 1.890000000000000000e+02 2.991649169921875000e+02
7.221119999999999663e+02 4.460000000000000000e+02 2.991602783203125000e+02
7.224479999999999791e+02 5.750000000000000000e+02 2.991591796875000000e+02
7.227839999999999918e+02 6.750000000000000000e+02 2.991619873046875000e+02
7.231200000000000045e+02 7.470000000000000000e+02 2.991638488769531250e+02
7.234560000000000173e+02 7.470000000000000000e+02 2.991587524414062500e+02
7.237920000000000300e+02 1.079000000000000000e+03 2.991594848632812500e+02
7.241280000000000427e+02 8.930000000000000000e+02 2.991619262695312500e+02
7.244640000000000555e+02 1.030000000000000000e+03 2.991575622558593750e+02
7.247999999999999545e+02 1.189000000000000000e+03 2.991562500000000000e+02
7.251359999999999673e+02 8.610000000000000000e+02 2.991564941406250000e+02
7.254719999999999800e+02 9.580000000000000000e+02 2.991616210937500000e+02
7.258079999999999927e+02 8.660000000000000000e+02 2.991578063964843750e+02
7.261440000000000055e+02 8.110000000000000000e+02 2.991584472656250000e+02
7.264800000000000182e+02 5.430000000000000000e+02 2.991571350097656250e+02
7.268160000000000309e+02 4.660000000000000000e+02 2.991640014648437500e+02
7.271580000000000155e+02 3.930000000000000000e+02 2.991646728515625000e+02
7.274940000000000282e+02 3.190000000000000000e+02 2.991582641601562500e+02
7.278300000000000409e+02 1.220000000000000000e+02 2.991697387695312500e+02
7.281660000000000537e+02 1.830000000000000000e+02 2.991616821289062500e+02
7.285019999999999527e+02 2.170000000000000000e+02 2.991570434570312500e+02
7.288379999999999654e+02 3.120000000000000000e+02 2.991569824218750000e+02
7.291739999999999782e+02 2.040000000000000000e+02 2.991638488769531250e+02
7.295099999999999909e+02 1.360000000000000000e+02 2.991621704101562500e+02
7.298460000000000036e+02 2.150000000000000000e+02 2.991620178222656250e+02
7.301820000000000164e+02 1.550000000000000000e+02 2.991593933105468750e+02
7.305180000000000291e+02 1.510000000000000000e+02 2.991650085449218750e+02
7.308540000000000418e+02 1.130000000000000000e+02 2.991491699218750000e+02
7.311900000000000546e+02 1.060000000000000000e+02 2.991512451171875000e+02
7.315259999999999536e+02 9.100000000000000000e+01 2.991697082519531250e+02
7.318619999999999663e+02 1.780000000000000000e+02 2.991594543457031250e+02
7.322039999999999509e+02 8.000000000000000000e+01 2.991738586425781250e+02
7.325399999999999636e+02 9.300000000000000000e+01 2.991569519042968750e+02
7.328759999999999764e+02 1.320000000000000000e+02 2.991620788574218750e+02
