2.310800000000000054e+01 2.700000000000000000e+01 1.989348144531250000e+02
2.344399999999999906e+01 5.800000000000000000e+01 1.989388427734375000e+02
2.378099999999999881e+01 1.350000000000000000e+02 1.989357147216796875e+02
2.411700000000000088e+01 2.050000000000000000e+02 1.989458923339843750e+02
2.445299999999999940e+01 3.140000000000000000e+02 1.989434661865234375e+02
2.478999999999999915e+01 5.930000000000000000e+02 1.989409332275390625e+02
2.512600000000000122e+01 6.400000000000000000e+02 1.989401397705078125e+02
2.546199999999999974e+01 1.020000000000000000e+03 1.989378509521484375e+02
2.579799999999999827e+01 1.117000000000000000e+03 1.989391937255859375e+02
2.613500000000000156e+01 1.076000000000000000e+03 1.989401245117187500e+02
2.647100000000000009e+01 8.790000000000000000e+02 1.989388580322265625e+02
2.680699999999999861e+01 7.600000000000000000e+02 1.989394226074218750e+02
2.714399999999999835e+01 3.200000000000000000e+02 1.989395446777343750e+02
2.748000000000000043e+01 1.680000000000000000e+02 1.989454956054687500e+02
2.781599999999999895e+01 8.400000000000000000e+01 1.989453887939453125e+02
2.815299999999999869e+01 5.500000000000000000e+01 1.989364166259765625e+02
