6.578640000000000327e+02 6.800000000000000000e+01 4.122080688476562500e+02
6.582000000000000455e+02 5.900000000000000000e+01 4.121989440917968750e+02
6.585359999999999445e+02 2.490000000000000000e+02 4.122094116210937500e+02
6.588719999999999573e+02 5.160000000000000000e+02 4.122048339843750000e+02
6.592079999999999700e+02 5.450000000000000000e+02 4.122032165527343750e+02
6.595439999999999827e+02 7.540000000000000000e+02 4.122131652832031250e+02
6.598799999999999955e+02 6.490000000000000000e+02 4.122062377929687500e+02
6.602160000000000082e+02 9.870000000000000000e+02 4.122122497558593750e+02
6.605520000000000209e+02 8.430000000000000000e+02 4.122138671875000000e+02
6.608880000000000337e+02 9.510000000000000000e+02 4.122111816406250000e+02
6.612240000000000464e+02 1.053000000000000000e+03 4.122124328613281250e+02
6.615599999999999454e+02 6.910000000000000000e+02 4.122103271484375000e+02
6.618959999999999582e+02 8.530000000000000000e+02 4.122039794921875000e+02
6.622380000000000564e+02 9.080000000000000000e+02 4.122086181640625000e+02
6.625739999999999554e+02 5.150000000000000000e+02 4.122089538574218750e+02
6.629099999999999682e+02 4.310000000000000000e+02 4.122096557617187500e+02
6.632459999999999809e+02 3.930000000000000000e+02 4.122045898437500000e+02
6.635819999999999936e+02 4.610000000000000000e+02 4.122121276855468750e+02
6.639180000000000064e+02 1.760000000000000000e+02 4.122141418457031250e+02
6.642540000000000191e+02 2.060000000000000000e+02 4.122081604003906250e+02
6.645900000000000318e+02 2.140000000000000000e+02 4.122054443359375000e+02
6.649260000000000446e+02 1.530000000000000000e+02 4.122096252441406250e+02
6.652619999999999436e+02 9.700000000000000000e+01 4.122088012695312500e+02
6.655979999999999563e+02 1.330000000000000000e+02 4.122054748535156250e+02
