2.208969999999999914e+02 3.972000000000000000e+03 2.360659942626953125e+02
2.212330000000000041e+02 3.603000000000000000e+03 2.360671691894531250e+02
2.215699999999999932e+02 4.270000000000000000e+03 2.360673370361328125e+02
2.219060000000000059e+02 3.943000000000000000e+03 2.360670928955078125e+02
2.222419999999999902e+02 3.756000000000000000e+03 2.360663757324218750e+02
2.225800000000000125e+02 3.879000000000000000e+03 2.360664062500000000e+02
2.229159999999999968e+02 3.780000000000000000e+03 2.360673217773437500e+02
2.232529999999999859e+02 3.402000000000000000e+03 2.360676269531250000e+02
2.235889999999999986e+02 3.760000000000000000e+03 2.360677642822265625e+02
2.239250000000000114e+02 3.553000000000000000e+03 2.360661163330078125e+02
2.242609999999999957e+02 3.184000000000000000e+03 2.360677947998046875e+02
2.245980000000000132e+02 3.500000000000000000e+03 2.360675201416015625e+02
2.249339999999999975e+02 3.419000000000000000e+03 2.360662384033203125e+02
2.252700000000000102e+02 3.414000000000000000e+03 2.360683135986328125e+02
2.256069999999999993e+02 3.315000000000000000e+03 2.360671386718750000e+02
2.259430000000000121e+02 3.058000000000000000e+03 2.360671386718750000e+02
2.262789999999999964e+02 2.873000000000000000e+03 2.360669708251953125e+02
2.266160000000000139e+02 2.604000000000000000e+03 2.360684661865234375e+02
2.269519999999999982e+02 2.814000000000000000e+03 2.360661468505859375e+02
2.272889999999999873e+02 2.952000000000000000e+03 2.360668792724609375e+02
2.276250000000000000e+02 2.658000000000000000e+03 2.360683441162109375e+02
2.279610000000000127e+02 2.204000000000000000e+03 2.360671386718750000e+02
2.282980000000000018e+02 2.179000000000000000e+03 2.360679016113281250e+02
2.286339999999999861e+02 2.362000000000000000e+03 2.360710906982421875e+02
2.289699999999999989e+02 2.617000000000000000e+03 2.360664520263671875e+02
2.293069999999999879e+02 2.265000000000000000e+03 2.360690002441406250e+02
2.296430000000000007e+02 2.007000000000000000e+03 2.360678253173828125e+02
2.299790000000000134e+02 2.135000000000000000e+03 2.360675659179687500e+02
2.303149999999999977e+02 2.368000000000000000e+03 2.360693511962890625e+02
2.306519999999999868e+02 2.154000000000000000e+03 2.360699920654296875e+02
2.309879999999999995e+02 1.545000000000000000e+03 2.360692596435546875e+02
2.313240000000000123e+02 1.241000000000000000e+03 2.360680084228515625e+02
2.316610000000000014e+02 1.731000000000000000e+03 2.360662078857421875e+02
2.319970000000000141e+02 1.181000000000000000e+03 2.360678863525390625e+02
2.323329999999999984e+02 7.870000000000000000e+02 2.360696411132812500e+02
2.326709999999999923e+02 7.990000000000000000e+02 2.360685882568359375e+02
2.330070000000000050e+02 8.750000000000000000e+02 2.360667572021484375e+02
2.333439999999999941e+02 8.060000000000000000e+02 2.360688171386718750e+02
2.336800000000000068e+02 6.190000000000000000e+02 2.360660095214843750e+02
2.340159999999999911e+02 8.520000000000000000e+02 2.360696563720703125e+02
2.343530000000000086e+02 8.930000000000000000e+02 2.360655822753906250e+02
2.346889999999999930e+02 8.970000000000000000e+02 2.360647583007812500e+02
2.350250000000000057e+02 8.210000000000000000e+02 2.360687255859375000e+02
2.353619999999999948e+02 8.360000000000000000e+02 2.360656890869140625e+02
2.356980000000000075e+02 9.930000000000000000e+02 2.360676727294921875e+02
2.360339999999999918e+02 7.420000000000000000e+02 2.360684661865234375e+02
2.363710000000000093e+02 6.840000000000000000e+02 2.360694580078125000e+02
2.367069999999999936e+02 6.880000000000000000e+02 2.360703887939453125e+02
2.370430000000000064e+02 6.440000000000000000e+02 2.360666351318359375e+02
2.373799999999999955e+02 4.750000000000000000e+02 2.360717620849609375e+02
2.377160000000000082e+02 4.650000000000000000e+02 2.360688476562500000e+02
2.380519999999999925e+02 3.100000000000000000e+02 2.360638580322265625e+02
2.383890000000000100e+02 1.830000000000000000e+02 2.360760650634765625e+02
2.387249999999999943e+02 2.020000000000000000e+02 2.360711059570312500e+02
2.390610000000000070e+02 2.030000000000000000e+02 2.360691680908203125e+02
2.393969999999999914e+02 1.800000000000000000e+02 2.360823822021484375e+02
2.397340000000000089e+02 1.930000000000000000e+02 2.360687408447265625e+02
2.400699999999999932e+02 1.520000000000000000e+02 2.360689697265625000e+02
2.404060000000000059e+02 1.670000000000000000e+02 2.360781860351562500e+02
2.407429999999999950e+02 1.460000000000000000e+02 2.360847930908203125e+02
2.410790000000000077e+02 2.940000000000000000e+02 2.360657196044921875e+02
2.414149999999999920e+02 1.560000000000000000e+02 2.360744018554687500e+02
2.417520000000000095e+02 1.370000000000000000e+02 2.360638122558593750e+02
2.420879999999999939e+02 1.220000000000000000e+02 2.360746307373046875e+02
