6.891480000000000246e+02 2.080000000000000000e+02 3.392819213867187500e+02
6.894840000000000373e+02 1.440000000000000000e+02 3.392760620117187500e+02
6.898200000000000500e+02 1.390000000000000000e+02 3.392725219726562500e+02
6.901559999999999491e+02 2.580000000000000000e+02 3.392828674316406250e+02
6.904919999999999618e+02 3.070000000000000000e+02 3.392886657714843750e+02
6.908279999999999745e+02 3.520000000000000000e+02 3.392877197265625000e+02
6.911639999999999873e+02 5.950000000000000000e+02 3.392810668945312500e+02
6.915000000000000000e+02 8.370000000000000000e+02 3.392853088378906250e+02
6.918360000000000127e+02 6.910000000000000000e+02 3.392872314453125000e+02
6.921720000000000255e+02 9.170000000000000000e+02 3.392842407226562500e+02
6.925080000000000382e+02 5.860000000000000000e+02 3.392883605957031250e+02
6.928440000000000509e+02 9.850000000000000000e+02 3.392863769531250000e+02
6.931799999999999500e+02 7.290000000000000000e+02 3.392869567871093750e+02
6.935159999999999627e+02 4.670000000000000000e+02 3.392826538085937500e+02
6.938519999999999754e+02 5.530000000000000000e+02 3.392847595214843750e+02
6.941879999999999882e+02 4.090000000000000000e+02 3.392948608398437500e+02
6.945240000000000009e+02 4.710000000000000000e+02 3.392870788574218750e+02
6.948659999999999854e+02 4.690000000000000000e+02 3.392788085937500000e+02
6.952019999999999982e+02 4.870000000000000000e+02 3.392815551757812500e+02
6.955380000000000109e+02 3.500000000000000000e+02 3.392786865234375000e+02
6.958740000000000236e+02 2.850000000000000000e+02 3.392808532714843750e+02
6.962100000000000364e+02 4.420000000000000000e+02 3.392801818847656250e+02
6.965460000000000491e+02 2.300000000000000000e+02 3.392790527343750000e+02
6.968819999999999482e+02 2.590000000000000000e+02 3.392732849121093750e+02
6.972179999999999609e+02 2.470000000000000000e+02 3.392713623046875000e+02
6.975539999999999736e+02 1.120000000000000000e+02 3.392958374023437500e+02
