3.958899999999999864e+01 2.013000000000000000e+03 5.271585083007812500e+02
3.992600000000000193e+01 2.059000000000000000e+03 5.271561889648437500e+02
4.026200000000000045e+01 1.806000000000000000e+03 5.271519165039062500e+02
4.059799999999999898e+01 1.791000000000000000e+03 5.271541137695312500e+02
4.093599999999999994e+01 1.789000000000000000e+03 5.271539306640625000e+02
4.127199999999999847e+01 1.698000000000000000e+03 5.271522827148437500e+02
4.160900000000000176e+01 1.805000000000000000e+03 5.271544189453125000e+02
4.194500000000000028e+01 1.238000000000000000e+03 5.271544189453125000e+02
4.228099999999999881e+01 1.575000000000000000e+03 5.271561279296875000e+02
4.261800000000000210e+01 1.162000000000000000e+03 5.271563110351562500e+02
4.295400000000000063e+01 7.650000000000000000e+02 5.271504516601562500e+02
4.328999999999999915e+01 4.210000000000000000e+02 5.271553344726562500e+02
4.362599999999999767e+01 4.980000000000000000e+02 5.271537475585937500e+02
4.396300000000000097e+01 5.320000000000000000e+02 5.271497802734375000e+02
4.429899999999999949e+01 4.950000000000000000e+02 5.271565551757812500e+02
4.463499999999999801e+01 5.540000000000000000e+02 5.271582031250000000e+02
4.497200000000000131e+01 6.120000000000000000e+02 5.271573486328125000e+02
4.530799999999999983e+01 5.570000000000000000e+02 5.271599731445312500e+02
4.564399999999999835e+01 6.590000000000000000e+02 5.271507568359375000e+02
4.598100000000000165e+01 5.880000000000000000e+02 5.271522827148437500e+02
4.631700000000000017e+01 5.410000000000000000e+02 5.271547241210937500e+02
4.665299999999999869e+01 5.280000000000000000e+02 5.271597290039062500e+02
4.698899999999999721e+01 6.600000000000000000e+02 5.271558227539062500e+02
4.732600000000000051e+01 7.080000000000000000e+02 5.271543579101562500e+02
4.766199999999999903e+01 7.360000000000000000e+02 5.271542968750000000e+02
4.799799999999999756e+01 8.060000000000000000e+02 5.271524658203125000e+02
4.833500000000000085e+01 7.510000000000000000e+02 5.271502685546875000e+02
4.867099999999999937e+01 6.070000000000000000e+02 5.271503295898437500e+02
4.900699999999999790e+01 6.800000000000000000e+02 5.271522827148437500e+02
4.934400000000000119e+01 6.270000000000000000e+02 5.271571655273437500e+02
4.967999999999999972e+01 7.480000000000000000e+02 5.271525878906250000e+02
5.001599999999999824e+01 5.690000000000000000e+02 5.271567993164062500e+02
5.035199999999999676e+01 6.240000000000000000e+02 5.271568603515625000e+02
5.068900000000000006e+01 7.410000000000000000e+02 5.271635742187500000e+02
5.102700000000000102e+01 6.270000000000000000e+02 5.271543579101562500e+02
5.136299999999999955e+01 6.490000000000000000e+02 5.271612548828125000e+02
5.170000000000000284e+01 6.820000000000000000e+02 5.271513061523437500e+02
5.203600000000000136e+01 5.430000000000000000e+02 5.271526489257812500e+02
5.237199999999999989e+01 8.470000000000000000e+02 5.271533203125000000e+02
5.270799999999999841e+01 6.120000000000000000e+02 5.271546630859375000e+02
5.304500000000000171e+01 7.260000000000000000e+02 5.271545410156250000e+02
5.338100000000000023e+01 7.000000000000000000e+02 5.271543579101562500e+02
5.371800000000000352e+01 3.840000000000000000e+02 5.271597900390625000e+02
5.405400000000000205e+01 5.630000000000000000e+02 5.271559448242187500e+02
5.439099999999999824e+01 8.620000000000000000e+02 5.271586303710937500e+02
5.472699999999999676e+01 7.440000000000000000e+02 5.271549072265625000e+02
5.506300000000000239e+01 4.940000000000000000e+02 5.271565551757812500e+02
5.539999999999999858e+01 6.880000000000000000e+02 5.271585083007812500e+02
5.573599999999999710e+01 7.390000000000000000e+02 5.271516113281250000e+02
5.607200000000000273e+01 5.800000000000000000e+02 5.271568603515625000e+02
5.640899999999999892e+01 5.310000000000000000e+02 5.271539306640625000e+02
5.674499999999999744e+01 6.320000000000000000e+02 5.271572265625000000e+02
5.708100000000000307e+01 5.640000000000000000e+02 5.271560668945312500e+02
5.741700000000000159e+01 6.880000000000000000e+02 5.271561889648437500e+02
5.775399999999999778e+01 5.220000000000000000e+02 5.271604003906250000e+02
5.809000000000000341e+01 5.010000000000000000e+02 5.271561889648437500e+02
5.842600000000000193e+01 6.220000000000000000e+02 5.271572875976562500e+02
5.876299999999999812e+01 6.120000000000000000e+02 5.271538085937500000e+02
5.909899999999999665e+01 7.640000000000000000e+02 5.271524658203125000e+02
5.943500000000000227e+01 5.900000000000000000e+02 5.271470947265625000e+02
5.977199999999999847e+01 5.580000000000000000e+02 5.271527709960937500e+02
6.010799999999999699e+01 5.850000000000000000e+02 5.271554565429687500e+02
6.044400000000000261e+01 3.480000000000000000e+02 5.271521606445312500e+02
6.078119999999999834e+01 6.920000000000000000e+02 5.271557617187500000e+02
6.111780000000000257e+01 5.310000000000000000e+02 5.271561889648437500e+02
6.145499999999999829e+01 6.870000000000000000e+02 5.271563110351562500e+02
6.179099999999999682e+01 4.360000000000000000e+02 5.271530761718750000e+02
6.212700000000000244e+01 6.300000000000000000e+02 5.271577148437500000e+02
6.246419999999999817e+01 6.170000000000000000e+02 5.271578369140625000e+02
6.280019999999999669e+01 5.860000000000000000e+02 5.271553955078125000e+02
6.313620000000000232e+01 5.620000000000000000e+02 5.271561889648437500e+02
6.347220000000000084e+01 5.640000000000000000e+02 5.271602172851562500e+02
6.380879999999999797e+01 4.280000000000000000e+02 5.271581420898437500e+02
6.414480000000000359e+01 4.270000000000000000e+02 5.271505737304687500e+02
6.448080000000000211e+01 6.600000000000000000e+02 5.271609497070312500e+02
6.481799999999999784e+01 5.570000000000000000e+02 5.271546630859375000e+02
6.515399999999999636e+01 4.340000000000000000e+02 5.271580200195312500e+02
6.548999999999999488e+01 5.130000000000000000e+02 5.271564941406250000e+02
6.582720000000000482e+01 6.040000000000000000e+02 5.271597290039062500e+02
6.616320000000000334e+01 4.440000000000000000e+02 5.271602783203125000e+02
6.649920000000000186e+01 4.960000000000000000e+02 5.271576538085937500e+02
6.683520000000000039e+01 4.540000000000000000e+02 5.271502685546875000e+02
6.717180000000000462e+01 5.570000000000000000e+02 5.271593627929687500e+02
6.750780000000000314e+01 5.960000000000000000e+02 5.271583862304687500e+02
6.784380000000000166e+01 5.080000000000000000e+02 5.271538085937500000e+02
6.818099999999999739e+01 6.010000000000000000e+02 5.271541748046875000e+02
6.851699999999999591e+01 4.880000000000000000e+02 5.271610717773437500e+02
6.885299999999999443e+01 4.750000000000000000e+02 5.271602783203125000e+02
