9.367259999999999991e+02 8.600000000000000000e+01 3.622946777343750000e+02
9.370620000000000118e+02 1.620000000000000000e+02 3.623103942871093750e+02
9.373980000000000246e+02 4.200000000000000000e+02 3.622983703613281250e+02
9.377340000000000373e+02 6.070000000000000000e+02 3.623008728027343750e+02
9.380700000000000500e+02 6.870000000000000000e+02 3.622969055175781250e+02
9.384120000000000346e+02 4.450000000000000000e+02 3.623034057617187500e+02
9.387480000000000473e+02 8.120000000000000000e+02 3.622998046875000000e+02
9.390839999999999463e+02 8.240000000000000000e+02 3.623026733398437500e+02
9.394199999999999591e+02 7.350000000000000000e+02 3.623014526367187500e+02
9.397559999999999718e+02 8.550000000000000000e+02 3.623064270019531250e+02
9.400919999999999845e+02 7.080000000000000000e+02 3.623015747070312500e+02
9.404279999999999973e+02 7.260000000000000000e+02 3.623007812500000000e+02
9.407640000000000100e+02 5.690000000000000000e+02 3.622990417480468750e+02
9.411000000000000227e+02 5.600000000000000000e+02 3.623014221191406250e+02
9.414360000000000355e+02 5.170000000000000000e+02 3.623035888671875000e+02
9.417720000000000482e+02 3.150000000000000000e+02 3.623020324707031250e+02
9.421079999999999472e+02 2.830000000000000000e+02 3.623018188476562500e+02
9.424439999999999600e+02 2.150000000000000000e+02 3.622946472167968750e+02
9.427799999999999727e+02 1.840000000000000000e+02 3.622990722656250000e+02
9.431219999999999573e+02 1.570000000000000000e+02 3.623070068359375000e+02
9.434579999999999700e+02 1.130000000000000000e+02 3.623020324707031250e+02
