2.801000000000000227e+02 4.370000000000000000e+02 6.420871582031250000e+02
2.804359999999999786e+02 4.790000000000000000e+02 6.420908813476562500e+02
2.807719999999999914e+02 5.630000000000000000e+02 6.420953369140625000e+02
2.811089999999999804e+02 6.350000000000000000e+02 6.420837402343750000e+02
2.814449999999999932e+02 7.290000000000000000e+02 6.420863647460937500e+02
2.817810000000000059e+02 6.960000000000000000e+02 6.420900268554687500e+02
2.821179999999999950e+02 8.520000000000000000e+02 6.420893554687500000e+02
2.824540000000000077e+02 6.470000000000000000e+02 6.420881958007812500e+02
2.827900000000000205e+02 5.780000000000000000e+02 6.420877685546875000e+02
2.831279999999999859e+02 5.040000000000000000e+02 6.420830688476562500e+02
2.834639999999999986e+02 3.840000000000000000e+02 6.420851440429687500e+02
2.838009999999999877e+02 2.690000000000000000e+02 6.420874023437500000e+02
2.841370000000000005e+02 2.660000000000000000e+02 6.421013793945312500e+02
2.844730000000000132e+02 1.290000000000000000e+02 6.420979003906250000e+02
2.848090000000000259e+02 1.090000000000000000e+02 6.420823364257812500e+02
2.851460000000000150e+02 1.030000000000000000e+02 6.420891723632812500e+02
