2.219060000000000059e+02 8.800000000000000000e+01 4.250860595703125000e+02
2.222419999999999902e+02 1.800000000000000000e+02 4.250838623046875000e+02
2.225800000000000125e+02 3.440000000000000000e+02 4.250857238769531250e+02
2.229159999999999968e+02 5.560000000000000000e+02 4.250814514160156250e+02
2.232529999999999859e+02 5.610000000000000000e+02 4.250741882324218750e+02
2.235889999999999986e+02 6.710000000000000000e+02 4.250799865722656250e+02
2.239250000000000114e+02 4.840000000000000000e+02 4.250871887207031250e+02
2.242609999999999957e+02 7.880000000000000000e+02 4.250799255371093750e+02
2.245980000000000132e+02 6.950000000000000000e+02 4.250735778808593750e+02
2.249339999999999975e+02 6.050000000000000000e+02 4.250783996582031250e+02
2.252700000000000102e+02 5.970000000000000000e+02 4.250795288085937500e+02
2.256069999999999993e+02 2.660000000000000000e+02 4.250950927734375000e+02
2.259430000000000121e+02 4.070000000000000000e+02 4.250813293457031250e+02
2.262789999999999964e+02 2.660000000000000000e+02 4.250799865722656250e+02
2.266160000000000139e+02 1.940000000000000000e+02 4.250841979980468750e+02
2.269519999999999982e+02 1.870000000000000000e+02 4.250738525390625000e+02
2.272889999999999873e+02 1.440000000000000000e+02 4.250886535644531250e+02
2.276250000000000000e+02 1.530000000000000000e+02 4.250867004394531250e+02
