5.431559999999999491e+02 9.931900000000000000e+04 2.850738830566406250e+02
5.434930000000000518e+02 8.265400000000000000e+04 2.850741271972656250e+02
5.438289999999999509e+02 6.368500000000000000e+04 2.850742797851562500e+02
5.441649999999999636e+02 4.829000000000000000e+04 2.850745239257812500e+02
5.445019999999999527e+02 3.831100000000000000e+04 2.850739135742187500e+02
5.448379999999999654e+02 2.700400000000000000e+04 2.850747375488281250e+02
5.451739999999999782e+02 1.854500000000000000e+04 2.850738830566406250e+02
5.455119999999999436e+02 1.389900000000000000e+04 2.850750732421875000e+02
5.458479999999999563e+02 1.001300000000000000e+04 2.850739440917968750e+02
5.461849999999999454e+02 7.951000000000000000e+03 2.850744018554687500e+02
5.465209999999999582e+02 4.895000000000000000e+03 2.850741577148437500e+02
5.468569999999999709e+02 4.612000000000000000e+03 2.850739746093750000e+02
5.471939999999999600e+02 3.846000000000000000e+03 2.850748596191406250e+02
5.475299999999999727e+02 3.125000000000000000e+03 2.850764160156250000e+02
5.478659999999999854e+02 2.491000000000000000e+03 2.850736083984375000e+02
5.482019999999999982e+02 2.331000000000000000e+03 2.850746459960937500e+02
5.485389999999999873e+02 2.070000000000000000e+03 2.850734863281250000e+02
5.488750000000000000e+02 1.938000000000000000e+03 2.850754394531250000e+02
5.492110000000000127e+02 1.542000000000000000e+03 2.850725708007812500e+02
5.495480000000000018e+02 1.647000000000000000e+03 2.850730895996093750e+02
5.498840000000000146e+02 1.225000000000000000e+03 2.850743103027343750e+02
5.502200000000000273e+02 1.480000000000000000e+03 2.850731811523437500e+02
5.505570000000000164e+02 1.240000000000000000e+03 2.850738525390625000e+02
5.508930000000000291e+02 1.161000000000000000e+03 2.850735473632812500e+02
5.512290000000000418e+02 1.018000000000000000e+03 2.850739440917968750e+02
5.515650000000000546e+02 1.052000000000000000e+03 2.850722656250000000e+02
5.519020000000000437e+02 1.113000000000000000e+03 2.850739746093750000e+02
5.522380000000000564e+02 9.650000000000000000e+02 2.850757446289062500e+02
5.525739999999999554e+02 9.810000000000000000e+02 2.850755310058593750e+02
5.529109999999999445e+02 9.260000000000000000e+02 2.850748291015625000e+02
5.532469999999999573e+02 8.460000000000000000e+02 2.850733032226562500e+02
5.535829999999999700e+02 6.660000000000000000e+02 2.850729675292968750e+02
5.539199999999999591e+02 8.350000000000000000e+02 2.850762329101562500e+02
5.542559999999999718e+02 8.210000000000000000e+02 2.850763244628906250e+02
5.545919999999999845e+02 6.060000000000000000e+02 2.850790405273437500e+02
5.549279999999999973e+02 6.260000000000000000e+02 2.850803222656250000e+02
5.552649999999999864e+02 6.890000000000000000e+02 2.850753784179687500e+02
5.556029999999999518e+02 4.880000000000000000e+02 2.850787353515625000e+02
5.559389999999999645e+02 5.240000000000000000e+02 2.850801696777343750e+02
5.562749999999999773e+02 5.480000000000000000e+02 2.850731506347656250e+02
5.566119999999999663e+02 5.950000000000000000e+02 2.850746459960937500e+02
5.569479999999999791e+02 3.740000000000000000e+02 2.850712585449218750e+02
5.572849999999999682e+02 4.940000000000000000e+02 2.850741271972656250e+02
5.576209999999999809e+02 5.650000000000000000e+02 2.850723876953125000e+02
5.579569999999999936e+02 6.380000000000000000e+02 2.850744018554687500e+02
5.582939999999999827e+02 5.680000000000000000e+02 2.850777282714843750e+02
5.586299999999999955e+02 5.070000000000000000e+02 2.850795288085937500e+02
5.589660000000000082e+02 3.410000000000000000e+02 2.850759277343750000e+02
5.593029999999999973e+02 4.870000000000000000e+02 2.850776672363281250e+02
5.596390000000000100e+02 2.680000000000000000e+02 2.850705566406250000e+02
5.599750000000000227e+02 2.680000000000000000e+02 2.850768737792968750e+02
5.603110000000000355e+02 4.240000000000000000e+02 2.850737304687500000e+02
5.606480000000000246e+02 5.390000000000000000e+02 2.850721130371093750e+02
5.609840000000000373e+02 4.410000000000000000e+02 2.850736389160156250e+02
5.613200000000000500e+02 3.950000000000000000e+02 2.850779724121093750e+02
5.616570000000000391e+02 2.250000000000000000e+02 2.850735168457031250e+02
5.619930000000000518e+02 3.260000000000000000e+02 2.850829162597656250e+02
5.623289999999999509e+02 3.920000000000000000e+02 2.850728759765625000e+02
5.626660000000000537e+02 3.080000000000000000e+02 2.850708618164062500e+02
5.630019999999999527e+02 2.650000000000000000e+02 2.850747985839843750e+02
5.633379999999999654e+02 3.810000000000000000e+02 2.850727233886718750e+02
5.636739999999999782e+02 2.810000000000000000e+02 2.850779418945312500e+02
5.640109999999999673e+02 3.360000000000000000e+02 2.850766906738281250e+02
5.643469999999999800e+02 2.660000000000000000e+02 2.850746765136718750e+02
5.646839999999999691e+02 1.900000000000000000e+02 2.850773315429687500e+02
5.650199999999999818e+02 1.880000000000000000e+02 2.850797424316406250e+02
5.653569999999999709e+02 1.870000000000000000e+02 2.850770263671875000e+02
5.656939999999999600e+02 2.690000000000000000e+02 2.850762634277343750e+02
5.660309999999999491e+02 3.370000000000000000e+02 2.850764465332031250e+02
5.663669999999999618e+02 1.580000000000000000e+02 2.850690917968750000e+02
5.667029999999999745e+02 1.280000000000000000e+02 2.850773315429687500e+02
5.670399999999999636e+02 1.520000000000000000e+02 2.850749206542968750e+02
5.673759999999999764e+02 1.730000000000000000e+02 2.850783081054687500e+02
5.677119999999999891e+02 3.170000000000000000e+02 2.850744934082031250e+02
