2.010500000000000114e+02 8.300000000000000000e+01 4.122393493652343750e+02
2.013859999999999957e+02 2.440000000000000000e+02 4.122399597167968750e+02
2.017230000000000132e+02 3.270000000000000000e+02 4.122399902343750000e+02
2.020589999999999975e+02 4.860000000000000000e+02 4.122485351562500000e+02
2.023969999999999914e+02 3.880000000000000000e+02 4.122434387207031250e+02
2.027330000000000041e+02 6.230000000000000000e+02 4.122388305664062500e+02
2.030699999999999932e+02 4.960000000000000000e+02 4.122453918457031250e+02
2.034060000000000059e+02 4.720000000000000000e+02 4.122369689941406250e+02
2.037419999999999902e+02 3.660000000000000000e+02 4.122409667968750000e+02
2.040780000000000030e+02 3.990000000000000000e+02 4.122394104003906250e+02
2.044149999999999920e+02 3.420000000000000000e+02 4.122391052246093750e+02
2.047510000000000048e+02 2.680000000000000000e+02 4.122289733886718750e+02
2.050869999999999891e+02 8.400000000000000000e+01 4.122381286621093750e+02
