1.479010000000000105e+02 3.500000000000000000e+01 2.796235351562500000e+02
1.482379999999999995e+02 2.400000000000000000e+01 2.796055603027343750e+02
1.485749999999999886e+02 6.700000000000000000e+01 2.796195678710937500e+02
1.489110000000000014e+02 3.500000000000000000e+01 2.796147155761718750e+02
1.492470000000000141e+02 2.400000000000000000e+01 2.796217651367187500e+02
1.495840000000000032e+02 6.900000000000000000e+01 2.796285705566406250e+02
1.499199999999999875e+02 9.800000000000000000e+01 2.796235656738281250e+02
1.502560000000000002e+02 2.430000000000000000e+02 2.796145324707031250e+02
1.505920000000000130e+02 3.070000000000000000e+02 2.796141967773437500e+02
1.509290000000000020e+02 3.690000000000000000e+02 2.796153869628906250e+02
1.512649999999999864e+02 3.240000000000000000e+02 2.796148681640625000e+02
1.516009999999999991e+02 2.220000000000000000e+02 2.796220092773437500e+02
1.519389999999999930e+02 3.010000000000000000e+02 2.796220703125000000e+02
1.522750000000000057e+02 5.520000000000000000e+02 2.796165161132812500e+02
1.526119999999999948e+02 3.890000000000000000e+02 2.796199645996093750e+02
1.529480000000000075e+02 3.910000000000000000e+02 2.796164855957031250e+02
1.532839999999999918e+02 4.060000000000000000e+02 2.796138916015625000e+02
1.536210000000000093e+02 6.020000000000000000e+02 2.796184082031250000e+02
1.539569999999999936e+02 4.090000000000000000e+02 2.796127014160156250e+02
1.542930000000000064e+02 5.990000000000000000e+02 2.796187438964843750e+02
1.546299999999999955e+02 4.510000000000000000e+02 2.796146545410156250e+02
1.549660000000000082e+02 2.920000000000000000e+02 2.796114196777343750e+02
1.553019999999999925e+02 2.870000000000000000e+02 2.796129150390625000e+02
1.556380000000000052e+02 3.860000000000000000e+02 2.796169738769531250e+02
1.559749999999999943e+02 2.620000000000000000e+02 2.796218872070312500e+02
1.563110000000000070e+02 1.150000000000000000e+02 2.796217041015625000e+02
1.566469999999999914e+02 2.470000000000000000e+02 2.796158752441406250e+02
1.569840000000000089e+02 1.050000000000000000e+02 2.796179199218750000e+02
1.573199999999999932e+02 9.600000000000000000e+01 2.796117858886718750e+02
1.576560000000000059e+02 1.900000000000000000e+02 2.796228637695312500e+02
1.579929999999999950e+02 3.700000000000000000e+01 2.796140441894531250e+02
1.583290000000000077e+02 1.000000000000000000e+02 2.796148986816406250e+02
1.586649999999999920e+02 1.060000000000000000e+02 2.796136779785156250e+02
1.590010000000000048e+02 7.300000000000000000e+01 2.796079406738281250e+02
1.593379999999999939e+02 2.600000000000000000e+01 2.796055603027343750e+02
1.596740000000000066e+02 7.900000000000000000e+01 2.796104736328125000e+02
1.600099999999999909e+02 1.330000000000000000e+02 2.796171569824218750e+02
1.603470000000000084e+02 7.500000000000000000e+01 2.796239624023437500e+02
1.606829999999999927e+02 4.100000000000000000e+01 2.796232910156250000e+02
1.610190000000000055e+02 1.060000000000000000e+02 2.796219482421875000e+02
1.613559999999999945e+02 1.580000000000000000e+02 2.796118164062500000e+02
