3.541070000000000277e+02 1.320000000000000000e+02 5.011420288085937500e+02
3.544429999999999836e+02 1.230000000000000000e+02 5.011504516601562500e+02
3.547799999999999727e+02 1.890000000000000000e+02 5.011401672363281250e+02
3.551159999999999854e+02 1.720000000000000000e+02 5.011172790527343750e+02
3.554519999999999982e+02 3.980000000000000000e+02 5.011212158203125000e+02
3.557889999999999873e+02 3.300000000000000000e+02 5.011336669921875000e+02
3.561250000000000000e+02 1.920000000000000000e+02 5.011428527832031250e+02
3.564610000000000127e+02 5.940000000000000000e+02 5.011374511718750000e+02
3.567980000000000018e+02 3.490000000000000000e+02 5.011339416503906250e+02
3.571340000000000146e+02 3.590000000000000000e+02 5.011353759765625000e+02
3.574700000000000273e+02 2.850000000000000000e+02 5.011370544433593750e+02
3.578059999999999832e+02 2.500000000000000000e+02 5.011390075683593750e+02
3.581429999999999723e+02 8.700000000000000000e+01 5.011556091308593750e+02
