6.854460000000000264e+02 3.890000000000000000e+02 4.983390197753906250e+02
6.857820000000000391e+02 4.960000000000000000e+02 4.983355407714843750e+02
6.861180000000000518e+02 4.360000000000000000e+02 4.983390808105468750e+02
6.864539999999999509e+02 5.120000000000000000e+02 4.983475646972656250e+02
6.867899999999999636e+02 5.800000000000000000e+02 4.983460083007812500e+02
6.871259999999999764e+02 5.650000000000000000e+02 4.983401184082031250e+02
6.874619999999999891e+02 4.800000000000000000e+02 4.983419189453125000e+02
6.877980000000000018e+02 3.240000000000000000e+02 4.983366394042968750e+02
6.881399999999999864e+02 3.920000000000000000e+02 4.983453979492187500e+02
6.884759999999999991e+02 2.710000000000000000e+02 4.983460388183593750e+02
6.888120000000000118e+02 2.780000000000000000e+02 4.983469543457031250e+02
6.891480000000000246e+02 2.430000000000000000e+02 4.983462829589843750e+02
6.894840000000000373e+02 1.970000000000000000e+02 4.983457336425781250e+02
6.898200000000000500e+02 1.950000000000000000e+02 4.983473510742187500e+02
6.901559999999999491e+02 1.570000000000000000e+02 4.983352661132812500e+02
6.904919999999999618e+02 1.550000000000000000e+02 4.983406677246093750e+02
6.908279999999999745e+02 7.600000000000000000e+01 4.983418273925781250e+02
6.911639999999999873e+02 5.900000000000000000e+01 4.983489074707031250e+02
