4.092740000000000009e+02 2.060000000000000000e+02 3.031539611816406250e+02
4.096100000000000136e+02 1.860000000000000000e+02 3.031502685546875000e+02
4.099460000000000264e+02 1.580000000000000000e+02 3.031512145996093750e+02
4.102819999999999823e+02 2.000000000000000000e+02 3.031401977539062500e+02
4.106190000000000282e+02 1.320000000000000000e+02 3.031330261230468750e+02
4.109549999999999841e+02 1.950000000000000000e+02 3.031493225097656250e+02
4.112909999999999968e+02 1.120000000000000000e+02 3.031531982421875000e+02
4.116279999999999859e+02 1.540000000000000000e+02 3.031374511718750000e+02
4.119639999999999986e+02 3.370000000000000000e+02 3.031411132812500000e+02
4.123000000000000114e+02 2.270000000000000000e+02 3.031427612304687500e+02
4.126370000000000005e+02 2.580000000000000000e+02 3.031333923339843750e+02
4.129730000000000132e+02 5.780000000000000000e+02 3.031359863281250000e+02
4.133090000000000259e+02 5.110000000000000000e+02 3.031389160156250000e+02
4.136449999999999818e+02 5.520000000000000000e+02 3.031342163085937500e+02
4.139820000000000277e+02 5.270000000000000000e+02 3.031376342773437500e+02
4.143199999999999932e+02 4.330000000000000000e+02 3.031419372558593750e+02
4.146560000000000059e+02 2.780000000000000000e+02 3.031393432617187500e+02
4.149920000000000186e+02 3.490000000000000000e+02 3.031339416503906250e+02
4.153290000000000077e+02 3.710000000000000000e+02 3.031342773437500000e+02
4.156650000000000205e+02 1.280000000000000000e+02 3.031307373046875000e+02
4.160020000000000095e+02 2.580000000000000000e+02 3.031358032226562500e+02
4.163380000000000223e+02 1.820000000000000000e+02 3.031491699218750000e+02
4.166739999999999782e+02 1.180000000000000000e+02 3.031489562988281250e+02
