9.205800000000000409e+02 3.180000000000000000e+02 7.585565795898437500e+02
9.209160000000000537e+02 2.890000000000000000e+02 7.585769653320312500e+02
9.212519999999999527e+02 3.240000000000000000e+02 7.585606079101562500e+02
9.215879999999999654e+02 3.820000000000000000e+02 7.585575561523437500e+02
9.219239999999999782e+02 2.360000000000000000e+02 7.585605468750000000e+02
9.222659999999999627e+02 2.930000000000000000e+02 7.585678100585937500e+02
9.226019999999999754e+02 4.260000000000000000e+02 7.585745849609375000e+02
9.229379999999999882e+02 2.340000000000000000e+02 7.585638427734375000e+02
9.232740000000000009e+02 2.250000000000000000e+02 7.585667114257812500e+02
9.236100000000000136e+02 2.810000000000000000e+02 7.585604248046875000e+02
9.239460000000000264e+02 3.050000000000000000e+02 7.585671997070312500e+02
9.242820000000000391e+02 3.370000000000000000e+02 7.585587768554687500e+02
9.246180000000000518e+02 2.950000000000000000e+02 7.585623168945312500e+02
9.249539999999999509e+02 2.930000000000000000e+02 7.585824584960937500e+02
9.252899999999999636e+02 3.000000000000000000e+02 7.585571899414062500e+02
9.256259999999999764e+02 2.140000000000000000e+02 7.585666503906250000e+02
9.259619999999999891e+02 4.380000000000000000e+02 7.585573730468750000e+02
9.262980000000000018e+02 3.920000000000000000e+02 7.585740356445312500e+02
9.266340000000000146e+02 3.340000000000000000e+02 7.585581054687500000e+02
9.269700000000000273e+02 3.720000000000000000e+02 7.585554809570312500e+02
9.273060000000000400e+02 3.440000000000000000e+02 7.585619506835937500e+02
9.276420000000000528e+02 3.990000000000000000e+02 7.585540161132812500e+02
9.279779999999999518e+02 3.060000000000000000e+02 7.585739135742187500e+02
9.283139999999999645e+02 3.100000000000000000e+02 7.585760498046875000e+02
9.286499999999999773e+02 3.460000000000000000e+02 7.585704956054687500e+02
9.289919999999999618e+02 2.390000000000000000e+02 7.585803222656250000e+02
9.293279999999999745e+02 4.010000000000000000e+02 7.585603027343750000e+02
9.296639999999999873e+02 3.780000000000000000e+02 7.585654907226562500e+02
9.300000000000000000e+02 2.820000000000000000e+02 7.585578613281250000e+02
9.303360000000000127e+02 3.100000000000000000e+02 7.585612792968750000e+02
9.306720000000000255e+02 2.050000000000000000e+02 7.585523071289062500e+02
9.310080000000000382e+02 3.680000000000000000e+02 7.585706176757812500e+02
9.313440000000000509e+02 3.210000000000000000e+02 7.585659790039062500e+02
9.316799999999999500e+02 3.180000000000000000e+02 7.585601196289062500e+02
9.320159999999999627e+02 4.040000000000000000e+02 7.585582275390625000e+02
9.323519999999999754e+02 4.330000000000000000e+02 7.585578613281250000e+02
9.326939999999999600e+02 2.710000000000000000e+02 7.585578613281250000e+02
9.330299999999999727e+02 3.690000000000000000e+02 7.585637207031250000e+02
9.333659999999999854e+02 4.000000000000000000e+02 7.585635375976562500e+02
9.337019999999999982e+02 3.670000000000000000e+02 7.585584106445312500e+02
9.340380000000000109e+02 4.440000000000000000e+02 7.585573730468750000e+02
9.343740000000000236e+02 4.290000000000000000e+02 7.585581665039062500e+02
9.347100000000000364e+02 3.200000000000000000e+02 7.585639648437500000e+02
9.350460000000000491e+02 3.220000000000000000e+02 7.585721435546875000e+02
9.353819999999999482e+02 5.640000000000000000e+02 7.585668945312500000e+02
9.357179999999999609e+02 2.480000000000000000e+02 7.585661010742187500e+02
9.360539999999999736e+02 2.890000000000000000e+02 7.585634155273437500e+02
9.363899999999999864e+02 3.290000000000000000e+02 7.585635986328125000e+02
9.367259999999999991e+02 2.290000000000000000e+02 7.585673828125000000e+02
9.370620000000000118e+02 3.500000000000000000e+02 7.585718383789062500e+02
9.373980000000000246e+02 3.970000000000000000e+02 7.585733032226562500e+02
9.377340000000000373e+02 4.090000000000000000e+02 7.585677490234375000e+02
9.380700000000000500e+02 3.400000000000000000e+02 7.585720825195312500e+02
9.384120000000000346e+02 3.210000000000000000e+02 7.585755615234375000e+02
9.387480000000000473e+02 3.740000000000000000e+02 7.585548095703125000e+02
9.390839999999999463e+02 3.650000000000000000e+02 7.585537109375000000e+02
9.394199999999999591e+02 4.660000000000000000e+02 7.585672607421875000e+02
9.397559999999999718e+02 2.700000000000000000e+02 7.585626220703125000e+02
9.400919999999999845e+02 2.920000000000000000e+02 7.585506591796875000e+02
9.404279999999999973e+02 4.160000000000000000e+02 7.585639648437500000e+02
9.407640000000000100e+02 2.560000000000000000e+02 7.585635375976562500e+02
9.411000000000000227e+02 3.570000000000000000e+02 7.585606689453125000e+02
9.414360000000000355e+02 3.410000000000000000e+02 7.585666503906250000e+02
9.417720000000000482e+02 3.230000000000000000e+02 7.585598754882812500e+02
9.421079999999999472e+02 3.400000000000000000e+02 7.585642700195312500e+02
9.424439999999999600e+02 4.180000000000000000e+02 7.585728759765625000e+02
9.427799999999999727e+02 2.860000000000000000e+02 7.585661010742187500e+02
9.431219999999999573e+02 3.160000000000000000e+02 7.585609130859375000e+02
9.434579999999999700e+02 2.630000000000000000e+02 7.585665283203125000e+02
9.437939999999999827e+02 3.110000000000000000e+02 7.585569458007812500e+02
9.441299999999999955e+02 3.930000000000000000e+02 7.585670776367187500e+02
9.444660000000000082e+02 3.410000000000000000e+02 7.585685424804687500e+02
9.448020000000000209e+02 3.210000000000000000e+02 7.585576782226562500e+02
9.451380000000000337e+02 3.900000000000000000e+02 7.585643310546875000e+02
9.454740000000000464e+02 3.910000000000000000e+02 7.585610961914062500e+02
9.458099999999999454e+02 3.500000000000000000e+02 7.585614624023437500e+02
9.461459999999999582e+02 3.820000000000000000e+02 7.585726318359375000e+02
9.464819999999999709e+02 3.300000000000000000e+02 7.585592041015625000e+02
9.468179999999999836e+02 3.640000000000000000e+02 7.585670776367187500e+02
9.471539999999999964e+02 5.560000000000000000e+02 7.585672607421875000e+02
9.474900000000000091e+02 3.670000000000000000e+02 7.585720214843750000e+02
9.478260000000000218e+02 3.170000000000000000e+02 7.585559082031250000e+02
9.481620000000000346e+02 3.810000000000000000e+02 7.585656127929687500e+02
9.484980000000000473e+02 3.550000000000000000e+02 7.585680541992187500e+02
9.488339999999999463e+02 3.360000000000000000e+02 7.585759887695312500e+02
9.491760000000000446e+02 4.300000000000000000e+02 7.585612182617187500e+02
9.495119999999999436e+02 3.500000000000000000e+02 7.585612792968750000e+02
9.498479999999999563e+02 3.650000000000000000e+02 7.585621948242187500e+02
