2.333439999999999941e+02 3.210000000000000000e+02 5.071446228027343750e+02
2.336800000000000068e+02 8.430000000000000000e+02 5.071394042968750000e+02
2.340159999999999911e+02 2.097000000000000000e+03 5.071365661621093750e+02
2.343530000000000086e+02 3.322000000000000000e+03 5.071409301757812500e+02
2.346889999999999930e+02 4.589000000000000000e+03 5.071419982910156250e+02
2.350250000000000057e+02 6.061000000000000000e+03 5.071387329101562500e+02
2.353619999999999948e+02 5.837000000000000000e+03 5.071430664062500000e+02
2.356980000000000075e+02 6.529000000000000000e+03 5.071412658691406250e+02
2.360339999999999918e+02 6.341000000000000000e+03 5.071409912109375000e+02
2.363710000000000093e+02 5.572000000000000000e+03 5.071408691406250000e+02
2.367069999999999936e+02 4.910000000000000000e+03 5.071418762207031250e+02
2.370430000000000064e+02 4.001000000000000000e+03 5.071410522460937500e+02
2.373799999999999955e+02 3.136000000000000000e+03 5.071417236328125000e+02
2.377160000000000082e+02 2.363000000000000000e+03 5.071423950195312500e+02
2.380519999999999925e+02 1.947000000000000000e+03 5.071425476074218750e+02
2.383890000000000100e+02 1.272000000000000000e+03 5.071387634277343750e+02
2.387249999999999943e+02 9.740000000000000000e+02 5.071369628906250000e+02
2.390610000000000070e+02 7.810000000000000000e+02 5.071441650390625000e+02
2.393969999999999914e+02 5.330000000000000000e+02 5.071426086425781250e+02
2.397340000000000089e+02 4.720000000000000000e+02 5.071491394042968750e+02
2.400699999999999932e+02 4.070000000000000000e+02 5.071312561035156250e+02
2.404060000000000059e+02 4.120000000000000000e+02 5.071421203613281250e+02
2.407429999999999950e+02 2.180000000000000000e+02 5.071553649902343750e+02
