8.960220000000000482e+02 1.590000000000000000e+02 7.474920043945312500e+02
8.963579999999999472e+02 2.590000000000000000e+02 7.474920654296875000e+02
8.966939999999999600e+02 2.800000000000000000e+02 7.474876098632812500e+02
8.970299999999999727e+02 2.800000000000000000e+02 7.474975585937500000e+02
8.973659999999999854e+02 3.910000000000000000e+02 7.474853515625000000e+02
8.977079999999999700e+02 3.230000000000000000e+02 7.475071411132812500e+02
8.980439999999999827e+02 3.470000000000000000e+02 7.474852294921875000e+02
8.983799999999999955e+02 3.840000000000000000e+02 7.475023193359375000e+02
8.987160000000000082e+02 3.070000000000000000e+02 7.475050659179687500e+02
8.990520000000000209e+02 5.400000000000000000e+02 7.475031738281250000e+02
8.993880000000000337e+02 3.430000000000000000e+02 7.475093383789062500e+02
8.997240000000000464e+02 2.560000000000000000e+02 7.475045166015625000e+02
9.000599999999999454e+02 1.690000000000000000e+02 7.475050048828125000e+02
9.003959999999999582e+02 2.270000000000000000e+02 7.475068359375000000e+02
9.007319999999999709e+02 3.420000000000000000e+02 7.474990234375000000e+02
9.010679999999999836e+02 1.860000000000000000e+02 7.475159912109375000e+02
9.014039999999999964e+02 1.500000000000000000e+02 7.475073852539062500e+02
9.017400000000000091e+02 1.050000000000000000e+02 7.474969482421875000e+02
9.020819999999999936e+02 1.100000000000000000e+02 7.475122070312500000e+02
9.024120000000000346e+02 1.260000000000000000e+02 7.475059814453125000e+02
