9.740639999999999645e+02 9.100000000000000000e+01 3.072198181152343750e+02
9.743999999999999773e+02 1.010000000000000000e+02 3.072151794433593750e+02
9.747359999999999900e+02 1.410000000000000000e+02 3.072093505859375000e+02
9.750720000000000027e+02 9.700000000000000000e+01 3.072158508300781250e+02
9.754139999999999873e+02 2.630000000000000000e+02 3.072213439941406250e+02
9.757500000000000000e+02 2.810000000000000000e+02 3.072235717773437500e+02
9.760860000000000127e+02 3.150000000000000000e+02 3.072294616699218750e+02
9.764220000000000255e+02 3.400000000000000000e+02 3.072253723144531250e+02
9.767580000000000382e+02 3.020000000000000000e+02 3.072210998535156250e+02
9.770940000000000509e+02 3.360000000000000000e+02 3.072295837402343750e+02
9.774299999999999500e+02 3.350000000000000000e+02 3.072204284667968750e+02
9.777659999999999627e+02 5.120000000000000000e+02 3.072224731445312500e+02
9.781019999999999754e+02 1.780000000000000000e+02 3.072208862304687500e+02
9.784379999999999882e+02 2.860000000000000000e+02 3.072264709472656250e+02
9.787740000000000009e+02 2.470000000000000000e+02 3.072252502441406250e+02
9.791100000000000136e+02 1.880000000000000000e+02 3.072247009277343750e+02
9.794460000000000264e+02 1.870000000000000000e+02 3.072141418457031250e+02
9.797880000000000109e+02 9.900000000000000000e+01 3.072167053222656250e+02
9.801180000000000518e+02 8.400000000000000000e+01 3.072246704101562500e+02
9.804539999999999509e+02 1.300000000000000000e+02 3.072261047363281250e+02
9.807960000000000491e+02 6.700000000000000000e+01 3.072101440429687500e+02
9.811319999999999482e+02 4.400000000000000000e+01 3.072036132812500000e+02
