1.203190000000000026e+02 4.800000000000000000e+01 2.120245513916015625e+02
1.206550000000000011e+02 1.960000000000000000e+02 2.120223541259765625e+02
1.209909999999999997e+02 9.100000000000000000e+01 2.120294189453125000e+02
1.213280000000000030e+02 1.410000000000000000e+02 2.120143737792968750e+02
1.216650000000000063e+02 1.680000000000000000e+02 2.120223541259765625e+02
1.220019999999999953e+02 2.920000000000000000e+02 2.120234527587890625e+02
1.223379999999999939e+02 2.620000000000000000e+02 2.120234985351562500e+02
1.226740000000000066e+02 3.700000000000000000e+02 2.120209808349609375e+02
1.230109999999999957e+02 2.120000000000000000e+02 2.120189208984375000e+02
1.233469999999999942e+02 2.620000000000000000e+02 2.120190429687500000e+02
1.236830000000000069e+02 2.570000000000000000e+02 2.120216674804687500e+02
1.240190000000000055e+02 5.010000000000000000e+02 2.120218200683593750e+02
1.243559999999999945e+02 3.030000000000000000e+02 2.120219421386718750e+02
1.246919999999999931e+02 2.310000000000000000e+02 2.120197753906250000e+02
1.250280000000000058e+02 2.770000000000000000e+02 2.120228271484375000e+02
1.253649999999999949e+02 2.230000000000000000e+02 2.120240020751953125e+02
1.257009999999999934e+02 3.170000000000000000e+02 2.120225372314453125e+02
1.260370000000000061e+02 1.650000000000000000e+02 2.120216369628906250e+02
1.263739999999999952e+02 3.030000000000000000e+02 2.120243377685546875e+02
1.267099999999999937e+02 2.380000000000000000e+02 2.120267791748046875e+02
1.270460000000000065e+02 2.760000000000000000e+02 2.120244293212890625e+02
1.273829999999999956e+02 3.330000000000000000e+02 2.120219879150390625e+02
1.277189999999999941e+02 3.310000000000000000e+02 2.120186767578125000e+02
1.280550000000000068e+02 2.750000000000000000e+02 2.120240020751953125e+02
1.283919999999999959e+02 2.510000000000000000e+02 2.120235748291015625e+02
1.287280000000000086e+02 2.370000000000000000e+02 2.120255126953125000e+02
1.290639999999999930e+02 1.950000000000000000e+02 2.120241851806640625e+02
1.294000000000000057e+02 2.660000000000000000e+02 2.120239257812500000e+02
1.297369999999999948e+02 3.250000000000000000e+02 2.120212402343750000e+02
1.300730000000000075e+02 2.220000000000000000e+02 2.120213623046875000e+02
1.304089999999999918e+02 1.590000000000000000e+02 2.120253448486328125e+02
1.307460000000000093e+02 1.570000000000000000e+02 2.120242462158203125e+02
1.310819999999999936e+02 1.880000000000000000e+02 2.120200958251953125e+02
1.314180000000000064e+02 2.220000000000000000e+02 2.120299987792968750e+02
1.317560000000000002e+02 1.760000000000000000e+02 2.120265655517578125e+02
1.320929999999999893e+02 2.480000000000000000e+02 2.120223693847656250e+02
1.324290000000000020e+02 1.870000000000000000e+02 2.120224151611328125e+02
1.327659999999999911e+02 2.600000000000000000e+02 2.120229034423828125e+02
1.331020000000000039e+02 2.370000000000000000e+02 2.120207519531250000e+02
1.334389999999999930e+02 2.180000000000000000e+02 2.120250244140625000e+02
1.337750000000000057e+02 2.350000000000000000e+02 2.120224151611328125e+02
1.341109999999999900e+02 2.780000000000000000e+02 2.120206146240234375e+02
1.344480000000000075e+02 2.120000000000000000e+02 2.120248107910156250e+02
1.347839999999999918e+02 3.150000000000000000e+02 2.120237579345703125e+02
1.351200000000000045e+02 2.760000000000000000e+02 2.120272521972656250e+02
1.354559999999999889e+02 2.940000000000000000e+02 2.120186157226562500e+02
1.357930000000000064e+02 1.830000000000000000e+02 2.120252838134765625e+02
1.361289999999999907e+02 2.010000000000000000e+02 2.120232238769531250e+02
1.364650000000000034e+02 1.930000000000000000e+02 2.120229339599609375e+02
1.368019999999999925e+02 6.100000000000000000e+01 2.120303497314453125e+02
1.371380000000000052e+02 1.130000000000000000e+02 2.120352478027343750e+02
1.374739999999999895e+02 9.400000000000000000e+01 2.120292053222656250e+02
1.378110000000000070e+02 2.540000000000000000e+02 2.120287933349609375e+02
1.381469999999999914e+02 1.140000000000000000e+02 2.120256958007812500e+02
1.384830000000000041e+02 6.700000000000000000e+01 2.120375213623046875e+02
