2.882499999999999929e+01 3.081000000000000000e+03 7.071914672851562500e+02
2.916100000000000136e+01 3.283000000000000000e+03 7.071984252929687500e+02
2.949800000000000111e+01 3.630000000000000000e+03 7.072041625976562500e+02
2.983399999999999963e+01 4.544000000000000000e+03 7.072106323242187500e+02
3.017000000000000171e+01 5.782000000000000000e+03 7.072113647460937500e+02
3.050700000000000145e+01 5.745000000000000000e+03 7.072127685546875000e+02
3.084400000000000119e+01 5.376000000000000000e+03 7.072119140625000000e+02
3.118100000000000094e+01 4.663000000000000000e+03 7.072159423828125000e+02
3.151699999999999946e+01 4.310000000000000000e+03 7.072146606445312500e+02
3.185300000000000153e+01 4.132000000000000000e+03 7.072145996093750000e+02
3.218999999999999773e+01 4.460000000000000000e+03 7.072121582031250000e+02
3.252600000000000335e+01 4.556000000000000000e+03 7.072149658203125000e+02
3.286200000000000188e+01 4.362000000000000000e+03 7.072167358398437500e+02
3.319800000000000040e+01 5.009000000000000000e+03 7.072185668945312500e+02
3.353499999999999659e+01 4.617000000000000000e+03 7.072191772460937500e+02
3.387100000000000222e+01 4.873000000000000000e+03 7.072145996093750000e+02
3.420700000000000074e+01 4.893000000000000000e+03 7.072145996093750000e+02
3.454399999999999693e+01 4.707000000000000000e+03 7.072156372070312500e+02
3.488000000000000256e+01 4.417000000000000000e+03 7.072174072265625000e+02
3.521600000000000108e+01 3.867000000000000000e+03 7.072167968750000000e+02
3.555299999999999727e+01 4.337000000000000000e+03 7.072156982421875000e+02
3.588900000000000290e+01 3.702000000000000000e+03 7.072150268554687500e+02
3.622500000000000142e+01 3.786000000000000000e+03 7.072139282226562500e+02
3.656199999999999761e+01 3.052000000000000000e+03 7.072171630859375000e+02
3.689800000000000324e+01 2.648000000000000000e+03 7.072168579101562500e+02
3.723400000000000176e+01 2.506000000000000000e+03 7.072180786132812500e+02
3.757000000000000028e+01 1.853000000000000000e+03 7.072133178710937500e+02
3.790699999999999648e+01 2.002000000000000000e+03 7.072185668945312500e+02
3.824300000000000210e+01 1.997000000000000000e+03 7.072126464843750000e+02
3.857999999999999829e+01 1.674000000000000000e+03 7.072098388671875000e+02
3.891700000000000159e+01 1.364000000000000000e+03 7.072125854492187500e+02
3.925300000000000011e+01 1.104000000000000000e+03 7.072116088867187500e+02
3.958899999999999864e+01 1.049000000000000000e+03 7.072158813476562500e+02
3.992600000000000193e+01 7.380000000000000000e+02 7.072183227539062500e+02
4.026200000000000045e+01 8.740000000000000000e+02 7.072083740234375000e+02
4.059799999999999898e+01 6.970000000000000000e+02 7.072112426757812500e+02
4.093599999999999994e+01 4.730000000000000000e+02 7.072145996093750000e+02
4.127199999999999847e+01 6.560000000000000000e+02 7.072111206054687500e+02
4.160900000000000176e+01 4.950000000000000000e+02 7.072176513671875000e+02
4.194500000000000028e+01 5.030000000000000000e+02 7.072074584960937500e+02
4.228099999999999881e+01 3.640000000000000000e+02 7.071999511718750000e+02
4.261800000000000210e+01 2.190000000000000000e+02 7.072001342773437500e+02
4.295400000000000063e+01 2.130000000000000000e+02 7.071979370117187500e+02
