7.877039999999999509e+02 6.600000000000000000e+01 4.403440551757812500e+02
7.880399999999999636e+02 1.050000000000000000e+02 4.403365478515625000e+02
7.883759999999999764e+02 1.710000000000000000e+02 4.403421325683593750e+02
7.887119999999999891e+02 2.810000000000000000e+02 4.403492126464843750e+02
7.890480000000000018e+02 1.330000000000000000e+02 4.403529663085937500e+02
7.893840000000000146e+02 1.800000000000000000e+02 4.403455505371093750e+02
7.897200000000000273e+02 2.700000000000000000e+02 4.403537902832031250e+02
7.900560000000000400e+02 3.260000000000000000e+02 4.403430175781250000e+02
7.903920000000000528e+02 4.510000000000000000e+02 4.403428039550781250e+02
7.907279999999999518e+02 4.770000000000000000e+02 4.403475952148437500e+02
7.910700000000000500e+02 1.830000000000000000e+02 4.403379516601562500e+02
7.914059999999999491e+02 3.520000000000000000e+02 4.403514099121093750e+02
7.917419999999999618e+02 1.520000000000000000e+02 4.403644104003906250e+02
7.920779999999999745e+02 2.140000000000000000e+02 4.403480529785156250e+02
7.924139999999999873e+02 2.460000000000000000e+02 4.403554687500000000e+02
7.927500000000000000e+02 1.430000000000000000e+02 4.403515930175781250e+02
7.930860000000000127e+02 1.020000000000000000e+02 4.403410644531250000e+02
