2.801000000000000227e+02 6.100000000000000000e+01 1.920568237304687500e+02
2.804359999999999786e+02 1.050000000000000000e+02 1.920552368164062500e+02
2.807719999999999914e+02 1.320000000000000000e+02 1.920433654785156250e+02
2.811089999999999804e+02 1.230000000000000000e+02 1.920493621826171875e+02
2.814449999999999932e+02 2.050000000000000000e+02 1.920451049804687500e+02
2.817810000000000059e+02 2.960000000000000000e+02 1.920480194091796875e+02
2.821179999999999950e+02 4.710000000000000000e+02 1.920454711914062500e+02
2.824540000000000077e+02 3.790000000000000000e+02 1.920443878173828125e+02
2.827900000000000205e+02 1.680000000000000000e+02 1.920496063232421875e+02
2.831279999999999859e+02 2.920000000000000000e+02 1.920492401123046875e+02
2.834639999999999986e+02 3.180000000000000000e+02 1.920480957031250000e+02
2.838009999999999877e+02 1.450000000000000000e+02 1.920514373779296875e+02
2.841370000000000005e+02 1.000000000000000000e+02 1.920563964843750000e+02
2.844730000000000132e+02 1.320000000000000000e+02 1.920549926757812500e+02
2.848090000000000259e+02 2.090000000000000000e+02 1.920490722656250000e+02
2.851460000000000150e+02 1.340000000000000000e+02 1.920599365234375000e+02
