5.650199999999999818e+02 8.800000000000000000e+01 2.100820617675781250e+02
5.653569999999999709e+02 7.900000000000000000e+01 2.100970764160156250e+02
5.656939999999999600e+02 1.470000000000000000e+02 2.100893554687500000e+02
5.660309999999999491e+02 1.150000000000000000e+02 2.100868072509765625e+02
5.663669999999999618e+02 1.140000000000000000e+02 2.100903625488281250e+02
5.667029999999999745e+02 1.400000000000000000e+02 2.100940856933593750e+02
5.670399999999999636e+02 9.900000000000000000e+01 2.101010742187500000e+02
5.673759999999999764e+02 6.500000000000000000e+01 2.100774383544921875e+02
5.677119999999999891e+02 1.360000000000000000e+02 2.100862274169921875e+02
5.680489999999999782e+02 5.800000000000000000e+01 2.101071319580078125e+02
5.683849999999999909e+02 1.320000000000000000e+02 2.100875854492187500e+02
5.687219999999999800e+02 1.770000000000000000e+02 2.100851898193359375e+02
5.690579999999999927e+02 1.060000000000000000e+02 2.100981292724609375e+02
5.693940000000000055e+02 1.270000000000000000e+02 2.100887603759765625e+02
5.697309999999999945e+02 1.200000000000000000e+02 2.100894622802734375e+02
5.700670000000000073e+02 1.630000000000000000e+02 2.100878753662109375e+02
5.704030000000000200e+02 1.170000000000000000e+02 2.100874938964843750e+02
5.707400000000000091e+02 1.060000000000000000e+02 2.100881347656250000e+02
5.710760000000000218e+02 3.030000000000000000e+02 2.100885009765625000e+02
5.714120000000000346e+02 2.670000000000000000e+02 2.100904998779296875e+02
5.717480000000000473e+02 2.040000000000000000e+02 2.100925140380859375e+02
5.720850000000000364e+02 3.660000000000000000e+02 2.100926208496093750e+02
5.724210000000000491e+02 2.130000000000000000e+02 2.100902252197265625e+02
5.727580000000000382e+02 3.150000000000000000e+02 2.100912322998046875e+02
5.730940000000000509e+02 4.590000000000000000e+02 2.100897979736328125e+02
5.734299999999999500e+02 3.270000000000000000e+02 2.100967559814453125e+02
5.737670000000000528e+02 3.630000000000000000e+02 2.100957641601562500e+02
5.741029999999999518e+02 4.250000000000000000e+02 2.100915985107421875e+02
5.744389999999999645e+02 3.060000000000000000e+02 2.100894470214843750e+02
5.747759999999999536e+02 2.050000000000000000e+02 2.100912170410156250e+02
5.751119999999999663e+02 1.600000000000000000e+02 2.100927734375000000e+02
5.754479999999999791e+02 2.560000000000000000e+02 2.100952301025390625e+02
5.757859999999999445e+02 1.990000000000000000e+02 2.100904998779296875e+02
5.761219999999999573e+02 2.210000000000000000e+02 2.100900878906250000e+02
5.764589999999999463e+02 2.040000000000000000e+02 2.100932464599609375e+02
5.767949999999999591e+02 2.290000000000000000e+02 2.100960083007812500e+02
5.771309999999999718e+02 2.020000000000000000e+02 2.100917358398437500e+02
5.774679999999999609e+02 1.290000000000000000e+02 2.100840911865234375e+02
5.778039999999999736e+02 1.890000000000000000e+02 2.100843505859375000e+02
5.781399999999999864e+02 1.480000000000000000e+02 2.100908050537109375e+02
5.784769999999999754e+02 2.000000000000000000e+02 2.101046447753906250e+02
5.788129999999999882e+02 5.500000000000000000e+01 2.100794372558593750e+02
5.791490000000000009e+02 2.730000000000000000e+02 2.100926208496093750e+02
5.794850000000000136e+02 1.470000000000000000e+02 2.100897827148437500e+02
5.798220000000000027e+02 1.370000000000000000e+02 2.100847015380859375e+02
5.801580000000000155e+02 2.400000000000000000e+02 2.100874481201171875e+02
5.804940000000000282e+02 1.040000000000000000e+02 2.101006317138671875e+02
5.808310000000000173e+02 5.300000000000000000e+01 2.101003417968750000e+02
5.811670000000000300e+02 8.000000000000000000e+01 2.101010131835937500e+02
5.815030000000000427e+02 1.200000000000000000e+02 2.100987243652343750e+02
5.818400000000000318e+02 1.010000000000000000e+02 2.100825347900390625e+02
5.821760000000000446e+02 1.580000000000000000e+02 2.100924987792968750e+02
5.825119999999999436e+02 1.400000000000000000e+02 2.100996551513671875e+02
5.828479999999999563e+02 1.840000000000000000e+02 2.100856018066406250e+02
5.831849999999999454e+02 1.520000000000000000e+02 2.100911102294921875e+02
5.835209999999999582e+02 1.400000000000000000e+02 2.100878143310546875e+02
5.838569999999999709e+02 5.200000000000000000e+01 2.100939178466796875e+02
5.841939999999999600e+02 2.000000000000000000e+02 2.100880584716796875e+02
5.845299999999999727e+02 1.010000000000000000e+02 2.100869903564453125e+02
5.848659999999999854e+02 1.600000000000000000e+02 2.100987701416015625e+02
5.852029999999999745e+02 2.440000000000000000e+02 2.100915374755859375e+02
5.855389999999999873e+02 1.440000000000000000e+02 2.100931091308593750e+02
5.858769999999999527e+02 1.250000000000000000e+02 2.100883331298828125e+02
5.862129999999999654e+02 1.170000000000000000e+02 2.100834960937500000e+02
