2.340159999999999911e+02 4.000000000000000000e+02 6.050598754882812500e+02
2.343530000000000086e+02 4.550000000000000000e+02 6.050697021484375000e+02
2.346889999999999930e+02 5.980000000000000000e+02 6.050625610351562500e+02
2.350250000000000057e+02 8.900000000000000000e+02 6.050618286132812500e+02
2.353619999999999948e+02 6.530000000000000000e+02 6.050541992187500000e+02
2.356980000000000075e+02 8.100000000000000000e+02 6.050640258789062500e+02
2.360339999999999918e+02 8.390000000000000000e+02 6.050585937500000000e+02
2.363710000000000093e+02 6.970000000000000000e+02 6.050635375976562500e+02
2.367069999999999936e+02 4.870000000000000000e+02 6.050626220703125000e+02
2.370430000000000064e+02 4.320000000000000000e+02 6.050715942382812500e+02
2.373799999999999955e+02 5.750000000000000000e+02 6.050628051757812500e+02
2.377160000000000082e+02 4.300000000000000000e+02 6.050618896484375000e+02
