1.616920000000000073e+02 1.020000000000000000e+02 4.531289672851562500e+02
1.620300000000000011e+02 9.600000000000000000e+01 4.531270751953125000e+02
1.623660000000000139e+02 2.200000000000000000e+02 4.531339416503906250e+02
1.627019999999999982e+02 2.700000000000000000e+02 4.531491699218750000e+02
1.630389999999999873e+02 2.670000000000000000e+02 4.531406555175781250e+02
1.633750000000000000e+02 3.680000000000000000e+02 4.531235351562500000e+02
1.637119999999999891e+02 3.480000000000000000e+02 4.531341857910156250e+02
1.640480000000000018e+02 4.430000000000000000e+02 4.531311340332031250e+02
1.643849999999999909e+02 3.580000000000000000e+02 4.531338195800781250e+02
1.647210000000000036e+02 2.430000000000000000e+02 4.531455688476562500e+02
1.650579999999999927e+02 2.970000000000000000e+02 4.531329345703125000e+02
1.653940000000000055e+02 2.130000000000000000e+02 4.531337585449218750e+02
1.657299999999999898e+02 1.420000000000000000e+02 4.531319580078125000e+02
1.660660000000000025e+02 2.060000000000000000e+02 4.531475524902343750e+02
1.664029999999999916e+02 1.910000000000000000e+02 4.531351318359375000e+02
1.667400000000000091e+02 1.320000000000000000e+02 4.531320190429687500e+02
1.670769999999999982e+02 8.800000000000000000e+01 4.531240844726562500e+02
1.674130000000000109e+02 8.500000000000000000e+01 4.531322326660156250e+02
1.677489999999999952e+02 1.690000000000000000e+02 4.531268310546875000e+02
1.680860000000000127e+02 9.100000000000000000e+01 4.531227111816406250e+02
1.684219999999999970e+02 1.180000000000000000e+02 4.531329040527343750e+02
1.687580000000000098e+02 5.500000000000000000e+01 4.531320495605468750e+02
1.690949999999999989e+02 9.100000000000000000e+01 4.531265563964843750e+02
1.694310000000000116e+02 6.700000000000000000e+01 4.531395263671875000e+02
