1.206550000000000011e+02 2.190000000000000000e+02 5.680927124023437500e+02
1.209909999999999997e+02 1.330000000000000000e+02 5.681117553710937500e+02
1.213280000000000030e+02 1.740000000000000000e+02 5.680957031250000000e+02
1.216650000000000063e+02 1.820000000000000000e+02 5.680930175781250000e+02
1.220019999999999953e+02 2.730000000000000000e+02 5.680970458984375000e+02
1.223379999999999939e+02 2.700000000000000000e+02 5.680980224609375000e+02
1.226740000000000066e+02 3.460000000000000000e+02 5.680927734375000000e+02
1.230109999999999957e+02 3.580000000000000000e+02 5.680864257812500000e+02
1.233469999999999942e+02 3.440000000000000000e+02 5.681018066406250000e+02
1.236830000000000069e+02 3.330000000000000000e+02 5.680939941406250000e+02
1.240190000000000055e+02 3.090000000000000000e+02 5.680987548828125000e+02
1.243559999999999945e+02 4.330000000000000000e+02 5.680957031250000000e+02
1.246919999999999931e+02 3.980000000000000000e+02 5.680923461914062500e+02
1.250280000000000058e+02 3.890000000000000000e+02 5.680955810546875000e+02
1.253649999999999949e+02 3.570000000000000000e+02 5.681005249023437500e+02
1.257009999999999934e+02 2.760000000000000000e+02 5.680927124023437500e+02
1.260370000000000061e+02 2.540000000000000000e+02 5.681110229492187500e+02
1.263739999999999952e+02 3.140000000000000000e+02 5.680979003906250000e+02
1.267099999999999937e+02 3.300000000000000000e+02 5.680942993164062500e+02
