2.165250000000000057e+02 2.130000000000000000e+02 2.250769805908203125e+02
2.168609999999999900e+02 1.690000000000000000e+02 2.250837402343750000e+02
2.171980000000000075e+02 1.670000000000000000e+02 2.250819549560546875e+02
2.175339999999999918e+02 9.600000000000000000e+01 2.250733489990234375e+02
2.178700000000000045e+02 1.930000000000000000e+02 2.250741424560546875e+02
2.182069999999999936e+02 3.570000000000000000e+02 2.250754547119140625e+02
2.185430000000000064e+02 1.210000000000000000e+02 2.250808105468750000e+02
2.188789999999999907e+02 2.950000000000000000e+02 2.250764160156250000e+02
2.192150000000000034e+02 7.500000000000000000e+01 2.250660095214843750e+02
2.195519999999999925e+02 3.160000000000000000e+02 2.250710144042968750e+02
2.198880000000000052e+02 2.170000000000000000e+02 2.250725555419921875e+02
2.202239999999999895e+02 1.770000000000000000e+02 2.250852355957031250e+02
2.205610000000000070e+02 2.270000000000000000e+02 2.250682830810546875e+02
2.208969999999999914e+02 3.150000000000000000e+02 2.250717773437500000e+02
2.212330000000000041e+02 3.370000000000000000e+02 2.250733032226562500e+02
2.215699999999999932e+02 3.660000000000000000e+02 2.250721130371093750e+02
2.219060000000000059e+02 4.210000000000000000e+02 2.250755920410156250e+02
2.222419999999999902e+02 1.040000000000000000e+03 2.250730285644531250e+02
2.225800000000000125e+02 1.806000000000000000e+03 2.250760040283203125e+02
2.229159999999999968e+02 2.397000000000000000e+03 2.250752410888671875e+02
2.232529999999999859e+02 3.726000000000000000e+03 2.250753326416015625e+02
2.235889999999999986e+02 4.650000000000000000e+03 2.250745544433593750e+02
2.239250000000000114e+02 5.024000000000000000e+03 2.250755615234375000e+02
2.242609999999999957e+02 4.680000000000000000e+03 2.250735626220703125e+02
2.245980000000000132e+02 4.303000000000000000e+03 2.250750579833984375e+02
2.249339999999999975e+02 3.249000000000000000e+03 2.250763854980468750e+02
2.252700000000000102e+02 3.311000000000000000e+03 2.250756835937500000e+02
2.256069999999999993e+02 2.672000000000000000e+03 2.250736846923828125e+02
2.259430000000000121e+02 1.946000000000000000e+03 2.250756225585937500e+02
2.262789999999999964e+02 1.616000000000000000e+03 2.250756988525390625e+02
2.266160000000000139e+02 1.279000000000000000e+03 2.250738677978515625e+02
2.269519999999999982e+02 1.088000000000000000e+03 2.250741882324218750e+02
2.272889999999999873e+02 8.820000000000000000e+02 2.250744018554687500e+02
2.276250000000000000e+02 6.820000000000000000e+02 2.250753326416015625e+02
2.279610000000000127e+02 4.970000000000000000e+02 2.250770568847656250e+02
2.282980000000000018e+02 4.900000000000000000e+02 2.250728607177734375e+02
2.286339999999999861e+02 3.320000000000000000e+02 2.250782012939453125e+02
2.289699999999999989e+02 3.300000000000000000e+02 2.250793151855468750e+02
2.293069999999999879e+02 2.930000000000000000e+02 2.250757598876953125e+02
2.296430000000000007e+02 3.420000000000000000e+02 2.250732574462890625e+02
2.299790000000000134e+02 3.640000000000000000e+02 2.250704345703125000e+02
2.303149999999999977e+02 3.720000000000000000e+02 2.250787200927734375e+02
2.306519999999999868e+02 4.100000000000000000e+02 2.250724182128906250e+02
2.309879999999999995e+02 5.830000000000000000e+02 2.250717315673828125e+02
2.313240000000000123e+02 6.440000000000000000e+02 2.250752258300781250e+02
2.316610000000000014e+02 6.340000000000000000e+02 2.250770111083984375e+02
2.319970000000000141e+02 7.700000000000000000e+02 2.250774993896484375e+02
2.323329999999999984e+02 9.720000000000000000e+02 2.250748596191406250e+02
2.326709999999999923e+02 6.040000000000000000e+02 2.250728302001953125e+02
2.330070000000000050e+02 1.089000000000000000e+03 2.250763397216796875e+02
2.333439999999999941e+02 7.430000000000000000e+02 2.250723876953125000e+02
2.336800000000000068e+02 5.900000000000000000e+02 2.250737762451171875e+02
2.340159999999999911e+02 5.810000000000000000e+02 2.250734405517578125e+02
2.343530000000000086e+02 5.440000000000000000e+02 2.250793151855468750e+02
2.346889999999999930e+02 3.700000000000000000e+02 2.250773620605468750e+02
2.350250000000000057e+02 3.060000000000000000e+02 2.250775299072265625e+02
2.353619999999999948e+02 2.510000000000000000e+02 2.250739135742187500e+02
2.356980000000000075e+02 2.300000000000000000e+02 2.250798797607421875e+02
2.360339999999999918e+02 2.200000000000000000e+02 2.250746765136718750e+02
2.363710000000000093e+02 2.670000000000000000e+02 2.250819854736328125e+02
2.367069999999999936e+02 2.410000000000000000e+02 2.250825500488281250e+02
2.370430000000000064e+02 2.560000000000000000e+02 2.250700988769531250e+02
2.373799999999999955e+02 2.100000000000000000e+02 2.250824890136718750e+02
