7.702140000000000555e+02 2.940000000000000000e+02 2.510909729003906250e+02
7.705499999999999545e+02 1.460000000000000000e+02 2.511008605957031250e+02
7.708859999999999673e+02 2.970000000000000000e+02 2.510913391113281250e+02
7.712219999999999800e+02 1.940000000000000000e+02 2.510917053222656250e+02
7.715579999999999927e+02 2.470000000000000000e+02 2.510876159667968750e+02
7.718940000000000055e+02 2.610000000000000000e+02 2.510894927978515625e+02
7.722300000000000182e+02 2.900000000000000000e+02 2.511007843017578125e+02
7.725660000000000309e+02 2.430000000000000000e+02 2.510938262939453125e+02
7.729020000000000437e+02 2.560000000000000000e+02 2.510885009765625000e+02
7.732380000000000564e+02 2.940000000000000000e+02 2.510943145751953125e+02
7.735739999999999554e+02 3.380000000000000000e+02 2.510865783691406250e+02
7.739099999999999682e+02 2.070000000000000000e+02 2.510955810546875000e+02
7.742519999999999527e+02 2.870000000000000000e+02 2.510939788818359375e+02
7.745879999999999654e+02 2.390000000000000000e+02 2.510905914306640625e+02
7.749239999999999782e+02 3.460000000000000000e+02 2.510895233154296875e+02
7.752599999999999909e+02 3.260000000000000000e+02 2.510954589843750000e+02
7.755960000000000036e+02 2.500000000000000000e+02 2.510920257568359375e+02
7.759320000000000164e+02 2.980000000000000000e+02 2.510889739990234375e+02
7.762680000000000291e+02 3.070000000000000000e+02 2.510948638916015625e+02
7.766040000000000418e+02 2.850000000000000000e+02 2.510933227539062500e+02
7.769400000000000546e+02 2.800000000000000000e+02 2.510876617431640625e+02
7.772759999999999536e+02 2.130000000000000000e+02 2.510864105224609375e+02
7.776119999999999663e+02 2.770000000000000000e+02 2.510906982421875000e+02
7.779479999999999791e+02 3.190000000000000000e+02 2.510852813720703125e+02
7.782839999999999918e+02 1.930000000000000000e+02 2.510939483642578125e+02
7.786259999999999764e+02 3.210000000000000000e+02 2.510891723632812500e+02
7.789619999999999891e+02 2.110000000000000000e+02 2.510927429199218750e+02
7.792980000000000018e+02 2.370000000000000000e+02 2.510896606445312500e+02
7.796340000000000146e+02 2.360000000000000000e+02 2.510943145751953125e+02
7.799700000000000273e+02 1.990000000000000000e+02 2.511016235351562500e+02
7.803060000000000400e+02 3.550000000000000000e+02 2.510902404785156250e+02
7.806420000000000528e+02 2.320000000000000000e+02 2.510946960449218750e+02
7.809779999999999518e+02 2.580000000000000000e+02 2.510863494873046875e+02
7.813139999999999645e+02 3.000000000000000000e+02 2.510947113037109375e+02
7.816499999999999773e+02 2.580000000000000000e+02 2.510903015136718750e+02
7.819859999999999900e+02 2.470000000000000000e+02 2.510950622558593750e+02
7.823220000000000027e+02 3.830000000000000000e+02 2.510941619873046875e+02
7.826580000000000155e+02 1.470000000000000000e+02 2.510870971679687500e+02
7.829940000000000282e+02 3.440000000000000000e+02 2.510897521972656250e+02
7.833300000000000409e+02 2.540000000000000000e+02 2.510952453613281250e+02
7.836660000000000537e+02 1.320000000000000000e+02 2.511042175292968750e+02
7.840019999999999527e+02 3.050000000000000000e+02 2.510857543945312500e+02
7.843379999999999654e+02 1.670000000000000000e+02 2.510921478271484375e+02
7.846739999999999782e+02 4.150000000000000000e+02 2.510951995849609375e+02
7.850099999999999909e+02 3.020000000000000000e+02 2.510936279296875000e+02
7.853519999999999754e+02 3.590000000000000000e+02 2.510891113281250000e+02
7.856879999999999882e+02 2.650000000000000000e+02 2.510917053222656250e+02
7.860240000000000009e+02 1.850000000000000000e+02 2.510965728759765625e+02
7.863600000000000136e+02 2.150000000000000000e+02 2.510969238281250000e+02
7.866960000000000264e+02 2.320000000000000000e+02 2.510933227539062500e+02
7.870320000000000391e+02 2.850000000000000000e+02 2.510972747802734375e+02
7.873680000000000518e+02 2.000000000000000000e+02 2.510908050537109375e+02
7.877039999999999509e+02 3.090000000000000000e+02 2.510900421142578125e+02
7.880399999999999636e+02 2.780000000000000000e+02 2.510914764404296875e+02
7.883759999999999764e+02 2.460000000000000000e+02 2.510922546386718750e+02
7.887119999999999891e+02 4.090000000000000000e+02 2.510907440185546875e+02
7.890480000000000018e+02 2.330000000000000000e+02 2.510920562744140625e+02
7.893840000000000146e+02 2.830000000000000000e+02 2.510928344726562500e+02
7.897200000000000273e+02 2.840000000000000000e+02 2.510880889892578125e+02
7.900560000000000400e+02 1.970000000000000000e+02 2.510935974121093750e+02
7.903920000000000528e+02 2.100000000000000000e+02 2.510939025878906250e+02
7.907279999999999518e+02 4.140000000000000000e+02 2.510868682861328125e+02
7.910700000000000500e+02 1.430000000000000000e+02 2.510979156494140625e+02
7.914059999999999491e+02 3.280000000000000000e+02 2.510900268554687500e+02
7.917419999999999618e+02 2.460000000000000000e+02 2.510930023193359375e+02
7.920779999999999745e+02 1.820000000000000000e+02 2.510865173339843750e+02
7.924139999999999873e+02 2.410000000000000000e+02 2.510929412841796875e+02
7.927500000000000000e+02 2.680000000000000000e+02 2.510871124267578125e+02
7.930860000000000127e+02 2.630000000000000000e+02 2.510892181396484375e+02
7.934220000000000255e+02 2.320000000000000000e+02 2.510886535644531250e+02
7.937580000000000382e+02 2.840000000000000000e+02 2.510926208496093750e+02
7.940940000000000509e+02 1.800000000000000000e+02 2.510926818847656250e+02
7.944299999999999500e+02 2.250000000000000000e+02 2.510852661132812500e+02
7.947659999999999627e+02 2.560000000000000000e+02 2.510893402099609375e+02
7.951019999999999754e+02 3.150000000000000000e+02 2.510932769775390625e+02
7.954379999999999882e+02 2.210000000000000000e+02 2.510862121582031250e+02
7.957740000000000009e+02 2.280000000000000000e+02 2.510908660888671875e+02
7.961100000000000136e+02 3.010000000000000000e+02 2.510905914306640625e+02
7.964519999999999982e+02 2.610000000000000000e+02 2.510950164794921875e+02
7.967880000000000109e+02 1.800000000000000000e+02 2.510988769531250000e+02
7.971180000000000518e+02 2.840000000000000000e+02 2.510935211181640625e+02
7.974600000000000364e+02 3.390000000000000000e+02 2.510910491943359375e+02
7.977960000000000491e+02 2.640000000000000000e+02 2.510934448242187500e+02
7.981319999999999482e+02 3.570000000000000000e+02 2.510872192382812500e+02
7.984679999999999609e+02 2.330000000000000000e+02 2.510887756347656250e+02
7.988039999999999736e+02 2.960000000000000000e+02 2.510948944091796875e+02
7.991399999999999864e+02 1.890000000000000000e+02 2.510965576171875000e+02
