2.478079999999999927e+02 2.430000000000000000e+02 3.010473022460937500e+02
2.481440000000000055e+02 3.710000000000000000e+02 3.010292968750000000e+02
2.484799999999999898e+02 3.340000000000000000e+02 3.010293579101562500e+02
2.488170000000000073e+02 4.050000000000000000e+02 3.010294799804687500e+02
2.491529999999999916e+02 2.570000000000000000e+02 3.010403442382812500e+02
2.494890000000000043e+02 3.760000000000000000e+02 3.010386047363281250e+02
2.498259999999999934e+02 2.690000000000000000e+02 3.010370788574218750e+02
2.501620000000000061e+02 3.760000000000000000e+02 3.010348205566406250e+02
2.504979999999999905e+02 2.810000000000000000e+02 3.010350341796875000e+02
2.508340000000000032e+02 2.170000000000000000e+02 3.010327148437500000e+02
2.511709999999999923e+02 1.950000000000000000e+02 3.010284423828125000e+02
