7.995420000000000016e+01 2.600000000000000000e+01 1.200785522460937500e+02
8.029019999999999868e+01 2.500000000000000000e+01 1.200825195312500000e+02
8.062619999999999720e+01 5.500000000000000000e+01 1.200731353759765625e+02
8.096280000000000143e+01 2.460000000000000000e+02 1.200809783935546875e+02
8.129999999999999716e+01 3.120000000000000000e+02 1.200842208862304688e+02
8.163720000000000709e+01 5.070000000000000000e+02 1.200823898315429688e+02
8.197320000000000562e+01 7.030000000000000000e+02 1.200814590454101562e+02
8.230920000000000414e+01 8.250000000000000000e+02 1.200816955566406250e+02
8.264579999999999416e+01 9.610000000000000000e+02 1.200816040039062500e+02
8.298180000000000689e+01 1.315000000000000000e+03 1.200819091796875000e+02
8.331780000000000541e+01 1.549000000000000000e+03 1.200820388793945312e+02
8.365500000000000114e+01 1.865000000000000000e+03 1.200826034545898438e+02
8.399099999999999966e+01 1.947000000000000000e+03 1.200823516845703125e+02
8.432699999999999818e+01 2.619000000000000000e+03 1.200820159912109375e+02
8.466419999999999391e+01 2.764000000000000000e+03 1.200827102661132812e+02
8.500020000000000664e+01 3.078000000000000000e+03 1.200823974609375000e+02
8.533620000000000516e+01 4.334000000000000000e+03 1.200813446044921875e+02
8.567279999999999518e+01 3.781000000000000000e+03 1.200810775756835938e+02
8.600879999999999370e+01 3.893000000000000000e+03 1.200818862915039062e+02
8.634600000000000364e+01 4.068000000000000000e+03 1.200823287963867188e+02
8.668200000000000216e+01 4.736000000000000000e+03 1.200809097290039062e+02
8.701800000000000068e+01 4.366000000000000000e+03 1.200823440551757812e+02
8.735519999999999641e+01 3.595000000000000000e+03 1.200814819335937500e+02
8.769119999999999493e+01 3.879000000000000000e+03 1.200822982788085938e+02
8.802719999999999345e+01 4.125000000000000000e+03 1.200818710327148438e+02
8.836379999999999768e+01 3.854000000000000000e+03 1.200814514160156250e+02
8.869979999999999620e+01 4.040000000000000000e+03 1.200815200805664062e+02
8.903579999999999472e+01 3.282000000000000000e+03 1.200815963745117188e+02
8.937300000000000466e+01 2.959000000000000000e+03 1.200830078125000000e+02
8.970900000000000318e+01 2.675000000000000000e+03 1.200818176269531250e+02
9.004500000000000171e+01 2.727000000000000000e+03 1.200807876586914062e+02
9.038100000000000023e+01 2.166000000000000000e+03 1.200816421508789062e+02
9.071819999999999595e+01 1.981000000000000000e+03 1.200803909301757812e+02
9.105419999999999447e+01 2.308000000000000000e+03 1.200819091796875000e+02
9.139199999999999591e+01 1.684000000000000000e+03 1.200823974609375000e+02
9.172799999999999443e+01 1.394000000000000000e+03 1.200825576782226562e+02
9.206520000000000437e+01 1.285000000000000000e+03 1.200818252563476562e+02
9.240120000000000289e+01 1.182000000000000000e+03 1.200805435180664062e+02
9.273720000000000141e+01 9.130000000000000000e+02 1.200826644897460938e+02
9.307380000000000564e+01 8.260000000000000000e+02 1.200822982788085938e+02
9.340980000000000416e+01 8.200000000000000000e+02 1.200826187133789062e+02
9.374580000000000268e+01 6.120000000000000000e+02 1.200829772949218750e+02
9.408180000000000121e+01 5.840000000000000000e+02 1.200822906494140625e+02
9.441899999999999693e+01 4.150000000000000000e+02 1.200838470458984375e+02
9.475499999999999545e+01 5.040000000000000000e+02 1.200821456909179688e+02
9.509099999999999397e+01 2.690000000000000000e+02 1.200802917480468750e+02
9.542820000000000391e+01 2.480000000000000000e+02 1.200829162597656250e+02
9.576420000000000243e+01 3.320000000000000000e+02 1.200838241577148438e+02
9.610020000000000095e+01 1.990000000000000000e+02 1.200811920166015625e+02
9.643680000000000518e+01 1.710000000000000000e+02 1.200755157470703125e+02
9.677280000000000371e+01 1.870000000000000000e+02 1.200782318115234375e+02
9.710880000000000223e+01 8.900000000000000000e+01 1.200766296386718750e+02
9.744480000000000075e+01 2.740000000000000000e+02 1.200796432495117188e+02
9.778199999999999648e+01 6.000000000000000000e+01 1.200829620361328125e+02
9.811799999999999500e+01 7.100000000000000000e+01 1.200808792114257812e+02
9.845399999999999352e+01 1.300000000000000000e+02 1.200816116333007812e+02
9.879120000000000346e+01 1.510000000000000000e+02 1.200839614868164062e+02
9.912720000000000198e+01 1.260000000000000000e+02 1.200826187133789062e+02
9.946320000000000050e+01 1.020000000000000000e+02 1.200825805664062500e+02
9.979980000000000473e+01 1.420000000000000000e+02 1.200830001831054688e+02
1.001359999999999957e+02 1.060000000000000000e+02 1.200831375122070312e+02
1.004719999999999942e+02 7.900000000000000000e+01 1.200799255371093750e+02
1.008089999999999975e+02 6.600000000000000000e+01 1.200923614501953125e+02
1.011449999999999960e+02 1.240000000000000000e+02 1.200814361572265625e+02
