2.562169999999999845e+02 4.800000000000000000e+01 5.332323608398437500e+02
2.565529999999999973e+02 6.600000000000000000e+01 5.332113037109375000e+02
2.568890000000000100e+02 8.800000000000000000e+01 5.332041015625000000e+02
2.572259999999999991e+02 1.150000000000000000e+02 5.332100830078125000e+02
2.575620000000000118e+02 3.080000000000000000e+02 5.332213134765625000e+02
2.578980000000000246e+02 6.390000000000000000e+02 5.332219238281250000e+02
2.582350000000000136e+02 1.609000000000000000e+03 5.332157592773437500e+02
2.585710000000000264e+02 2.018000000000000000e+03 5.332201538085937500e+02
2.589080000000000155e+02 2.896000000000000000e+03 5.332183227539062500e+02
2.592440000000000282e+02 3.296000000000000000e+03 5.332205810546875000e+02
2.595799999999999841e+02 3.763000000000000000e+03 5.332184448242187500e+02
2.599169999999999732e+02 3.886000000000000000e+03 5.332185058593750000e+02
2.602529999999999859e+02 3.266000000000000000e+03 5.332202758789062500e+02
2.605889999999999986e+02 2.708000000000000000e+03 5.332221069335937500e+02
2.609250000000000114e+02 2.126000000000000000e+03 5.332210083007812500e+02
2.612620000000000005e+02 1.800000000000000000e+03 5.332185668945312500e+02
2.615980000000000132e+02 1.063000000000000000e+03 5.332167358398437500e+02
2.619340000000000259e+02 7.870000000000000000e+02 5.332252197265625000e+02
2.622710000000000150e+02 5.590000000000000000e+02 5.332242431640625000e+02
2.626070000000000277e+02 3.510000000000000000e+02 5.332241821289062500e+02
2.629449999999999932e+02 4.270000000000000000e+02 5.332143554687500000e+02
2.632810000000000059e+02 2.410000000000000000e+02 5.332171020507812500e+02
2.636170000000000186e+02 2.220000000000000000e+02 5.332192382812500000e+02
2.639540000000000077e+02 1.370000000000000000e+02 5.332352905273437500e+02
2.642900000000000205e+02 1.740000000000000000e+02 5.332260131835937500e+02
2.646259999999999764e+02 1.420000000000000000e+02 5.332252197265625000e+02
2.649630000000000223e+02 2.150000000000000000e+02 5.332191772460937500e+02
