3.070129999999999768e+02 1.236000000000000000e+03 3.250311889648437500e+02
3.073489999999999895e+02 1.605000000000000000e+03 3.250334472656250000e+02
3.076850000000000023e+02 2.537000000000000000e+03 3.250313110351562500e+02
3.080219999999999914e+02 2.906000000000000000e+03 3.250311889648437500e+02
3.083580000000000041e+02 3.023000000000000000e+03 3.250299987792968750e+02
3.086940000000000168e+02 3.527000000000000000e+03 3.250303039550781250e+02
3.090299999999999727e+02 3.258000000000000000e+03 3.250334472656250000e+02
3.093670000000000186e+02 3.222000000000000000e+03 3.250295410156250000e+02
3.097040000000000077e+02 3.225000000000000000e+03 3.250310974121093750e+02
3.100400000000000205e+02 2.808000000000000000e+03 3.250340270996093750e+02
3.103759999999999764e+02 2.183000000000000000e+03 3.250328979492187500e+02
3.107130000000000223e+02 1.947000000000000000e+03 3.250343933105468750e+02
3.110489999999999782e+02 1.814000000000000000e+03 3.250304870605468750e+02
3.113849999999999909e+02 1.366000000000000000e+03 3.250307006835937500e+02
3.117219999999999800e+02 1.142000000000000000e+03 3.250350646972656250e+02
3.120579999999999927e+02 1.003000000000000000e+03 3.250343933105468750e+02
3.123940000000000055e+02 7.730000000000000000e+02 3.250334167480468750e+02
3.127300000000000182e+02 7.270000000000000000e+02 3.250340881347656250e+02
3.130670000000000073e+02 2.170000000000000000e+02 3.250480651855468750e+02
3.134049999999999727e+02 3.650000000000000000e+02 3.250414123535156250e+02
3.137409999999999854e+02 1.680000000000000000e+02 3.250339050292968750e+02
