3.238330000000000268e+02 1.130000000000000000e+02 4.230695190429687500e+02
3.241689999999999827e+02 2.160000000000000000e+02 4.230680236816406250e+02
3.245059999999999718e+02 6.980000000000000000e+02 4.230667419433593750e+02
3.248419999999999845e+02 1.090000000000000000e+03 4.230743103027343750e+02
3.251779999999999973e+02 1.852000000000000000e+03 4.230679626464843750e+02
3.255140000000000100e+02 2.852000000000000000e+03 4.230699157714843750e+02
3.258509999999999991e+02 3.248000000000000000e+03 4.230726623535156250e+02
3.261870000000000118e+02 3.512000000000000000e+03 4.230719604492187500e+02
3.265230000000000246e+02 3.453000000000000000e+03 4.230721130371093750e+02
3.268600000000000136e+02 3.102000000000000000e+03 4.230706787109375000e+02
3.271960000000000264e+02 2.244000000000000000e+03 4.230713806152343750e+02
3.275319999999999823e+02 2.140000000000000000e+03 4.230697937011718750e+02
3.278690000000000282e+02 1.565000000000000000e+03 4.230714416503906250e+02
3.282049999999999841e+02 1.221000000000000000e+03 4.230729675292968750e+02
3.285409999999999968e+02 7.720000000000000000e+02 4.230736999511718750e+02
3.288770000000000095e+02 6.540000000000000000e+02 4.230744628906250000e+02
3.292139999999999986e+02 5.690000000000000000e+02 4.230727539062500000e+02
3.295500000000000114e+02 3.020000000000000000e+02 4.230769958496093750e+02
3.298860000000000241e+02 3.290000000000000000e+02 4.230730285644531250e+02
3.302230000000000132e+02 2.630000000000000000e+02 4.230719604492187500e+02
3.305590000000000259e+02 1.410000000000000000e+02 4.230690307617187500e+02
3.308949999999999818e+02 1.570000000000000000e+02 4.230708312988281250e+02
