4.295400000000000063e+01 1.050000000000000000e+02 3.721144409179687500e+02
4.328999999999999915e+01 2.210000000000000000e+02 3.721042480468750000e+02
4.362599999999999767e+01 5.830000000000000000e+02 3.721068115234375000e+02
4.396300000000000097e+01 8.660000000000000000e+02 3.721146850585937500e+02
4.429899999999999949e+01 1.738000000000000000e+03 3.721119995117187500e+02
4.463499999999999801e+01 2.250000000000000000e+03 3.721146850585937500e+02
4.497200000000000131e+01 2.763000000000000000e+03 3.721132507324218750e+02
4.530799999999999983e+01 2.433000000000000000e+03 3.721141052246093750e+02
4.564399999999999835e+01 2.979000000000000000e+03 3.721132507324218750e+02
4.598100000000000165e+01 2.359000000000000000e+03 3.721139831542968750e+02
4.631700000000000017e+01 1.853000000000000000e+03 3.721125183105468750e+02
4.665299999999999869e+01 1.578000000000000000e+03 3.721133117675781250e+02
4.698899999999999721e+01 1.220000000000000000e+03 3.721110229492187500e+02
4.732600000000000051e+01 8.520000000000000000e+02 3.721140136718750000e+02
4.766199999999999903e+01 7.560000000000000000e+02 3.721112365722656250e+02
4.799799999999999756e+01 4.320000000000000000e+02 3.721132507324218750e+02
4.833500000000000085e+01 3.340000000000000000e+02 3.721091003417968750e+02
4.867099999999999937e+01 3.120000000000000000e+02 3.721142578125000000e+02
4.900699999999999790e+01 3.530000000000000000e+02 3.721109619140625000e+02
4.934400000000000119e+01 1.330000000000000000e+02 3.721211547851562500e+02
4.967999999999999972e+01 2.190000000000000000e+02 3.721138610839843750e+02
5.001599999999999824e+01 1.450000000000000000e+02 3.721160583496093750e+02
5.035199999999999676e+01 7.700000000000000000e+01 3.721170043945312500e+02
5.068900000000000006e+01 1.460000000000000000e+02 3.721128540039062500e+02
