1.892769999999999868e+02 1.030000000000000000e+02 4.750976562500000000e+02
1.896129999999999995e+02 1.380000000000000000e+02 4.751047058105468750e+02
1.899490000000000123e+02 3.210000000000000000e+02 4.751120605468750000e+02
1.902860000000000014e+02 4.550000000000000000e+02 4.751220703125000000e+02
1.906220000000000141e+02 8.100000000000000000e+02 4.751180725097656250e+02
1.909579999999999984e+02 1.529000000000000000e+03 4.751199035644531250e+02
1.912949999999999875e+02 1.858000000000000000e+03 4.751213684082031250e+02
1.916310000000000002e+02 2.293000000000000000e+03 4.751200561523437500e+02
1.919670000000000130e+02 2.617000000000000000e+03 4.751188049316406250e+02
1.923050000000000068e+02 2.896000000000000000e+03 4.751173400878906250e+02
1.926409999999999911e+02 2.506000000000000000e+03 4.751181640625000000e+02
1.929780000000000086e+02 1.792000000000000000e+03 4.751203308105468750e+02
1.933139999999999930e+02 1.561000000000000000e+03 4.751204223632812500e+02
1.936500000000000057e+02 8.430000000000000000e+02 4.751179809570312500e+02
1.939869999999999948e+02 8.040000000000000000e+02 4.751153869628906250e+02
1.943230000000000075e+02 7.040000000000000000e+02 4.751191101074218750e+02
1.946589999999999918e+02 5.280000000000000000e+02 4.751178283691406250e+02
1.949960000000000093e+02 3.320000000000000000e+02 4.751195983886718750e+02
1.953319999999999936e+02 2.240000000000000000e+02 4.751251831054687500e+02
1.956690000000000111e+02 1.960000000000000000e+02 4.751251831054687500e+02
