2.895210000000000150e+02 6.290000000000000000e+02 2.241085205078125000e+02
2.898570000000000277e+02 5.890000000000000000e+02 2.240986480712890625e+02
2.901940000000000168e+02 5.990000000000000000e+02 2.241033630371093750e+02
2.905299999999999727e+02 1.017000000000000000e+03 2.240967864990234375e+02
2.908659999999999854e+02 1.574000000000000000e+03 2.240966796875000000e+02
2.912029999999999745e+02 1.988000000000000000e+03 2.240945587158203125e+02
2.915389999999999873e+02 2.402000000000000000e+03 2.240939331054687500e+02
2.918750000000000000e+02 3.016000000000000000e+03 2.240932159423828125e+02
2.922119999999999891e+02 3.424000000000000000e+03 2.240943298339843750e+02
2.925480000000000018e+02 3.448000000000000000e+03 2.240933532714843750e+02
2.928840000000000146e+02 3.064000000000000000e+03 2.240943603515625000e+02
2.932219999999999800e+02 3.889000000000000000e+03 2.240936737060546875e+02
2.935579999999999927e+02 3.256000000000000000e+03 2.240930786132812500e+02
2.938949999999999818e+02 2.882000000000000000e+03 2.240937194824218750e+02
2.942309999999999945e+02 2.534000000000000000e+03 2.240926818847656250e+02
2.945670000000000073e+02 2.765000000000000000e+03 2.240929565429687500e+02
2.949039999999999964e+02 2.363000000000000000e+03 2.240974578857421875e+02
2.952400000000000091e+02 2.861000000000000000e+03 2.240946960449218750e+02
2.955760000000000218e+02 2.329000000000000000e+03 2.240959625244140625e+02
2.959130000000000109e+02 2.375000000000000000e+03 2.240935058593750000e+02
2.962490000000000236e+02 1.678000000000000000e+03 2.240943298339843750e+02
2.965849999999999795e+02 1.681000000000000000e+03 2.240980834960937500e+02
2.969209999999999923e+02 1.663000000000000000e+03 2.240977325439453125e+02
2.972579999999999814e+02 1.460000000000000000e+03 2.240954895019531250e+02
2.975939999999999941e+02 1.136000000000000000e+03 2.240998535156250000e+02
2.979300000000000068e+02 9.890000000000000000e+02 2.241005554199218750e+02
2.982669999999999959e+02 9.280000000000000000e+02 2.241006774902343750e+02
2.986030000000000086e+02 9.990000000000000000e+02 2.241015625000000000e+02
2.989390000000000214e+02 8.520000000000000000e+02 2.241018066406250000e+02
2.992760000000000105e+02 7.660000000000000000e+02 2.241004028320312500e+02
2.996120000000000232e+02 8.490000000000000000e+02 2.241025543212890625e+02
2.999479999999999791e+02 8.600000000000000000e+02 2.241034698486328125e+02
3.002839999999999918e+02 7.640000000000000000e+02 2.241072540283203125e+02
3.006209999999999809e+02 7.350000000000000000e+02 2.241029052734375000e+02
3.009569999999999936e+02 7.390000000000000000e+02 2.241037445068359375e+02
3.012930000000000064e+02 5.950000000000000000e+02 2.241065979003906250e+02
3.016299999999999955e+02 4.060000000000000000e+02 2.241077423095703125e+02
3.019660000000000082e+02 8.780000000000000000e+02 2.241075134277343750e+02
3.023020000000000209e+02 6.250000000000000000e+02 2.241058044433593750e+02
3.026390000000000100e+02 8.070000000000000000e+02 2.241034698486328125e+02
3.029750000000000227e+02 1.434000000000000000e+03 2.241084442138671875e+02
3.033129999999999882e+02 2.099000000000000000e+03 2.241071777343750000e+02
3.036490000000000009e+02 2.330000000000000000e+03 2.241049804687500000e+02
3.039850000000000136e+02 2.577000000000000000e+03 2.241069030761718750e+02
3.043220000000000027e+02 2.884000000000000000e+03 2.241050262451171875e+02
3.046580000000000155e+02 2.767000000000000000e+03 2.241066131591796875e+02
3.049940000000000282e+02 2.787000000000000000e+03 2.241056976318359375e+02
3.053310000000000173e+02 2.428000000000000000e+03 2.241065673828125000e+02
3.056669999999999732e+02 2.389000000000000000e+03 2.241051025390625000e+02
3.060040000000000191e+02 1.654000000000000000e+03 2.241064910888671875e+02
3.063399999999999750e+02 1.555000000000000000e+03 2.241060333251953125e+02
3.066759999999999877e+02 1.378000000000000000e+03 2.241062164306640625e+02
3.070129999999999768e+02 8.540000000000000000e+02 2.241059722900390625e+02
3.073489999999999895e+02 5.750000000000000000e+02 2.241045074462890625e+02
3.076850000000000023e+02 4.940000000000000000e+02 2.241054534912109375e+02
3.080219999999999914e+02 2.960000000000000000e+02 2.241092987060546875e+02
3.083580000000000041e+02 2.570000000000000000e+02 2.241066589355468750e+02
3.086940000000000168e+02 2.050000000000000000e+02 2.241110534667968750e+02
3.090299999999999727e+02 2.870000000000000000e+02 2.241071014404296875e+02
3.093670000000000186e+02 2.180000000000000000e+02 2.240988311767578125e+02
3.097040000000000077e+02 1.540000000000000000e+02 2.241061248779296875e+02
3.100400000000000205e+02 3.660000000000000000e+02 2.241070251464843750e+02
3.103759999999999764e+02 3.120000000000000000e+02 2.241059112548828125e+02
3.107130000000000223e+02 3.410000000000000000e+02 2.241030731201171875e+02
3.110489999999999782e+02 2.680000000000000000e+02 2.241066436767578125e+02
3.113849999999999909e+02 3.840000000000000000e+02 2.241060943603515625e+02
3.117219999999999800e+02 3.240000000000000000e+02 2.241043701171875000e+02
3.120579999999999927e+02 3.030000000000000000e+02 2.241065063476562500e+02
3.123940000000000055e+02 5.930000000000000000e+02 2.241018066406250000e+02
3.127300000000000182e+02 4.880000000000000000e+02 2.241061553955078125e+02
3.130670000000000073e+02 6.950000000000000000e+02 2.241055755615234375e+02
3.134049999999999727e+02 5.060000000000000000e+02 2.241058349609375000e+02
3.137409999999999854e+02 4.820000000000000000e+02 2.241064453125000000e+02
3.140779999999999745e+02 5.840000000000000000e+02 2.241039733886718750e+02
3.144139999999999873e+02 5.580000000000000000e+02 2.241024932861328125e+02
3.147509999999999764e+02 7.780000000000000000e+02 2.241081237792968750e+02
3.150869999999999891e+02 8.230000000000000000e+02 2.241054992675781250e+02
3.154230000000000018e+02 7.770000000000000000e+02 2.241074523925781250e+02
3.157599999999999909e+02 9.680000000000000000e+02 2.241062774658203125e+02
3.160960000000000036e+02 1.265000000000000000e+03 2.241073760986328125e+02
3.164320000000000164e+02 8.340000000000000000e+02 2.241034698486328125e+02
3.167679999999999723e+02 8.150000000000000000e+02 2.241048278808593750e+02
3.171050000000000182e+02 7.720000000000000000e+02 2.241040039062500000e+02
3.174409999999999741e+02 4.870000000000000000e+02 2.241062622070312500e+02
3.177769999999999868e+02 9.760000000000000000e+02 2.241066741943359375e+02
3.181139999999999759e+02 7.110000000000000000e+02 2.241073150634765625e+02
3.184499999999999886e+02 4.460000000000000000e+02 2.241056823730468750e+02
3.187860000000000014e+02 6.370000000000000000e+02 2.241066284179687500e+02
