3.049940000000000282e+02 1.850000000000000000e+02 5.381817016601562500e+02
3.053310000000000173e+02 3.140000000000000000e+02 5.381769409179687500e+02
3.056669999999999732e+02 7.620000000000000000e+02 5.381755371093750000e+02
3.060040000000000191e+02 1.072000000000000000e+03 5.381758422851562500e+02
3.063399999999999750e+02 1.978000000000000000e+03 5.381734619140625000e+02
3.066759999999999877e+02 2.342000000000000000e+03 5.381735839843750000e+02
3.070129999999999768e+02 2.616000000000000000e+03 5.381732788085937500e+02
3.073489999999999895e+02 2.826000000000000000e+03 5.381746826171875000e+02
3.076850000000000023e+02 2.620000000000000000e+03 5.381729125976562500e+02
3.080219999999999914e+02 2.150000000000000000e+03 5.381747436523437500e+02
3.083580000000000041e+02 2.131000000000000000e+03 5.381808471679687500e+02
3.086940000000000168e+02 1.301000000000000000e+03 5.381854248046875000e+02
