8.378279999999999745e+02 1.630000000000000000e+02 2.751629943847656250e+02
8.381639999999999873e+02 3.050000000000000000e+02 2.751632995605468750e+02
8.385059999999999718e+02 7.590000000000000000e+02 2.751542663574218750e+02
8.388419999999999845e+02 8.410000000000000000e+02 2.751565246582031250e+02
8.391779999999999973e+02 1.247000000000000000e+03 2.751619262695312500e+02
8.395140000000000100e+02 1.380000000000000000e+03 2.751560058593750000e+02
8.398500000000000227e+02 1.845000000000000000e+03 2.751607055664062500e+02
8.401860000000000355e+02 2.101000000000000000e+03 2.751594543457031250e+02
8.405220000000000482e+02 2.011000000000000000e+03 2.751582946777343750e+02
8.408579999999999472e+02 1.747000000000000000e+03 2.751578674316406250e+02
8.411939999999999600e+02 1.477000000000000000e+03 2.751599426269531250e+02
8.415299999999999727e+02 1.317000000000000000e+03 2.751593017578125000e+02
8.418659999999999854e+02 1.189000000000000000e+03 2.751592407226562500e+02
8.422019999999999982e+02 1.156000000000000000e+03 2.751596984863281250e+02
8.425380000000000109e+02 7.200000000000000000e+02 2.751608276367187500e+02
8.428740000000000236e+02 6.270000000000000000e+02 2.751571044921875000e+02
8.432100000000000364e+02 4.460000000000000000e+02 2.751564636230468750e+02
8.435460000000000491e+02 3.080000000000000000e+02 2.751608886718750000e+02
8.438819999999999482e+02 2.170000000000000000e+02 2.751562500000000000e+02
8.442179999999999609e+02 2.800000000000000000e+02 2.751573181152343750e+02
8.445599999999999454e+02 1.570000000000000000e+02 2.751589660644531250e+02
8.448959999999999582e+02 1.220000000000000000e+02 2.751439819335937500e+02
8.452319999999999709e+02 2.100000000000000000e+01 2.751419677734375000e+02
8.455679999999999836e+02 1.030000000000000000e+02 2.751524658203125000e+02
8.459039999999999964e+02 7.500000000000000000e+01 2.751743774414062500e+02
8.462400000000000091e+02 4.900000000000000000e+01 2.751571350097656250e+02
8.465760000000000218e+02 1.280000000000000000e+02 2.751689147949218750e+02
8.469120000000000346e+02 6.900000000000000000e+01 2.751657104492187500e+02
8.472480000000000473e+02 7.100000000000000000e+01 2.751433410644531250e+02
8.475839999999999463e+02 9.100000000000000000e+01 2.751437683105468750e+02
8.479199999999999591e+02 5.100000000000000000e+01 2.751488037109375000e+02
8.482559999999999718e+02 7.800000000000000000e+01 2.751481018066406250e+02
