2.733720000000000141e+02 1.120000000000000000e+02 1.320430755615234375e+02
2.737090000000000032e+02 5.240000000000000000e+02 1.320498504638671875e+02
2.740450000000000159e+02 1.746000000000000000e+03 1.320495605468750000e+02
2.743820000000000050e+02 3.736000000000000000e+03 1.320493469238281250e+02
2.747180000000000177e+02 6.848000000000000000e+03 1.320491943359375000e+02
2.750539999999999736e+02 1.173100000000000000e+04 1.320484466552734375e+02
2.753910000000000196e+02 1.319300000000000000e+04 1.320491790771484375e+02
2.757269999999999754e+02 1.508800000000000000e+04 1.320488891601562500e+02
2.760629999999999882e+02 1.699300000000000000e+04 1.320494689941406250e+02
2.763990000000000009e+02 1.873400000000000000e+04 1.320487365722656250e+02
2.767359999999999900e+02 1.881100000000000000e+04 1.320486755371093750e+02
2.770720000000000027e+02 1.774100000000000000e+04 1.320482025146484375e+02
2.774080000000000155e+02 1.768600000000000000e+04 1.320489044189453125e+02
2.777450000000000045e+02 1.709300000000000000e+04 1.320491485595703125e+02
2.780810000000000173e+02 1.602100000000000000e+04 1.320490722656250000e+02
2.784169999999999732e+02 1.595000000000000000e+04 1.320488128662109375e+02
2.787540000000000191e+02 1.470200000000000000e+04 1.320488891601562500e+02
2.790910000000000082e+02 1.295900000000000000e+04 1.320496520996093750e+02
2.794270000000000209e+02 1.307900000000000000e+04 1.320482177734375000e+02
2.797629999999999768e+02 1.177100000000000000e+04 1.320490570068359375e+02
2.801000000000000227e+02 9.937000000000000000e+03 1.320492095947265625e+02
2.804359999999999786e+02 9.759000000000000000e+03 1.320489501953125000e+02
2.807719999999999914e+02 9.347000000000000000e+03 1.320486450195312500e+02
2.811089999999999804e+02 8.168000000000000000e+03 1.320495910644531250e+02
2.814449999999999932e+02 8.021000000000000000e+03 1.320480804443359375e+02
2.817810000000000059e+02 6.807000000000000000e+03 1.320500946044921875e+02
2.821179999999999950e+02 5.463000000000000000e+03 1.320490264892578125e+02
2.824540000000000077e+02 5.103000000000000000e+03 1.320491943359375000e+02
2.827900000000000205e+02 4.140000000000000000e+03 1.320489501953125000e+02
2.831279999999999859e+02 3.635000000000000000e+03 1.320491333007812500e+02
2.834639999999999986e+02 2.906000000000000000e+03 1.320496368408203125e+02
2.838009999999999877e+02 2.128000000000000000e+03 1.320476837158203125e+02
2.841370000000000005e+02 1.624000000000000000e+03 1.320488586425781250e+02
2.844730000000000132e+02 1.274000000000000000e+03 1.320478057861328125e+02
2.848090000000000259e+02 1.172000000000000000e+03 1.320482940673828125e+02
2.851460000000000150e+02 1.069000000000000000e+03 1.320488128662109375e+02
2.854820000000000277e+02 6.570000000000000000e+02 1.320490264892578125e+02
2.858179999999999836e+02 8.810000000000000000e+02 1.320469665527343750e+02
2.861549999999999727e+02 4.580000000000000000e+02 1.320505676269531250e+02
2.864909999999999854e+02 3.190000000000000000e+02 1.320481872558593750e+02
2.868269999999999982e+02 3.720000000000000000e+02 1.320476989746093750e+02
2.871639999999999873e+02 3.000000000000000000e+02 1.320464019775390625e+02
2.875000000000000000e+02 1.750000000000000000e+02 1.320505981445312500e+02
2.878360000000000127e+02 2.960000000000000000e+02 1.320501403808593750e+02
2.881730000000000018e+02 2.030000000000000000e+02 1.320480957031250000e+02
2.885090000000000146e+02 2.780000000000000000e+02 1.320526733398437500e+02
2.888460000000000036e+02 2.130000000000000000e+02 1.320511169433593750e+02
2.891850000000000023e+02 1.840000000000000000e+02 1.320481872558593750e+02
2.895210000000000150e+02 1.080000000000000000e+02 1.320512084960937500e+02
2.898570000000000277e+02 3.010000000000000000e+02 1.320476989746093750e+02
2.901940000000000168e+02 1.750000000000000000e+02 1.320503997802734375e+02
2.905299999999999727e+02 1.090000000000000000e+02 1.320456390380859375e+02
2.908659999999999854e+02 1.680000000000000000e+02 1.320452575683593750e+02
2.912029999999999745e+02 5.900000000000000000e+01 1.320545043945312500e+02
