1.882680000000000007e+02 6.000000000000000000e+01 9.292630615234375000e+02
1.886040000000000134e+02 1.920000000000000000e+02 9.292684936523437500e+02
1.889410000000000025e+02 4.570000000000000000e+02 9.292537231445312500e+02
1.892769999999999868e+02 8.810000000000000000e+02 9.292573242187500000e+02
1.896129999999999995e+02 1.080000000000000000e+03 9.292601928710937500e+02
1.899490000000000123e+02 1.290000000000000000e+03 9.292593994140625000e+02
1.902860000000000014e+02 1.248000000000000000e+03 9.292512207031250000e+02
1.906220000000000141e+02 1.074000000000000000e+03 9.292552490234375000e+02
1.909579999999999984e+02 1.004000000000000000e+03 9.292489013671875000e+02
1.912949999999999875e+02 8.470000000000000000e+02 9.292572021484375000e+02
1.916310000000000002e+02 5.260000000000000000e+02 9.292639160156250000e+02
1.919670000000000130e+02 4.250000000000000000e+02 9.292672119140625000e+02
1.923050000000000068e+02 6.160000000000000000e+02 9.292574462890625000e+02
1.926409999999999911e+02 8.440000000000000000e+02 9.292578125000000000e+02
1.929780000000000086e+02 1.101000000000000000e+03 9.292593994140625000e+02
1.933139999999999930e+02 1.268000000000000000e+03 9.292627563476562500e+02
1.936500000000000057e+02 1.484000000000000000e+03 9.292559814453125000e+02
1.939869999999999948e+02 1.593000000000000000e+03 9.292597656250000000e+02
1.943230000000000075e+02 1.557000000000000000e+03 9.292615966796875000e+02
1.946589999999999918e+02 1.655000000000000000e+03 9.292592163085937500e+02
1.949960000000000093e+02 1.684000000000000000e+03 9.292551879882812500e+02
1.953319999999999936e+02 1.622000000000000000e+03 9.292557983398437500e+02
1.956690000000000111e+02 1.568000000000000000e+03 9.292615356445312500e+02
1.960049999999999955e+02 1.653000000000000000e+03 9.292601318359375000e+02
1.963410000000000082e+02 1.131000000000000000e+03 9.292620849609375000e+02
1.966779999999999973e+02 1.069000000000000000e+03 9.292501831054687500e+02
1.970140000000000100e+02 1.005000000000000000e+03 9.292557983398437500e+02
1.973499999999999943e+02 6.380000000000000000e+02 9.292401123046875000e+02
1.976870000000000118e+02 3.710000000000000000e+02 9.292448120117187500e+02
