4.228099999999999881e+01 9.900000000000000000e+01 2.411418609619140625e+02
4.261800000000000210e+01 1.240000000000000000e+02 2.411461639404296875e+02
4.295400000000000063e+01 2.070000000000000000e+02 2.411541595458984375e+02
4.328999999999999915e+01 5.040000000000000000e+02 2.411573791503906250e+02
4.362599999999999767e+01 7.620000000000000000e+02 2.411573638916015625e+02
4.396300000000000097e+01 1.265000000000000000e+03 2.411496582031250000e+02
4.429899999999999949e+01 1.538000000000000000e+03 2.411521453857421875e+02
4.463499999999999801e+01 1.468000000000000000e+03 2.411520080566406250e+02
4.497200000000000131e+01 1.231000000000000000e+03 2.411533508300781250e+02
4.530799999999999983e+01 1.211000000000000000e+03 2.411549072265625000e+02
4.564399999999999835e+01 1.659000000000000000e+03 2.411547851562500000e+02
4.598100000000000165e+01 1.426000000000000000e+03 2.411516571044921875e+02
4.631700000000000017e+01 1.354000000000000000e+03 2.411519775390625000e+02
4.665299999999999869e+01 1.175000000000000000e+03 2.411510162353515625e+02
4.698899999999999721e+01 1.135000000000000000e+03 2.411530609130859375e+02
4.732600000000000051e+01 1.188000000000000000e+03 2.411525421142578125e+02
4.766199999999999903e+01 1.300000000000000000e+03 2.411516723632812500e+02
4.799799999999999756e+01 1.216000000000000000e+03 2.411544036865234375e+02
4.833500000000000085e+01 1.350000000000000000e+03 2.411507873535156250e+02
4.867099999999999937e+01 1.100000000000000000e+03 2.411520996093750000e+02
4.900699999999999790e+01 1.174000000000000000e+03 2.411526947021484375e+02
4.934400000000000119e+01 9.560000000000000000e+02 2.411516571044921875e+02
4.967999999999999972e+01 9.780000000000000000e+02 2.411553192138671875e+02
5.001599999999999824e+01 7.690000000000000000e+02 2.411522979736328125e+02
5.035199999999999676e+01 9.440000000000000000e+02 2.411534729003906250e+02
5.068900000000000006e+01 1.062000000000000000e+03 2.411527862548828125e+02
5.102700000000000102e+01 8.950000000000000000e+02 2.411526489257812500e+02
5.136299999999999955e+01 9.090000000000000000e+02 2.411501464843750000e+02
5.170000000000000284e+01 6.470000000000000000e+02 2.411539916992187500e+02
5.203600000000000136e+01 6.040000000000000000e+02 2.411531524658203125e+02
5.237199999999999989e+01 4.320000000000000000e+02 2.411501159667968750e+02
5.270799999999999841e+01 9.290000000000000000e+02 2.411523742675781250e+02
5.304500000000000171e+01 7.580000000000000000e+02 2.411539001464843750e+02
5.338100000000000023e+01 6.160000000000000000e+02 2.411561126708984375e+02
5.371800000000000352e+01 6.950000000000000000e+02 2.411502380371093750e+02
5.405400000000000205e+01 5.920000000000000000e+02 2.411526336669921875e+02
5.439099999999999824e+01 7.950000000000000000e+02 2.411538238525390625e+02
5.472699999999999676e+01 7.010000000000000000e+02 2.411503753662109375e+02
5.506300000000000239e+01 5.730000000000000000e+02 2.411498260498046875e+02
5.539999999999999858e+01 5.990000000000000000e+02 2.411543884277343750e+02
5.573599999999999710e+01 6.750000000000000000e+02 2.411533660888671875e+02
5.607200000000000273e+01 5.500000000000000000e+02 2.411569061279296875e+02
5.640899999999999892e+01 7.280000000000000000e+02 2.411533966064453125e+02
5.674499999999999744e+01 4.760000000000000000e+02 2.411532897949218750e+02
5.708100000000000307e+01 4.380000000000000000e+02 2.411574096679687500e+02
5.741700000000000159e+01 5.360000000000000000e+02 2.411546478271484375e+02
5.775399999999999778e+01 6.380000000000000000e+02 2.411520690917968750e+02
5.809000000000000341e+01 4.650000000000000000e+02 2.411522216796875000e+02
5.842600000000000193e+01 6.460000000000000000e+02 2.411536712646484375e+02
5.876299999999999812e+01 4.680000000000000000e+02 2.411512908935546875e+02
5.909899999999999665e+01 6.300000000000000000e+02 2.411482391357421875e+02
5.943500000000000227e+01 4.550000000000000000e+02 2.411531524658203125e+02
5.977199999999999847e+01 5.220000000000000000e+02 2.411529541015625000e+02
6.010799999999999699e+01 4.430000000000000000e+02 2.411540679931640625e+02
