2.646259999999999764e+02 1.330000000000000000e+02 5.410976562500000000e+02
2.649630000000000223e+02 1.320000000000000000e+02 5.411134033203125000e+02
2.652989999999999782e+02 3.710000000000000000e+02 5.411002197265625000e+02
2.656349999999999909e+02 5.170000000000000000e+02 5.411070556640625000e+02
2.659719999999999800e+02 7.100000000000000000e+02 5.411088867187500000e+02
2.663079999999999927e+02 4.500000000000000000e+02 5.411088867187500000e+02
2.666440000000000055e+02 9.360000000000000000e+02 5.411071777343750000e+02
2.669800000000000182e+02 9.600000000000000000e+02 5.411015014648437500e+02
2.673170000000000073e+02 8.900000000000000000e+02 5.411007690429687500e+02
2.676530000000000200e+02 8.830000000000000000e+02 5.411021728515625000e+02
2.679889999999999759e+02 1.285000000000000000e+03 5.410964965820312500e+02
2.683260000000000218e+02 9.990000000000000000e+02 5.410995483398437500e+02
2.686619999999999777e+02 1.381000000000000000e+03 5.411017456054687500e+02
2.689979999999999905e+02 1.338000000000000000e+03 5.411024780273437500e+02
2.693349999999999795e+02 1.482000000000000000e+03 5.410993041992187500e+02
2.696709999999999923e+02 1.299000000000000000e+03 5.410999755859375000e+02
2.700070000000000050e+02 9.400000000000000000e+02 5.410980834960937500e+02
2.703430000000000177e+02 1.000000000000000000e+03 5.411006469726562500e+02
2.706800000000000068e+02 1.007000000000000000e+03 5.410997924804687500e+02
2.710160000000000196e+02 1.150000000000000000e+03 5.410975341796875000e+02
2.713519999999999754e+02 5.000000000000000000e+02 5.411035156250000000e+02
2.716890000000000214e+02 6.480000000000000000e+02 5.411029052734375000e+02
2.720249999999999773e+02 4.840000000000000000e+02 5.410955810546875000e+02
2.723609999999999900e+02 2.940000000000000000e+02 5.411136474609375000e+02
2.726979999999999791e+02 3.110000000000000000e+02 5.410809326171875000e+02
2.730350000000000250e+02 1.830000000000000000e+02 5.411066894531250000e+02
2.733720000000000141e+02 1.270000000000000000e+02 5.410831909179687500e+02
