2.478999999999999915e+01 6.900000000000000000e+01 1.751164550781250000e+02
2.512600000000000122e+01 7.100000000000000000e+01 1.751222534179687500e+02
2.546199999999999974e+01 1.280000000000000000e+02 1.751307830810546875e+02
2.579799999999999827e+01 2.940000000000000000e+02 1.751166687011718750e+02
2.613500000000000156e+01 4.500000000000000000e+02 1.751167755126953125e+02
2.647100000000000009e+01 5.020000000000000000e+02 1.751176605224609375e+02
2.680699999999999861e+01 6.900000000000000000e+02 1.751207427978515625e+02
2.714399999999999835e+01 4.600000000000000000e+02 1.751163787841796875e+02
2.748000000000000043e+01 3.820000000000000000e+02 1.751173858642578125e+02
2.781599999999999895e+01 4.000000000000000000e+02 1.751188659667968750e+02
2.815299999999999869e+01 5.540000000000000000e+02 1.751171112060546875e+02
2.848900000000000077e+01 5.710000000000000000e+02 1.751164245605468750e+02
2.882499999999999929e+01 5.220000000000000000e+02 1.751186065673828125e+02
2.916100000000000136e+01 7.190000000000000000e+02 1.751191253662109375e+02
2.949800000000000111e+01 6.650000000000000000e+02 1.751204833984375000e+02
2.983399999999999963e+01 8.980000000000000000e+02 1.751196899414062500e+02
3.017000000000000171e+01 1.391000000000000000e+03 1.751184082031250000e+02
3.050700000000000145e+01 1.395000000000000000e+03 1.751191101074218750e+02
3.084400000000000119e+01 1.279000000000000000e+03 1.751186370849609375e+02
3.118100000000000094e+01 1.120000000000000000e+03 1.751187133789062500e+02
3.151699999999999946e+01 1.253000000000000000e+03 1.751149444580078125e+02
3.185300000000000153e+01 6.870000000000000000e+02 1.751179656982421875e+02
3.218999999999999773e+01 8.190000000000000000e+02 1.751174316406250000e+02
3.252600000000000335e+01 7.810000000000000000e+02 1.751166839599609375e+02
3.286200000000000188e+01 6.200000000000000000e+02 1.751162414550781250e+02
3.319800000000000040e+01 6.660000000000000000e+02 1.751182403564453125e+02
3.353499999999999659e+01 6.050000000000000000e+02 1.751159667968750000e+02
3.387100000000000222e+01 4.440000000000000000e+02 1.751145477294921875e+02
3.420700000000000074e+01 3.710000000000000000e+02 1.751186065673828125e+02
3.454399999999999693e+01 4.360000000000000000e+02 1.751156158447265625e+02
3.488000000000000256e+01 3.460000000000000000e+02 1.751179504394531250e+02
3.521600000000000108e+01 2.230000000000000000e+02 1.751184997558593750e+02
3.555299999999999727e+01 2.980000000000000000e+02 1.751173706054687500e+02
3.588900000000000290e+01 3.220000000000000000e+02 1.751185913085937500e+02
3.622500000000000142e+01 2.470000000000000000e+02 1.751204376220703125e+02
3.656199999999999761e+01 1.800000000000000000e+02 1.751152648925781250e+02
3.689800000000000324e+01 1.270000000000000000e+02 1.751141204833984375e+02
3.723400000000000176e+01 2.090000000000000000e+02 1.751198730468750000e+02
3.757000000000000028e+01 1.520000000000000000e+02 1.751186828613281250e+02
3.790699999999999648e+01 1.520000000000000000e+02 1.751129302978515625e+02
3.824300000000000210e+01 1.700000000000000000e+02 1.751195983886718750e+02
3.857999999999999829e+01 1.520000000000000000e+02 1.751191406250000000e+02
3.891700000000000159e+01 2.090000000000000000e+02 1.751181182861328125e+02
3.925300000000000011e+01 8.400000000000000000e+01 1.751253051757812500e+02
3.958899999999999864e+01 1.480000000000000000e+02 1.751210021972656250e+02
3.992600000000000193e+01 1.150000000000000000e+02 1.751171417236328125e+02
4.026200000000000045e+01 7.500000000000000000e+01 1.751200866699218750e+02
4.059799999999999898e+01 2.600000000000000000e+01 1.751071166992187500e+02
4.093599999999999994e+01 4.900000000000000000e+01 1.751193389892578125e+02
4.127199999999999847e+01 8.200000000000000000e+01 1.751149444580078125e+02
4.160900000000000176e+01 1.170000000000000000e+02 1.751181335449218750e+02
4.194500000000000028e+01 5.900000000000000000e+01 1.751359558105468750e+02
4.228099999999999881e+01 1.020000000000000000e+02 1.751166687011718750e+02
4.261800000000000210e+01 1.590000000000000000e+02 1.751200866699218750e+02
4.295400000000000063e+01 6.900000000000000000e+01 1.751156616210937500e+02
4.328999999999999915e+01 1.670000000000000000e+02 1.751160125732421875e+02
4.362599999999999767e+01 9.800000000000000000e+01 1.751254425048828125e+02
4.396300000000000097e+01 1.870000000000000000e+02 1.751114349365234375e+02
4.429899999999999949e+01 1.030000000000000000e+02 1.751122589111328125e+02
4.463499999999999801e+01 7.300000000000000000e+01 1.751141510009765625e+02
4.497200000000000131e+01 9.600000000000000000e+01 1.751131591796875000e+02
