7.029360000000000355e+02 8.600000000000000000e+01 5.443309326171875000e+02
7.032720000000000482e+02 8.100000000000000000e+01 5.443171997070312500e+02
7.036079999999999472e+02 4.700000000000000000e+01 5.443319702148437500e+02
7.039439999999999600e+02 3.200000000000000000e+01 5.443217163085937500e+02
7.042799999999999727e+02 3.100000000000000000e+01 5.443408203125000000e+02
7.046159999999999854e+02 6.400000000000000000e+01 5.443326416015625000e+02
7.049519999999999982e+02 4.300000000000000000e+01 5.443386230468750000e+02
7.052880000000000109e+02 8.200000000000000000e+01 5.443470458984375000e+02
7.056299999999999955e+02 1.230000000000000000e+02 5.443416137695312500e+02
7.059660000000000082e+02 2.220000000000000000e+02 5.443357543945312500e+02
7.062960000000000491e+02 2.790000000000000000e+02 5.443281860351562500e+02
7.066380000000000337e+02 2.330000000000000000e+02 5.443419189453125000e+02
7.069740000000000464e+02 3.450000000000000000e+02 5.443304443359375000e+02
7.073099999999999454e+02 4.300000000000000000e+02 5.443356323242187500e+02
7.076459999999999582e+02 3.700000000000000000e+02 5.443316650390625000e+02
7.079819999999999709e+02 3.710000000000000000e+02 5.443326416015625000e+02
7.083179999999999836e+02 6.030000000000000000e+02 5.443340454101562500e+02
7.086539999999999964e+02 5.200000000000000000e+02 5.443338012695312500e+02
7.089900000000000091e+02 8.060000000000000000e+02 5.443327026367187500e+02
7.093260000000000218e+02 1.039000000000000000e+03 5.443308105468750000e+02
7.096620000000000346e+02 9.700000000000000000e+02 5.443273925781250000e+02
7.099980000000000473e+02 8.950000000000000000e+02 5.443358154296875000e+02
7.103339999999999463e+02 1.293000000000000000e+03 5.443373413085937500e+02
7.106760000000000446e+02 1.202000000000000000e+03 5.443319702148437500e+02
7.110059999999999718e+02 1.188000000000000000e+03 5.443332519531250000e+02
7.113479999999999563e+02 1.198000000000000000e+03 5.443300170898437500e+02
7.116839999999999691e+02 1.020000000000000000e+03 5.443331909179687500e+02
7.120199999999999818e+02 1.067000000000000000e+03 5.443297729492187500e+02
7.123559999999999945e+02 6.160000000000000000e+02 5.443322143554687500e+02
7.126920000000000073e+02 5.620000000000000000e+02 5.443399047851562500e+02
7.130280000000000200e+02 3.800000000000000000e+02 5.443425292968750000e+02
7.133640000000000327e+02 3.880000000000000000e+02 5.443259887695312500e+02
7.137000000000000455e+02 4.660000000000000000e+02 5.443302612304687500e+02
7.140359999999999445e+02 2.300000000000000000e+02 5.443258056640625000e+02
7.143719999999999573e+02 1.650000000000000000e+02 5.443304443359375000e+02
7.147079999999999700e+02 1.700000000000000000e+02 5.443321533203125000e+02
7.150439999999999827e+02 8.600000000000000000e+01 5.443402709960937500e+02
7.153799999999999955e+02 1.180000000000000000e+02 5.443439331054687500e+02
7.157160000000000082e+02 1.260000000000000000e+02 5.443268432617187500e+02
