2.054319999999999879e+02 1.910000000000000000e+02 3.101595458984375000e+02
2.057690000000000055e+02 1.820000000000000000e+02 3.101481018066406250e+02
2.061049999999999898e+02 2.480000000000000000e+02 3.101575317382812500e+02
2.064410000000000025e+02 1.780000000000000000e+02 3.101580810546875000e+02
2.067779999999999916e+02 2.270000000000000000e+02 3.101572265625000000e+02
2.071140000000000043e+02 1.840000000000000000e+02 3.101520385742187500e+02
2.074499999999999886e+02 1.230000000000000000e+02 3.101420593261718750e+02
2.077870000000000061e+02 1.360000000000000000e+02 3.101521606445312500e+02
2.081229999999999905e+02 3.090000000000000000e+02 3.101546936035156250e+02
2.084590000000000032e+02 2.880000000000000000e+02 3.101509399414062500e+02
2.087949999999999875e+02 2.500000000000000000e+02 3.101584777832031250e+02
2.091320000000000050e+02 2.110000000000000000e+02 3.101509094238281250e+02
2.094679999999999893e+02 1.790000000000000000e+02 3.101539306640625000e+02
2.098060000000000116e+02 2.110000000000000000e+02 3.101547241210937500e+02
2.101419999999999959e+02 2.150000000000000000e+02 3.101572570800781250e+02
2.104780000000000086e+02 2.250000000000000000e+02 3.101490478515625000e+02
2.108149999999999977e+02 2.800000000000000000e+02 3.101507873535156250e+02
2.111510000000000105e+02 2.960000000000000000e+02 3.101544799804687500e+02
2.114869999999999948e+02 3.680000000000000000e+02 3.101563415527343750e+02
2.118240000000000123e+02 2.320000000000000000e+02 3.101448669433593750e+02
2.121599999999999966e+02 2.820000000000000000e+02 3.101563415527343750e+02
2.124960000000000093e+02 2.680000000000000000e+02 3.101527099609375000e+02
2.128329999999999984e+02 2.540000000000000000e+02 3.101463012695312500e+02
2.131699999999999875e+02 3.580000000000000000e+02 3.101475219726562500e+02
2.135060000000000002e+02 2.240000000000000000e+02 3.101476745605468750e+02
2.138429999999999893e+02 2.340000000000000000e+02 3.101513366699218750e+02
2.141790000000000020e+02 4.260000000000000000e+02 3.101547241210937500e+02
2.145149999999999864e+02 1.690000000000000000e+02 3.101535949707031250e+02
2.148520000000000039e+02 1.620000000000000000e+02 3.101502990722656250e+02
2.151879999999999882e+02 2.240000000000000000e+02 3.101517639160156250e+02
2.155240000000000009e+02 2.500000000000000000e+02 3.101452026367187500e+02
2.158609999999999900e+02 3.680000000000000000e+02 3.101604919433593750e+02
2.161970000000000027e+02 4.154000000000000000e+03 3.101578979492187500e+02
2.165329999999999870e+02 2.342600000000000000e+04 3.101582031250000000e+02
2.168689999999999998e+02 7.017300000000000000e+04 3.101587219238281250e+02
2.172059999999999889e+02 1.585460000000000000e+05 3.101591491699218750e+02
2.175420000000000016e+02 2.687070000000000000e+05 3.101596679687500000e+02
2.178779999999999859e+02 3.757890000000000000e+05 3.101612243652343750e+02
2.182150000000000034e+02 4.692320000000000000e+05 3.101604919433593750e+02
2.185509999999999877e+02 5.300760000000000000e+05 3.101604003906250000e+02
2.188870000000000005e+02 5.697350000000000000e+05 3.101606750488281250e+02
2.192239999999999895e+02 5.872270000000000000e+05 3.101610107421875000e+02
2.195600000000000023e+02 6.017820000000000000e+05 3.101611022949218750e+02
2.198979999999999961e+02 6.003820000000000000e+05 3.101611938476562500e+02
2.202340000000000089e+02 6.063550000000000000e+05 3.101616516113281250e+02
2.205699999999999932e+02 6.007540000000000000e+05 3.101618041992187500e+02
2.209070000000000107e+02 6.048630000000000000e+05 3.101611328125000000e+02
2.212429999999999950e+02 5.961480000000000000e+05 3.101618041992187500e+02
2.215790000000000077e+02 6.004860000000000000e+05 3.101620483398437500e+02
2.219159999999999968e+02 6.027300000000000000e+05 3.101613464355468750e+02
2.222520000000000095e+02 5.861800000000000000e+05 3.101612243652343750e+02
2.225879999999999939e+02 5.835390000000000000e+05 3.101614685058593750e+02
2.229240000000000066e+02 5.655500000000000000e+05 3.101624755859375000e+02
2.232609999999999957e+02 5.620200000000000000e+05 3.101612548828125000e+02
2.235970000000000084e+02 5.485100000000000000e+05 3.101609802246093750e+02
2.239329999999999927e+02 5.354230000000000000e+05 3.101611328125000000e+02
2.242700000000000102e+02 5.230000000000000000e+05 3.101615295410156250e+02
2.246059999999999945e+02 5.013670000000000000e+05 3.101623229980468750e+02
2.249420000000000073e+02 4.993760000000000000e+05 3.101615600585937500e+02
2.252789999999999964e+02 4.916500000000000000e+05 3.101614685058593750e+02
2.256150000000000091e+02 4.736730000000000000e+05 3.101611633300781250e+02
2.259509999999999934e+02 4.660440000000000000e+05 3.101610107421875000e+02
2.262880000000000109e+02 4.501030000000000000e+05 3.101610717773437500e+02
2.266239999999999952e+02 4.336310000000000000e+05 3.101621704101562500e+02
2.269600000000000080e+02 4.200710000000000000e+05 3.101621704101562500e+02
2.272969999999999970e+02 4.018090000000000000e+05 3.101616516113281250e+02
2.276330000000000098e+02 3.791620000000000000e+05 3.101620178222656250e+02
2.279689999999999941e+02 3.756160000000000000e+05 3.101612243652343750e+02
2.283060000000000116e+02 3.840640000000000000e+05 3.101612548828125000e+02
2.286419999999999959e+02 3.918650000000000000e+05 3.101610107421875000e+02
2.289790000000000134e+02 4.020360000000000000e+05 3.101617431640625000e+02
2.293149999999999977e+02 4.186380000000000000e+05 3.101606445312500000e+02
2.296510000000000105e+02 4.293940000000000000e+05 3.101617736816406250e+02
2.299890000000000043e+02 4.294120000000000000e+05 3.101603088378906250e+02
2.303249999999999886e+02 4.228780000000000000e+05 3.101604614257812500e+02
2.306620000000000061e+02 4.027340000000000000e+05 3.101608886718750000e+02
2.309979999999999905e+02 3.774850000000000000e+05 3.101608581542968750e+02
2.313340000000000032e+02 3.491200000000000000e+05 3.101603698730468750e+02
2.316699999999999875e+02 3.081020000000000000e+05 3.101603698730468750e+02
2.320070000000000050e+02 2.699210000000000000e+05 3.101604309082031250e+02
2.323429999999999893e+02 2.306590000000000000e+05 3.101606750488281250e+02
2.326790000000000020e+02 1.972620000000000000e+05 3.101607666015625000e+02
2.330159999999999911e+02 1.691990000000000000e+05 3.101619567871093750e+02
2.333520000000000039e+02 1.503640000000000000e+05 3.101611938476562500e+02
2.336879999999999882e+02 1.386340000000000000e+05 3.101605834960937500e+02
2.340250000000000057e+02 1.436680000000000000e+05 3.101603393554687500e+02
2.343609999999999900e+02 1.419650000000000000e+05 3.101600341796875000e+02
2.346970000000000027e+02 1.537140000000000000e+05 3.101604919433593750e+02
