1.946659999999999968e+02 5.900000000000000000e+01 2.510960235595703125e+02
1.950020000000000095e+02 2.070000000000000000e+02 2.510829620361328125e+02
1.953389999999999986e+02 1.940000000000000000e+02 2.510909729003906250e+02
1.956750000000000114e+02 1.470000000000000000e+02 2.510937500000000000e+02
1.960109999999999957e+02 1.410000000000000000e+02 2.510928344726562500e+02
1.963480000000000132e+02 2.780000000000000000e+02 2.510819549560546875e+02
1.966839999999999975e+02 3.640000000000000000e+02 2.510858917236328125e+02
1.970209999999999866e+02 2.700000000000000000e+02 2.510829772949218750e+02
1.973569999999999993e+02 2.100000000000000000e+02 2.510821075439453125e+02
1.976939999999999884e+02 4.020000000000000000e+02 2.510833740234375000e+02
1.980300000000000011e+02 2.500000000000000000e+02 2.510922698974609375e+02
1.983660000000000139e+02 3.430000000000000000e+02 2.510883178710937500e+02
1.987019999999999982e+02 2.780000000000000000e+02 2.510892181396484375e+02
1.990389999999999873e+02 2.610000000000000000e+02 2.510837860107421875e+02
1.993750000000000000e+02 1.440000000000000000e+02 2.510885009765625000e+02
1.997139999999999986e+02 2.520000000000000000e+02 2.510906829833984375e+02
2.000500000000000114e+02 3.510000000000000000e+02 2.510861816406250000e+02
2.003870000000000005e+02 3.520000000000000000e+02 2.510872955322265625e+02
2.007230000000000132e+02 1.016000000000000000e+03 2.510881347656250000e+02
2.010589999999999975e+02 9.990000000000000000e+02 2.510859680175781250e+02
2.013959999999999866e+02 7.770000000000000000e+02 2.510895996093750000e+02
2.017319999999999993e+02 8.740000000000000000e+02 2.510855407714843750e+02
2.020680000000000121e+02 5.810000000000000000e+02 2.510890808105468750e+02
2.024050000000000011e+02 1.308000000000000000e+03 2.510874023437500000e+02
2.027410000000000139e+02 7.250000000000000000e+02 2.510849914550781250e+02
2.030769999999999982e+02 5.130000000000000000e+02 2.510863342285156250e+02
2.034130000000000109e+02 5.600000000000000000e+02 2.510859527587890625e+02
2.037500000000000000e+02 5.950000000000000000e+02 2.510854339599609375e+02
2.040860000000000127e+02 3.250000000000000000e+02 2.510925903320312500e+02
2.044219999999999970e+02 4.910000000000000000e+02 2.510868835449218750e+02
2.047599999999999909e+02 3.280000000000000000e+02 2.510816192626953125e+02
2.050960000000000036e+02 4.520000000000000000e+02 2.510923767089843750e+02
2.054319999999999879e+02 1.750000000000000000e+02 2.510894165039062500e+02
2.057690000000000055e+02 2.340000000000000000e+02 2.510879211425781250e+02
2.061049999999999898e+02 2.750000000000000000e+02 2.510956726074218750e+02
2.064410000000000025e+02 3.430000000000000000e+02 2.511000518798828125e+02
2.067779999999999916e+02 2.890000000000000000e+02 2.510890808105468750e+02
2.071140000000000043e+02 3.510000000000000000e+02 2.510842742919921875e+02
2.074499999999999886e+02 1.590000000000000000e+02 2.510848999023437500e+02
