5.344400000000000546e+02 8.500000000000000000e+01 3.871853942871093750e+02
5.347759999999999536e+02 2.630000000000000000e+02 3.871810302734375000e+02
5.351119999999999663e+02 1.860000000000000000e+02 3.871813049316406250e+02
5.354489999999999554e+02 2.060000000000000000e+02 3.871836242675781250e+02
5.357849999999999682e+02 4.830000000000000000e+02 3.871728210449218750e+02
5.361209999999999809e+02 6.220000000000000000e+02 3.871732788085937500e+02
5.364569999999999936e+02 1.081000000000000000e+03 3.871734008789062500e+02
5.367939999999999827e+02 8.070000000000000000e+02 3.871753234863281250e+02
5.371299999999999955e+02 1.235000000000000000e+03 3.871732177734375000e+02
5.374660000000000082e+02 1.072000000000000000e+03 3.871729431152343750e+02
5.378029999999999973e+02 1.159000000000000000e+03 3.871755371093750000e+02
5.381390000000000100e+02 1.296000000000000000e+03 3.871770935058593750e+02
5.384750000000000227e+02 1.040000000000000000e+03 3.871781311035156250e+02
5.388120000000000118e+02 8.400000000000000000e+02 3.871744384765625000e+02
5.391480000000000246e+02 7.770000000000000000e+02 3.871722412109375000e+02
5.394840000000000373e+02 7.050000000000000000e+02 3.871783447265625000e+02
5.398210000000000264e+02 4.850000000000000000e+02 3.871743774414062500e+02
5.401570000000000391e+02 5.020000000000000000e+02 3.871796569824218750e+02
5.404930000000000518e+02 3.680000000000000000e+02 3.871751708984375000e+02
5.408300000000000409e+02 2.760000000000000000e+02 3.871750183105468750e+02
5.411660000000000537e+02 2.390000000000000000e+02 3.871863708496093750e+02
5.415019999999999527e+02 2.000000000000000000e+02 3.871785278320312500e+02
5.418390000000000555e+02 2.390000000000000000e+02 3.871819763183593750e+02
5.421749999999999545e+02 2.130000000000000000e+02 3.871788330078125000e+02
