2.952540000000000191e+02 1.760000000000000000e+02 3.751378784179687500e+02
2.955910000000000082e+02 2.300000000000000000e+02 3.751523132324218750e+02
2.959270000000000209e+02 3.000000000000000000e+02 3.751408996582031250e+02
2.962629999999999768e+02 5.310000000000000000e+02 3.751436767578125000e+02
2.966000000000000227e+02 7.990000000000000000e+02 3.751443481445312500e+02
2.969359999999999786e+02 1.019000000000000000e+03 3.751441650390625000e+02
2.972719999999999914e+02 9.770000000000000000e+02 3.751494140625000000e+02
2.976089999999999804e+02 9.630000000000000000e+02 3.751453247070312500e+02
2.979449999999999932e+02 1.083000000000000000e+03 3.751450805664062500e+02
2.982810000000000059e+02 8.300000000000000000e+02 3.751497497558593750e+02
2.986179999999999950e+02 7.680000000000000000e+02 3.751474609375000000e+02
2.989540000000000077e+02 4.470000000000000000e+02 3.751546020507812500e+02
2.992900000000000205e+02 6.420000000000000000e+02 3.751470642089843750e+02
2.996259999999999764e+02 4.800000000000000000e+02 3.751570434570312500e+02
2.999630000000000223e+02 3.730000000000000000e+02 3.751591186523437500e+02
3.002989999999999782e+02 2.140000000000000000e+02 3.751539611816406250e+02
