3.147640000000000100e+02 3.600000000000000000e+02 4.521284790039062500e+02
3.151000000000000227e+02 4.330000000000000000e+02 4.521327209472656250e+02
3.154370000000000118e+02 6.970000000000000000e+02 4.521291809082031250e+02
3.157730000000000246e+02 9.010000000000000000e+02 4.521293640136718750e+02
3.161089999999999804e+02 9.620000000000000000e+02 4.521269226074218750e+02
3.164460000000000264e+02 8.430000000000000000e+02 4.521298217773437500e+02
3.167819999999999823e+02 7.230000000000000000e+02 4.521317749023437500e+02
3.171179999999999950e+02 6.960000000000000000e+02 4.521319274902343750e+02
3.174549999999999841e+02 4.350000000000000000e+02 4.521330871582031250e+02
3.177919999999999732e+02 5.180000000000000000e+02 4.521321411132812500e+02
3.181279999999999859e+02 2.620000000000000000e+02 4.521307678222656250e+02
3.184639999999999986e+02 2.840000000000000000e+02 4.521255798339843750e+02
3.188000000000000114e+02 1.020000000000000000e+02 4.521234741210937500e+02
