2.400809999999999889e+02 1.130000000000000000e+02 5.592636108398437500e+02
2.404170000000000016e+02 1.300000000000000000e+02 5.592684936523437500e+02
2.407539999999999907e+02 1.730000000000000000e+02 5.592700805664062500e+02
2.410910000000000082e+02 2.720000000000000000e+02 5.592739257812500000e+02
2.414269999999999925e+02 2.970000000000000000e+02 5.592776489257812500e+02
2.417630000000000052e+02 2.230000000000000000e+02 5.592766113281250000e+02
2.420999999999999943e+02 2.300000000000000000e+02 5.592742309570312500e+02
2.424360000000000070e+02 1.650000000000000000e+02 5.592703857421875000e+02
2.427719999999999914e+02 1.840000000000000000e+02 5.592558593750000000e+02
2.431090000000000089e+02 3.620000000000000000e+02 5.592694702148437500e+02
2.434449999999999932e+02 6.510000000000000000e+02 5.592745361328125000e+02
2.437810000000000059e+02 8.150000000000000000e+02 5.592707519531250000e+02
2.441179999999999950e+02 1.155000000000000000e+03 5.592756347656250000e+02
2.444550000000000125e+02 1.341000000000000000e+03 5.592714233398437500e+02
2.447909999999999968e+02 1.037000000000000000e+03 5.592777099609375000e+02
2.451270000000000095e+02 1.402000000000000000e+03 5.592761840820312500e+02
2.454639999999999986e+02 1.173000000000000000e+03 5.592764892578125000e+02
2.458000000000000114e+02 7.120000000000000000e+02 5.592764892578125000e+02
2.461359999999999957e+02 8.090000000000000000e+02 5.592714233398437500e+02
2.464720000000000084e+02 6.240000000000000000e+02 5.592776489257812500e+02
2.468089999999999975e+02 4.030000000000000000e+02 5.592765502929687500e+02
2.471469999999999914e+02 2.810000000000000000e+02 5.592843017578125000e+02
2.474830000000000041e+02 2.640000000000000000e+02 5.592780151367187500e+02
2.478189999999999884e+02 2.470000000000000000e+02 5.592753906250000000e+02
2.481550000000000011e+02 2.240000000000000000e+02 5.592810668945312500e+02
2.484919999999999902e+02 4.770000000000000000e+02 5.592744140625000000e+02
2.488280000000000030e+02 8.270000000000000000e+02 5.592740478515625000e+02
2.491639999999999873e+02 1.166000000000000000e+03 5.592823486328125000e+02
2.495010000000000048e+02 2.205000000000000000e+03 5.592739257812500000e+02
2.498369999999999891e+02 3.816000000000000000e+03 5.592751464843750000e+02
2.501750000000000114e+02 5.191000000000000000e+03 5.592766723632812500e+02
2.505109999999999957e+02 6.878000000000000000e+03 5.592761230468750000e+02
2.508470000000000084e+02 8.369000000000000000e+03 5.592750854492187500e+02
2.511839999999999975e+02 8.539000000000000000e+03 5.592762451171875000e+02
2.515200000000000102e+02 9.442000000000000000e+03 5.592750854492187500e+02
2.518559999999999945e+02 7.582000000000000000e+03 5.592763061523437500e+02
2.521930000000000121e+02 7.411000000000000000e+03 5.592761840820312500e+02
2.525289999999999964e+02 5.443000000000000000e+03 5.592759399414062500e+02
2.528650000000000091e+02 4.987000000000000000e+03 5.592706909179687500e+02
2.532019999999999982e+02 3.319000000000000000e+03 5.592647094726562500e+02
