3.073629999999999995e+02 8.700000000000000000e+01 4.870356140136718750e+02
3.076999999999999886e+02 2.640000000000000000e+02 4.870467529296875000e+02
3.080360000000000014e+02 4.100000000000000000e+02 4.870525512695312500e+02
3.083729999999999905e+02 4.750000000000000000e+02 4.870516052246093750e+02
3.087090000000000032e+02 5.340000000000000000e+02 4.870438232421875000e+02
3.090459999999999923e+02 8.850000000000000000e+02 4.870493469238281250e+02
3.093820000000000050e+02 7.890000000000000000e+02 4.870527343750000000e+02
3.097180000000000177e+02 7.130000000000000000e+02 4.870559387207031250e+02
3.100539999999999736e+02 6.920000000000000000e+02 4.870585021972656250e+02
3.103910000000000196e+02 6.880000000000000000e+02 4.870455627441406250e+02
3.107289999999999850e+02 6.280000000000000000e+02 4.870524291992187500e+02
3.110649999999999977e+02 5.780000000000000000e+02 4.870549621582031250e+02
3.114010000000000105e+02 7.020000000000000000e+02 4.870535888671875000e+02
3.117370000000000232e+02 4.550000000000000000e+02 4.870475769042968750e+02
3.120740000000000123e+02 2.930000000000000000e+02 4.870523376464843750e+02
