8.903339999999999463e+02 6.200000000000000000e+01 6.004443359375000000e+02
8.906699999999999591e+02 9.200000000000000000e+01 6.004354248046875000e+02
8.910059999999999718e+02 2.390000000000000000e+02 6.004265136718750000e+02
8.913419999999999845e+02 2.640000000000000000e+02 6.004348144531250000e+02
8.916779999999999973e+02 4.780000000000000000e+02 6.004300537109375000e+02
8.920140000000000100e+02 5.690000000000000000e+02 6.004282226562500000e+02
8.923500000000000227e+02 7.730000000000000000e+02 6.004257812500000000e+02
8.926860000000000355e+02 7.060000000000000000e+02 6.004281005859375000e+02
8.930220000000000482e+02 6.720000000000000000e+02 6.004357910156250000e+02
8.933640000000000327e+02 8.770000000000000000e+02 6.004255371093750000e+02
8.937000000000000455e+02 7.480000000000000000e+02 6.004257812500000000e+02
8.940359999999999445e+02 6.330000000000000000e+02 6.004279174804687500e+02
8.943719999999999573e+02 4.800000000000000000e+02 6.004242553710937500e+02
8.947079999999999700e+02 3.600000000000000000e+02 6.004307250976562500e+02
8.950439999999999827e+02 2.790000000000000000e+02 6.004209594726562500e+02
8.953799999999999955e+02 1.510000000000000000e+02 6.004227905273437500e+02
8.957160000000000082e+02 1.190000000000000000e+02 6.004399414062500000e+02
