1.199899999999999949e+02 8.700000000000000000e+01 3.329483032226562500e+02
1.203269999999999982e+02 1.480000000000000000e+02 3.329563293457031250e+02
1.206629999999999967e+02 2.700000000000000000e+02 3.329584350585937500e+02
1.209989999999999952e+02 3.460000000000000000e+02 3.329617614746093750e+02
1.213359999999999985e+02 8.500000000000000000e+02 3.329530639648437500e+02
1.216719999999999970e+02 6.620000000000000000e+02 3.329571533203125000e+02
1.220079999999999956e+02 4.760000000000000000e+02 3.329548339843750000e+02
1.223449999999999989e+02 3.610000000000000000e+02 3.329574279785156250e+02
1.226809999999999974e+02 6.300000000000000000e+02 3.329535827636718750e+02
1.230169999999999959e+02 4.690000000000000000e+02 3.329576110839843750e+02
1.233539999999999992e+02 4.920000000000000000e+02 3.329568176269531250e+02
1.236899999999999977e+02 4.160000000000000000e+02 3.329573669433593750e+02
1.240259999999999962e+02 4.890000000000000000e+02 3.329560852050781250e+02
1.243619999999999948e+02 5.110000000000000000e+02 3.329545593261718750e+02
1.246989999999999981e+02 4.670000000000000000e+02 3.329554443359375000e+02
1.250349999999999966e+02 2.650000000000000000e+02 3.329677124023437500e+02
1.253709999999999951e+02 4.230000000000000000e+02 3.329569091796875000e+02
1.257079999999999984e+02 3.240000000000000000e+02 3.329592895507812500e+02
1.260439999999999969e+02 3.700000000000000000e+02 3.329590454101562500e+02
1.263799999999999955e+02 4.160000000000000000e+02 3.329554138183593750e+02
1.267169999999999987e+02 4.650000000000000000e+02 3.329638366699218750e+02
1.270529999999999973e+02 5.230000000000000000e+02 3.329579772949218750e+02
1.273889999999999958e+02 5.230000000000000000e+02 3.329559326171875000e+02
1.277249999999999943e+02 4.560000000000000000e+02 3.329538574218750000e+02
1.280620000000000118e+02 3.670000000000000000e+02 3.329565429687500000e+02
1.283979999999999961e+02 4.040000000000000000e+02 3.329587097167968750e+02
1.287340000000000089e+02 4.360000000000000000e+02 3.329584655761718750e+02
1.290720000000000027e+02 4.770000000000000000e+02 3.329554138183593750e+02
1.294079999999999870e+02 4.470000000000000000e+02 3.329530639648437500e+02
1.297450000000000045e+02 5.960000000000000000e+02 3.329555053710937500e+02
1.300809999999999889e+02 5.040000000000000000e+02 3.329581298828125000e+02
1.304170000000000016e+02 5.540000000000000000e+02 3.329535217285156250e+02
1.307539999999999907e+02 4.480000000000000000e+02 3.329566650390625000e+02
1.310900000000000034e+02 4.110000000000000000e+02 3.329497985839843750e+02
1.314259999999999877e+02 7.390000000000000000e+02 3.329553833007812500e+02
1.317630000000000052e+02 5.700000000000000000e+02 3.329548034667968750e+02
1.320989999999999895e+02 4.390000000000000000e+02 3.329532470703125000e+02
1.324350000000000023e+02 3.460000000000000000e+02 3.329529418945312500e+02
1.327709999999999866e+02 4.170000000000000000e+02 3.329576416015625000e+02
1.331080000000000041e+02 4.700000000000000000e+02 3.329580993652343750e+02
1.334439999999999884e+02 5.310000000000000000e+02 3.329530639648437500e+02
1.337800000000000011e+02 5.120000000000000000e+02 3.329609680175781250e+02
1.341169999999999902e+02 4.740000000000000000e+02 3.329575195312500000e+02
1.344530000000000030e+02 4.280000000000000000e+02 3.329570007324218750e+02
1.347899999999999920e+02 4.330000000000000000e+02 3.329590759277343750e+02
1.351260000000000048e+02 4.410000000000000000e+02 3.329566955566406250e+02
1.354619999999999891e+02 4.380000000000000000e+02 3.329563598632812500e+02
1.357990000000000066e+02 4.090000000000000000e+02 3.329531555175781250e+02
