4.631499999999999773e+01 1.830000000000000000e+02 2.690945739746093750e+02
4.665200000000000102e+01 2.790000000000000000e+02 2.690959472656250000e+02
4.698799999999999955e+01 3.770000000000000000e+02 2.691018066406250000e+02
4.732399999999999807e+01 5.520000000000000000e+02 2.690998840332031250e+02
4.765999999999999659e+01 7.820000000000000000e+02 2.691000671386718750e+02
4.799699999999999989e+01 7.840000000000000000e+02 2.691019592285156250e+02
4.833500000000000085e+01 6.780000000000000000e+02 2.691011657714843750e+02
4.867099999999999937e+01 8.260000000000000000e+02 2.691005554199218750e+02
4.900699999999999790e+01 5.930000000000000000e+02 2.691000671386718750e+02
4.934400000000000119e+01 3.640000000000000000e+02 2.691022949218750000e+02
4.967999999999999972e+01 3.630000000000000000e+02 2.690995178222656250e+02
5.001599999999999824e+01 3.340000000000000000e+02 2.690983276367187500e+02
5.035199999999999676e+01 2.780000000000000000e+02 2.691000976562500000e+02
5.068900000000000006e+01 2.310000000000000000e+02 2.691025390625000000e+02
5.102499999999999858e+01 2.000000000000000000e+02 2.690919799804687500e+02
5.136099999999999710e+01 9.000000000000000000e+01 2.691041870117187500e+02
5.169800000000000040e+01 2.700000000000000000e+01 2.691166687011718750e+02
