2.757450000000000045e+02 3.730000000000000000e+02 2.360680084228515625e+02
2.760819999999999936e+02 4.900000000000000000e+02 2.360667877197265625e+02
2.764180000000000064e+02 6.560000000000000000e+02 2.360683288574218750e+02
2.767549999999999955e+02 6.450000000000000000e+02 2.360651702880859375e+02
2.770910000000000082e+02 5.990000000000000000e+02 2.360724029541015625e+02
2.774270000000000209e+02 7.320000000000000000e+02 2.360688934326171875e+02
2.777640000000000100e+02 8.170000000000000000e+02 2.360681610107421875e+02
2.781000000000000227e+02 7.940000000000000000e+02 2.360694885253906250e+02
2.784359999999999786e+02 8.000000000000000000e+02 2.360713958740234375e+02
2.787730000000000246e+02 7.350000000000000000e+02 2.360637664794921875e+02
2.791089999999999804e+02 7.710000000000000000e+02 2.360683288574218750e+02
2.794449999999999932e+02 7.130000000000000000e+02 2.360686950683593750e+02
2.797810000000000059e+02 7.070000000000000000e+02 2.360662994384765625e+02
2.801179999999999950e+02 3.720000000000000000e+02 2.360671997070312500e+02
2.804560000000000173e+02 5.500000000000000000e+02 2.360691528320312500e+02
2.807919999999999732e+02 6.220000000000000000e+02 2.360671081542968750e+02
2.811279999999999859e+02 3.390000000000000000e+02 2.360734710693359375e+02
2.814639999999999986e+02 3.680000000000000000e+02 2.360708160400390625e+02
2.818009999999999877e+02 4.010000000000000000e+02 2.360772247314453125e+02
2.821370000000000005e+02 3.880000000000000000e+02 2.360651855468750000e+02
2.824730000000000132e+02 2.180000000000000000e+02 2.360795898437500000e+02
2.828100000000000023e+02 2.970000000000000000e+02 2.360620269775390625e+02
2.831460000000000150e+02 3.430000000000000000e+02 2.360726776123046875e+02
2.834820000000000277e+02 2.720000000000000000e+02 2.360671081542968750e+02
2.838190000000000168e+02 3.170000000000000000e+02 2.360703125000000000e+02
2.841549999999999727e+02 1.870000000000000000e+02 2.360682220458984375e+02
2.844909999999999854e+02 2.130000000000000000e+02 2.360605926513671875e+02
2.848269999999999982e+02 2.010000000000000000e+02 2.360621795654296875e+02
2.851639999999999873e+02 1.030000000000000000e+02 2.360599212646484375e+02
