3.605120000000000005e+02 3.850000000000000000e+02 6.081714477539062500e+02
3.608480000000000132e+02 4.220000000000000000e+02 6.081643676757812500e+02
3.611859999999999786e+02 4.380000000000000000e+02 6.081705932617187500e+02
3.615230000000000246e+02 5.910000000000000000e+02 6.081680908203125000e+02
3.618589999999999804e+02 8.050000000000000000e+02 6.081673583984375000e+02
3.621949999999999932e+02 5.590000000000000000e+02 6.081673583984375000e+02
3.625310000000000059e+02 5.670000000000000000e+02 6.081694946289062500e+02
3.628679999999999950e+02 3.250000000000000000e+02 6.081764526367187500e+02
3.632040000000000077e+02 3.470000000000000000e+02 6.081669921875000000e+02
3.635400000000000205e+02 3.200000000000000000e+02 6.081704711914062500e+02
3.638770000000000095e+02 1.890000000000000000e+02 6.081523437500000000e+02
