3.221650000000000205e+02 2.070000000000000000e+02 2.771336975097656250e+02
3.225009999999999764e+02 1.920000000000000000e+02 2.771510925292968750e+02
3.228380000000000223e+02 2.980000000000000000e+02 2.771442565917968750e+02
3.231739999999999782e+02 3.210000000000000000e+02 2.771457214355468750e+02
3.235110000000000241e+02 3.260000000000000000e+02 2.771410217285156250e+02
3.238469999999999800e+02 3.330000000000000000e+02 2.771440734863281250e+02
3.241840000000000259e+02 7.760000000000000000e+02 2.771443786621093750e+02
3.245199999999999818e+02 6.460000000000000000e+02 2.771512451171875000e+02
3.248559999999999945e+02 7.370000000000000000e+02 2.771439819335937500e+02
3.251929999999999836e+02 6.780000000000000000e+02 2.771469421386718750e+02
3.255289999999999964e+02 5.860000000000000000e+02 2.771450195312500000e+02
3.258650000000000091e+02 5.770000000000000000e+02 2.771466369628906250e+02
3.262019999999999982e+02 4.250000000000000000e+02 2.771480712890625000e+02
3.265380000000000109e+02 4.930000000000000000e+02 2.771424560546875000e+02
3.268740000000000236e+02 3.020000000000000000e+02 2.771433715820312500e+02
3.272099999999999795e+02 1.780000000000000000e+02 2.771280517578125000e+02
