5.529410000000000309e+02 1.540000000000000000e+02 4.902875366210937500e+02
5.532780000000000200e+02 1.550000000000000000e+02 4.902729797363281250e+02
5.536140000000000327e+02 2.140000000000000000e+02 4.902829895019531250e+02
5.539500000000000455e+02 4.470000000000000000e+02 4.902840881347656250e+02
5.542859999999999445e+02 4.650000000000000000e+02 4.902831420898437500e+02
5.546230000000000473e+02 6.940000000000000000e+02 4.902860717773437500e+02
5.549589999999999463e+02 7.740000000000000000e+02 4.902766418457031250e+02
5.552949999999999591e+02 7.170000000000000000e+02 4.902919921875000000e+02
5.556319999999999482e+02 7.500000000000000000e+02 4.902794189453125000e+02
5.559679999999999609e+02 6.410000000000000000e+02 4.902876892089843750e+02
5.563039999999999736e+02 4.970000000000000000e+02 4.902844543457031250e+02
5.566409999999999627e+02 4.090000000000000000e+02 4.902816467285156250e+02
5.569769999999999754e+02 4.460000000000000000e+02 4.902841796875000000e+02
5.573129999999999882e+02 4.780000000000000000e+02 4.902812805175781250e+02
5.576490000000000009e+02 2.760000000000000000e+02 4.902842407226562500e+02
5.579859999999999900e+02 2.380000000000000000e+02 4.902842407226562500e+02
5.583220000000000027e+02 2.530000000000000000e+02 4.902773132324218750e+02
5.586580000000000155e+02 1.300000000000000000e+02 4.902791137695312500e+02
5.589950000000000045e+02 9.600000000000000000e+01 4.902773132324218750e+02
5.593310000000000173e+02 4.500000000000000000e+01 4.902944641113281250e+02
5.596680000000000064e+02 4.700000000000000000e+01 4.902628784179687500e+02
5.600040000000000191e+02 3.400000000000000000e+01 4.902796630859375000e+02
