1.583360000000000127e+02 8.880000000000000000e+02 1.880700988769531250e+02
1.586730000000000018e+02 1.933000000000000000e+03 1.880711822509765625e+02
1.590089999999999861e+02 2.656000000000000000e+03 1.880695495605468750e+02
1.593470000000000084e+02 3.736000000000000000e+03 1.880688018798828125e+02
1.596829999999999927e+02 5.354000000000000000e+03 1.880674743652343750e+02
1.600190000000000055e+02 6.194000000000000000e+03 1.880672607421875000e+02
1.603559999999999945e+02 6.363000000000000000e+03 1.880683593750000000e+02
1.606920000000000073e+02 8.488000000000000000e+03 1.880666809082031250e+02
1.610279999999999916e+02 7.298000000000000000e+03 1.880668182373046875e+02
1.613650000000000091e+02 7.574000000000000000e+03 1.880674591064453125e+02
1.617009999999999934e+02 6.956000000000000000e+03 1.880678863525390625e+02
1.620370000000000061e+02 6.183000000000000000e+03 1.880678863525390625e+02
1.623739999999999952e+02 6.254000000000000000e+03 1.880678558349609375e+02
1.627100000000000080e+02 4.983000000000000000e+03 1.880681152343750000e+02
1.630459999999999923e+02 3.854000000000000000e+03 1.880684356689453125e+02
1.633830000000000098e+02 2.929000000000000000e+03 1.880688018798828125e+02
1.637189999999999941e+02 2.627000000000000000e+03 1.880667419433593750e+02
1.640550000000000068e+02 2.064000000000000000e+03 1.880686492919921875e+02
1.643919999999999959e+02 1.778000000000000000e+03 1.880678710937500000e+02
1.647280000000000086e+02 1.252000000000000000e+03 1.880716094970703125e+02
1.650639999999999930e+02 8.440000000000000000e+02 1.880710906982421875e+02
1.654010000000000105e+02 7.730000000000000000e+02 1.880736389160156250e+02
1.657379999999999995e+02 5.690000000000000000e+02 1.880714569091796875e+02
1.660740000000000123e+02 5.540000000000000000e+02 1.880670928955078125e+02
1.664110000000000014e+02 2.940000000000000000e+02 1.880755615234375000e+02
1.667479999999999905e+02 3.560000000000000000e+02 1.880745086669921875e+02
