1.445459999999999923e+02 1.138000000000000000e+03 4.619994506835937500e+02
1.448820000000000050e+02 1.145000000000000000e+03 4.620018920898437500e+02
1.452179999999999893e+02 1.065000000000000000e+03 4.619994506835937500e+02
1.455540000000000020e+02 9.970000000000000000e+02 4.620030822753906250e+02
1.458909999999999911e+02 1.051000000000000000e+03 4.619986267089843750e+02
1.462270000000000039e+02 1.189000000000000000e+03 4.619938354492187500e+02
1.465629999999999882e+02 1.017000000000000000e+03 4.620024719238281250e+02
1.469000000000000057e+02 8.940000000000000000e+02 4.620030212402343750e+02
1.472359999999999900e+02 1.077000000000000000e+03 4.619974060058593750e+02
1.475720000000000027e+02 9.060000000000000000e+02 4.619988708496093750e+02
1.479089999999999918e+02 1.025000000000000000e+03 4.619927368164062500e+02
1.482450000000000045e+02 8.190000000000000000e+02 4.620028991699218750e+02
1.485809999999999889e+02 7.440000000000000000e+02 4.619994812011718750e+02
1.489170000000000016e+02 9.000000000000000000e+02 4.620018310546875000e+02
1.492549999999999955e+02 8.240000000000000000e+02 4.619975585937500000e+02
1.495920000000000130e+02 9.410000000000000000e+02 4.620005798339843750e+02
1.499279999999999973e+02 7.550000000000000000e+02 4.619978027343750000e+02
1.502649999999999864e+02 6.690000000000000000e+02 4.620025024414062500e+02
1.506009999999999991e+02 6.230000000000000000e+02 4.619967651367187500e+02
1.509379999999999882e+02 7.970000000000000000e+02 4.619990844726562500e+02
1.512740000000000009e+02 6.940000000000000000e+02 4.620012512207031250e+02
1.516100000000000136e+02 6.000000000000000000e+02 4.620013427734375000e+02
1.519470000000000027e+02 6.740000000000000000e+02 4.620006103515625000e+02
1.522829999999999870e+02 8.980000000000000000e+02 4.619973449707031250e+02
1.526189999999999998e+02 5.290000000000000000e+02 4.620047607421875000e+02
1.529559999999999889e+02 4.570000000000000000e+02 4.619945678710937500e+02
1.532920000000000016e+02 6.380000000000000000e+02 4.619981994628906250e+02
1.536279999999999859e+02 7.790000000000000000e+02 4.619953002929687500e+02
1.539639999999999986e+02 6.940000000000000000e+02 4.619927062988281250e+02
1.543009999999999877e+02 6.620000000000000000e+02 4.619992065429687500e+02
1.546370000000000005e+02 6.410000000000000000e+02 4.619986267089843750e+02
1.549730000000000132e+02 5.070000000000000000e+02 4.620019836425781250e+02
1.553100000000000023e+02 6.900000000000000000e+02 4.619995727539062500e+02
1.556459999999999866e+02 4.750000000000000000e+02 4.620069274902343750e+02
1.559819999999999993e+02 5.730000000000000000e+02 4.620002136230468750e+02
1.563189999999999884e+02 6.800000000000000000e+02 4.619987487792968750e+02
1.566550000000000011e+02 5.640000000000000000e+02 4.619980773925781250e+02
1.569910000000000139e+02 6.890000000000000000e+02 4.620067138671875000e+02
1.573269999999999982e+02 6.900000000000000000e+02 4.619990844726562500e+02
1.576639999999999873e+02 6.000000000000000000e+02 4.619975280761718750e+02
1.580000000000000000e+02 6.440000000000000000e+02 4.620011596679687500e+02
1.583360000000000127e+02 5.410000000000000000e+02 4.619971923828125000e+02
1.586730000000000018e+02 7.120000000000000000e+02 4.619982604980468750e+02
1.590089999999999861e+02 5.420000000000000000e+02 4.620039367675781250e+02
1.593470000000000084e+02 7.420000000000000000e+02 4.619966430664062500e+02
1.596829999999999927e+02 6.290000000000000000e+02 4.619974365234375000e+02
1.600190000000000055e+02 6.220000000000000000e+02 4.620006103515625000e+02
1.603559999999999945e+02 6.840000000000000000e+02 4.619948425292968750e+02
1.606920000000000073e+02 5.760000000000000000e+02 4.620052490234375000e+02
1.610279999999999916e+02 6.230000000000000000e+02 4.619982910156250000e+02
1.613650000000000091e+02 4.570000000000000000e+02 4.620011291503906250e+02
1.617009999999999934e+02 5.340000000000000000e+02 4.619997253417968750e+02
1.620370000000000061e+02 5.660000000000000000e+02 4.620019836425781250e+02
1.623739999999999952e+02 6.290000000000000000e+02 4.619979248046875000e+02
1.627100000000000080e+02 3.470000000000000000e+02 4.620034790039062500e+02
1.630459999999999923e+02 4.760000000000000000e+02 4.620027770996093750e+02
1.633830000000000098e+02 2.750000000000000000e+02 4.619986572265625000e+02
1.637189999999999941e+02 3.620000000000000000e+02 4.620034484863281250e+02
1.640550000000000068e+02 3.040000000000000000e+02 4.619978942871093750e+02
1.643919999999999959e+02 3.480000000000000000e+02 4.620097351074218750e+02
1.647280000000000086e+02 3.410000000000000000e+02 4.620016784667968750e+02
1.650639999999999930e+02 2.250000000000000000e+02 4.620008239746093750e+02
1.654010000000000105e+02 2.860000000000000000e+02 4.619994812011718750e+02
1.657379999999999995e+02 1.990000000000000000e+02 4.619969177246093750e+02
1.660740000000000123e+02 2.910000000000000000e+02 4.619978332519531250e+02
1.664110000000000014e+02 3.020000000000000000e+02 4.619947509765625000e+02
1.667479999999999905e+02 2.770000000000000000e+02 4.620146484375000000e+02
1.670840000000000032e+02 2.300000000000000000e+02 4.620033264160156250e+02
1.674199999999999875e+02 1.480000000000000000e+02 4.620033264160156250e+02
1.677570000000000050e+02 2.500000000000000000e+02 4.620036315917968750e+02
1.680929999999999893e+02 1.630000000000000000e+02 4.620029907226562500e+02
1.684290000000000020e+02 3.150000000000000000e+02 4.619954833984375000e+02
1.687649999999999864e+02 2.390000000000000000e+02 4.620001525878906250e+02
1.691020000000000039e+02 3.690000000000000000e+02 4.619969177246093750e+02
1.694399999999999977e+02 2.170000000000000000e+02 4.620077819824218750e+02
1.697760000000000105e+02 1.940000000000000000e+02 4.620019226074218750e+02
1.701119999999999948e+02 2.850000000000000000e+02 4.619961547851562500e+02
1.704480000000000075e+02 1.610000000000000000e+02 4.620065002441406250e+02
1.707849999999999966e+02 1.930000000000000000e+02 4.620003051757812500e+02
1.711210000000000093e+02 1.730000000000000000e+02 4.619928894042968750e+02
1.714569999999999936e+02 3.000000000000000000e+02 4.619927368164062500e+02
1.717940000000000111e+02 2.620000000000000000e+02 4.619971618652343750e+02
1.721299999999999955e+02 1.830000000000000000e+02 4.620028686523437500e+02
1.724660000000000082e+02 1.870000000000000000e+02 4.620047302246093750e+02
1.728029999999999973e+02 2.420000000000000000e+02 4.620010375976562500e+02
1.731390000000000100e+02 1.710000000000000000e+02 4.619940490722656250e+02
1.734749999999999943e+02 2.270000000000000000e+02 4.619934082031250000e+02
1.738120000000000118e+02 3.090000000000000000e+02 4.619972534179687500e+02
