5.771599999999999682e+02 6.530000000000000000e+02 1.680391387939453125e+02
5.774959999999999809e+02 5.920000000000000000e+02 1.680410919189453125e+02
5.778319999999999936e+02 5.230000000000000000e+02 1.680426635742187500e+02
5.781699999999999591e+02 5.680000000000000000e+02 1.680406799316406250e+02
5.785059999999999718e+02 4.450000000000000000e+02 1.680401153564453125e+02
5.788419999999999845e+02 4.540000000000000000e+02 1.680424041748046875e+02
5.791789999999999736e+02 5.900000000000000000e+02 1.680412902832031250e+02
5.795149999999999864e+02 5.050000000000000000e+02 1.680444793701171875e+02
5.798509999999999991e+02 7.330000000000000000e+02 1.680408630371093750e+02
5.801870000000000118e+02 7.590000000000000000e+02 1.680406188964843750e+02
5.805240000000000009e+02 5.450000000000000000e+02 1.680414581298828125e+02
5.808600000000000136e+02 5.070000000000000000e+02 1.680401000976562500e+02
5.811960000000000264e+02 4.680000000000000000e+02 1.680430450439453125e+02
5.815330000000000155e+02 6.150000000000000000e+02 1.680433044433593750e+02
5.818690000000000282e+02 4.710000000000000000e+02 1.680440521240234375e+02
5.822050000000000409e+02 5.110000000000000000e+02 1.680411529541015625e+02
5.825420000000000300e+02 6.080000000000000000e+02 1.680423736572265625e+02
5.828780000000000427e+02 5.330000000000000000e+02 1.680428009033203125e+02
5.832160000000000082e+02 4.600000000000000000e+02 1.680421905517578125e+02
5.835520000000000209e+02 3.380000000000000000e+02 1.680421752929687500e+02
5.838880000000000337e+02 5.580000000000000000e+02 1.680442657470703125e+02
5.842250000000000227e+02 7.160000000000000000e+02 1.680411376953125000e+02
5.845610000000000355e+02 6.850000000000000000e+02 1.680428771972656250e+02
5.848970000000000482e+02 6.580000000000000000e+02 1.680432739257812500e+02
5.852340000000000373e+02 5.200000000000000000e+02 1.680413360595703125e+02
5.855700000000000500e+02 5.410000000000000000e+02 1.680434112548828125e+02
5.859070000000000391e+02 3.840000000000000000e+02 1.680435180664062500e+02
5.862430000000000518e+02 4.570000000000000000e+02 1.680412445068359375e+02
5.865789999999999509e+02 6.070000000000000000e+02 1.680443725585937500e+02
5.869149999999999636e+02 5.700000000000000000e+02 1.680420989990234375e+02
5.872519999999999527e+02 4.270000000000000000e+02 1.680445404052734375e+02
5.875879999999999654e+02 4.680000000000000000e+02 1.680421905517578125e+02
5.879239999999999782e+02 3.930000000000000000e+02 1.680409851074218750e+02
5.882609999999999673e+02 6.980000000000000000e+02 1.680391845703125000e+02
5.885969999999999800e+02 4.070000000000000000e+02 1.680411682128906250e+02
5.889329999999999927e+02 4.590000000000000000e+02 1.680426025390625000e+02
5.892699999999999818e+02 5.670000000000000000e+02 1.680410308837890625e+02
5.896059999999999945e+02 4.490000000000000000e+02 1.680401000976562500e+02
5.899420000000000073e+02 4.790000000000000000e+02 1.680411071777343750e+02
5.902789999999999964e+02 5.650000000000000000e+02 1.680401458740234375e+02
5.906150000000000091e+02 5.950000000000000000e+02 1.680400695800781250e+02
5.909519999999999982e+02 4.500000000000000000e+02 1.680443267822265625e+02
5.912880000000000109e+02 4.230000000000000000e+02 1.680416412353515625e+02
5.916250000000000000e+02 3.080000000000000000e+02 1.680440979003906250e+02
5.919610000000000127e+02 7.180000000000000000e+02 1.680408935546875000e+02
5.922970000000000255e+02 6.910000000000000000e+02 1.680432434082031250e+02
5.926340000000000146e+02 3.070000000000000000e+02 1.680391540527343750e+02
5.929700000000000273e+02 4.640000000000000000e+02 1.680408020019531250e+02
5.933079999999999927e+02 4.870000000000000000e+02 1.680417633056640625e+02
5.936440000000000055e+02 5.420000000000000000e+02 1.680429077148437500e+02
5.939800000000000182e+02 5.390000000000000000e+02 1.680443420410156250e+02
5.943170000000000073e+02 5.060000000000000000e+02 1.680426940917968750e+02
5.946530000000000200e+02 5.580000000000000000e+02 1.680429077148437500e+02
5.949890000000000327e+02 6.020000000000000000e+02 1.680447845458984375e+02
5.953260000000000218e+02 5.940000000000000000e+02 1.680420684814453125e+02
5.956620000000000346e+02 5.050000000000000000e+02 1.680442962646484375e+02
5.959980000000000473e+02 6.040000000000000000e+02 1.680424194335937500e+02
5.963339999999999463e+02 6.140000000000000000e+02 1.680417327880859375e+02
5.966710000000000491e+02 4.970000000000000000e+02 1.680444335937500000e+02
5.970069999999999482e+02 6.970000000000000000e+02 1.680448303222656250e+02
5.973429999999999609e+02 4.730000000000000000e+02 1.680403137207031250e+02
5.976799999999999500e+02 5.180000000000000000e+02 1.680394897460937500e+02
5.980159999999999627e+02 5.930000000000000000e+02 1.680404968261718750e+02
5.983519999999999754e+02 5.920000000000000000e+02 1.680426635742187500e+02
5.986889999999999645e+02 4.110000000000000000e+02 1.680413665771484375e+02
5.990249999999999773e+02 5.220000000000000000e+02 1.680432739257812500e+02
5.993609999999999900e+02 3.070000000000000000e+02 1.680444946289062500e+02
5.996970000000000027e+02 5.400000000000000000e+02 1.680415039062500000e+02
6.000359999999999445e+02 5.310000000000000000e+02 1.680437622070312500e+02
6.003719999999999573e+02 4.980000000000000000e+02 1.680409393310546875e+02
6.007079999999999700e+02 5.140000000000000000e+02 1.680443267822265625e+02
6.010439999999999827e+02 3.820000000000000000e+02 1.680410003662109375e+02
6.013799999999999955e+02 4.030000000000000000e+02 1.680422668457031250e+02
6.017160000000000082e+02 4.030000000000000000e+02 1.680414733886718750e+02
6.020520000000000209e+02 4.930000000000000000e+02 1.680416870117187500e+02
6.023880000000000337e+02 6.900000000000000000e+02 1.680417785644531250e+02
6.027240000000000464e+02 3.880000000000000000e+02 1.680450897216796875e+02
6.030599999999999454e+02 4.310000000000000000e+02 1.680441894531250000e+02
6.033959999999999582e+02 4.330000000000000000e+02 1.680434112548828125e+02
6.037380000000000564e+02 4.560000000000000000e+02 1.680411834716796875e+02
6.040739999999999554e+02 5.380000000000000000e+02 1.680418395996093750e+02
6.044099999999999682e+02 6.570000000000000000e+02 1.680403289794921875e+02
6.047459999999999809e+02 5.770000000000000000e+02 1.680401763916015625e+02
6.050819999999999936e+02 5.690000000000000000e+02 1.680409698486328125e+02
6.054180000000000064e+02 6.480000000000000000e+02 1.680390777587890625e+02
6.057540000000000191e+02 4.550000000000000000e+02 1.680418395996093750e+02
6.060900000000000318e+02 5.030000000000000000e+02 1.680434112548828125e+02
6.064260000000000446e+02 4.090000000000000000e+02 1.680437011718750000e+02
