8.899980000000000473e+02 9.500000000000000000e+01 1.631531372070312500e+02
8.903339999999999463e+02 8.400000000000000000e+01 1.631399841308593750e+02
8.906699999999999591e+02 7.400000000000000000e+01 1.631397705078125000e+02
8.910059999999999718e+02 7.400000000000000000e+01 1.631356048583984375e+02
8.913419999999999845e+02 2.990000000000000000e+02 1.631403808593750000e+02
8.916779999999999973e+02 3.050000000000000000e+02 1.631488647460937500e+02
8.920140000000000100e+02 4.630000000000000000e+02 1.631429138183593750e+02
8.923500000000000227e+02 7.030000000000000000e+02 1.631436004638671875e+02
8.926860000000000355e+02 5.210000000000000000e+02 1.631454772949218750e+02
8.930220000000000482e+02 4.850000000000000000e+02 1.631415100097656250e+02
8.933640000000000327e+02 6.190000000000000000e+02 1.631439208984375000e+02
8.937000000000000455e+02 6.320000000000000000e+02 1.631432647705078125e+02
8.940359999999999445e+02 4.730000000000000000e+02 1.631460571289062500e+02
8.943719999999999573e+02 3.240000000000000000e+02 1.631403656005859375e+02
8.947079999999999700e+02 4.870000000000000000e+02 1.631428222656250000e+02
8.950439999999999827e+02 3.100000000000000000e+02 1.631434631347656250e+02
8.953799999999999955e+02 4.330000000000000000e+02 1.631423797607421875e+02
8.957160000000000082e+02 2.570000000000000000e+02 1.631442718505859375e+02
8.960520000000000209e+02 2.690000000000000000e+02 1.631436309814453125e+02
8.963880000000000337e+02 1.030000000000000000e+02 1.631361083984375000e+02
