7.221420000000000528e+02 4.400000000000000000e+01 1.610950469970703125e+02
7.224779999999999518e+02 4.600000000000000000e+01 1.610948181152343750e+02
7.228139999999999645e+02 1.370000000000000000e+02 1.610913238525390625e+02
7.231499999999999773e+02 2.320000000000000000e+02 1.610950927734375000e+02
7.234859999999999900e+02 2.470000000000000000e+02 1.610953826904296875e+02
7.238220000000000027e+02 2.420000000000000000e+02 1.610998687744140625e+02
7.241580000000000155e+02 3.380000000000000000e+02 1.610907897949218750e+02
7.244940000000000282e+02 5.140000000000000000e+02 1.610938262939453125e+02
7.248300000000000409e+02 4.840000000000000000e+02 1.610949859619140625e+02
7.251660000000000537e+02 4.330000000000000000e+02 1.610948181152343750e+02
7.255019999999999527e+02 6.790000000000000000e+02 1.610950012207031250e+02
7.258379999999999654e+02 3.970000000000000000e+02 1.610932922363281250e+02
7.261799999999999500e+02 4.880000000000000000e+02 1.610953826904296875e+02
7.265159999999999627e+02 3.470000000000000000e+02 1.610957946777343750e+02
7.268519999999999754e+02 1.440000000000000000e+02 1.610901947021484375e+02
7.271879999999999882e+02 8.100000000000000000e+01 1.611049957275390625e+02
7.275240000000000009e+02 2.100000000000000000e+02 1.610911560058593750e+02
7.278600000000000136e+02 1.650000000000000000e+02 1.610913696289062500e+02
7.281960000000000264e+02 1.250000000000000000e+02 1.610914764404296875e+02
7.285320000000000391e+02 5.200000000000000000e+01 1.611060943603515625e+02
7.288680000000000518e+02 2.500000000000000000e+01 1.610979309082031250e+02
