6.400620000000000118e+02 1.920000000000000000e+02 5.792675781250000000e+02
6.403980000000000246e+02 3.400000000000000000e+02 5.792833862304687500e+02
6.407340000000000373e+02 3.410000000000000000e+02 5.792833862304687500e+02
6.410700000000000500e+02 4.680000000000000000e+02 5.792820434570312500e+02
6.414059999999999491e+02 5.140000000000000000e+02 5.792834472656250000e+02
6.417480000000000473e+02 5.990000000000000000e+02 5.792844238281250000e+02
6.420839999999999463e+02 5.600000000000000000e+02 5.792858276367187500e+02
6.424199999999999591e+02 4.910000000000000000e+02 5.792821044921875000e+02
6.427559999999999718e+02 5.270000000000000000e+02 5.792835083007812500e+02
6.430919999999999845e+02 5.310000000000000000e+02 5.792789306640625000e+02
6.434279999999999973e+02 5.000000000000000000e+02 5.792840576171875000e+02
6.437640000000000100e+02 4.220000000000000000e+02 5.792798461914062500e+02
6.441000000000000227e+02 3.310000000000000000e+02 5.792811279296875000e+02
6.444360000000000355e+02 3.130000000000000000e+02 5.792775268554687500e+02
6.447720000000000482e+02 1.890000000000000000e+02 5.792746582031250000e+02
6.451079999999999472e+02 2.710000000000000000e+02 5.792686767578125000e+02
6.454439999999999600e+02 1.080000000000000000e+02 5.792809448242187500e+02
6.457799999999999727e+02 1.470000000000000000e+02 5.792938842773437500e+02
6.461159999999999854e+02 9.500000000000000000e+01 5.792946166992187500e+02
6.464579999999999700e+02 8.200000000000000000e+01 5.792886962890625000e+02
6.467939999999999827e+02 9.800000000000000000e+01 5.792840576171875000e+02
6.471299999999999955e+02 3.800000000000000000e+01 5.792775878906250000e+02
