1.623739999999999952e+02 5.000000000000000000e+01 4.981692504882812500e+02
1.627100000000000080e+02 1.080000000000000000e+02 4.981636657714843750e+02
1.630459999999999923e+02 9.300000000000000000e+01 4.981639404296875000e+02
1.633830000000000098e+02 1.850000000000000000e+02 4.981564025878906250e+02
1.637189999999999941e+02 1.380000000000000000e+02 4.981518554687500000e+02
1.640550000000000068e+02 2.480000000000000000e+02 4.981679077148437500e+02
1.643919999999999959e+02 2.800000000000000000e+02 4.981708984375000000e+02
1.647280000000000086e+02 2.340000000000000000e+02 4.981681518554687500e+02
1.650639999999999930e+02 3.490000000000000000e+02 4.981659851074218750e+02
1.654010000000000105e+02 3.670000000000000000e+02 4.981480712890625000e+02
1.657379999999999995e+02 3.030000000000000000e+02 4.981626892089843750e+02
1.660740000000000123e+02 2.600000000000000000e+02 4.981520690917968750e+02
1.664110000000000014e+02 5.690000000000000000e+02 4.981586608886718750e+02
1.667479999999999905e+02 4.740000000000000000e+02 4.981633605957031250e+02
1.670840000000000032e+02 5.470000000000000000e+02 4.981557617187500000e+02
1.674199999999999875e+02 3.040000000000000000e+02 4.981559753417968750e+02
1.677570000000000050e+02 3.600000000000000000e+02 4.981680603027343750e+02
1.680929999999999893e+02 3.460000000000000000e+02 4.981651306152343750e+02
1.684290000000000020e+02 3.780000000000000000e+02 4.981591796875000000e+02
1.687649999999999864e+02 4.080000000000000000e+02 4.981627807617187500e+02
1.691020000000000039e+02 4.330000000000000000e+02 4.981577453613281250e+02
1.694399999999999977e+02 3.820000000000000000e+02 4.981574096679687500e+02
1.697760000000000105e+02 3.590000000000000000e+02 4.981657104492187500e+02
1.701119999999999948e+02 2.490000000000000000e+02 4.981617736816406250e+02
1.704480000000000075e+02 2.210000000000000000e+02 4.981592407226562500e+02
1.707849999999999966e+02 2.900000000000000000e+02 4.981551818847656250e+02
1.711210000000000093e+02 5.100000000000000000e+01 4.981719055175781250e+02
1.714569999999999936e+02 2.400000000000000000e+02 4.981582641601562500e+02
1.717940000000000111e+02 1.410000000000000000e+02 4.981475219726562500e+02
1.721299999999999955e+02 5.200000000000000000e+01 4.981628723144531250e+02
1.724660000000000082e+02 4.700000000000000000e+01 4.981595458984375000e+02
1.728029999999999973e+02 1.360000000000000000e+02 4.981587219238281250e+02
1.731390000000000100e+02 5.300000000000000000e+01 4.981548156738281250e+02
