2.306620000000000061e+02 3.520000000000000000e+02 4.131926574707031250e+02
2.309979999999999905e+02 3.160000000000000000e+02 4.131875915527343750e+02
2.313340000000000032e+02 4.650000000000000000e+02 4.131929016113281250e+02
2.316699999999999875e+02 3.480000000000000000e+02 4.131894531250000000e+02
2.320070000000000050e+02 3.970000000000000000e+02 4.131953125000000000e+02
2.323429999999999893e+02 4.540000000000000000e+02 4.131890563964843750e+02
2.326790000000000020e+02 4.150000000000000000e+02 4.131838073730468750e+02
2.330159999999999911e+02 4.570000000000000000e+02 4.131831359863281250e+02
2.333520000000000039e+02 3.410000000000000000e+02 4.131974792480468750e+02
2.336879999999999882e+02 5.500000000000000000e+02 4.131894531250000000e+02
2.340250000000000057e+02 5.070000000000000000e+02 4.131872253417968750e+02
2.343609999999999900e+02 3.560000000000000000e+02 4.131893920898437500e+02
2.346970000000000027e+02 2.620000000000000000e+02 4.131931762695312500e+02
2.350329999999999870e+02 3.660000000000000000e+02 4.131887207031250000e+02
2.353700000000000045e+02 3.390000000000000000e+02 4.131868286132812500e+02
2.357069999999999936e+02 3.000000000000000000e+02 4.131954956054687500e+02
2.360430000000000064e+02 3.170000000000000000e+02 4.131921691894531250e+02
2.363799999999999955e+02 3.230000000000000000e+02 4.131866455078125000e+02
2.367160000000000082e+02 4.450000000000000000e+02 4.131875000000000000e+02
2.370519999999999925e+02 4.420000000000000000e+02 4.131892395019531250e+02
2.373890000000000100e+02 4.780000000000000000e+02 4.131737976074218750e+02
2.377249999999999943e+02 3.800000000000000000e+02 4.131895751953125000e+02
2.380610000000000070e+02 3.180000000000000000e+02 4.131787414550781250e+02
2.383979999999999961e+02 3.710000000000000000e+02 4.131888122558593750e+02
