4.362500000000000000e+01 1.450000000000000000e+02 3.740805053710937500e+02
4.396099999999999852e+01 2.250000000000000000e+02 3.740942687988281250e+02
4.429699999999999704e+01 2.190000000000000000e+02 3.740962829589843750e+02
4.463400000000000034e+01 1.690000000000000000e+02 3.740981445312500000e+02
4.496999999999999886e+01 3.920000000000000000e+02 3.740949707031250000e+02
4.530599999999999739e+01 3.720000000000000000e+02 3.741007690429687500e+02
4.564300000000000068e+01 5.260000000000000000e+02 3.740968322753906250e+02
4.597899999999999920e+01 3.690000000000000000e+02 3.741057739257812500e+02
4.631499999999999773e+01 4.140000000000000000e+02 3.741068725585937500e+02
4.665200000000000102e+01 3.000000000000000000e+02 3.741047058105468750e+02
4.698799999999999955e+01 2.970000000000000000e+02 3.740997619628906250e+02
4.732399999999999807e+01 1.290000000000000000e+02 3.741073913574218750e+02
