8.375220000000000482e+02 2.360000000000000000e+02 3.011905517578125000e+02
8.378579999999999472e+02 3.120000000000000000e+02 3.011970214843750000e+02
8.381939999999999600e+02 6.320000000000000000e+02 3.012017211914062500e+02
8.385299999999999727e+02 7.850000000000000000e+02 3.012033081054687500e+02
8.388659999999999854e+02 1.698000000000000000e+03 3.012011108398437500e+02
8.392019999999999982e+02 2.206000000000000000e+03 3.012018737792968750e+02
8.395380000000000109e+02 3.361000000000000000e+03 3.012032775878906250e+02
8.398740000000000236e+02 4.710000000000000000e+03 3.012024841308593750e+02
8.402100000000000364e+02 5.217000000000000000e+03 3.012022705078125000e+02
8.405460000000000491e+02 5.728000000000000000e+03 3.012020874023437500e+02
8.408819999999999482e+02 5.914000000000000000e+03 3.012023315429687500e+02
8.412179999999999609e+02 5.570000000000000000e+03 3.012033081054687500e+02
8.415539999999999736e+02 5.739000000000000000e+03 3.012040100097656250e+02
8.418899999999999864e+02 5.157000000000000000e+03 3.012026062011718750e+02
8.422259999999999991e+02 4.711000000000000000e+03 3.012028808593750000e+02
8.425620000000000118e+02 3.991000000000000000e+03 3.012032775878906250e+02
8.429039999999999964e+02 3.755000000000000000e+03 3.012024230957031250e+02
8.432340000000000373e+02 2.725000000000000000e+03 3.012035827636718750e+02
8.435760000000000218e+02 2.560000000000000000e+03 3.011986999511718750e+02
8.439120000000000346e+02 1.816000000000000000e+03 3.012019042968750000e+02
8.442480000000000473e+02 1.401000000000000000e+03 3.012029724121093750e+02
8.445839999999999463e+02 7.450000000000000000e+02 3.012017211914062500e+02
8.449199999999999591e+02 7.400000000000000000e+02 3.012041015625000000e+02
8.452559999999999718e+02 6.830000000000000000e+02 3.012003784179687500e+02
8.455919999999999845e+02 3.400000000000000000e+02 3.011980285644531250e+02
8.459279999999999973e+02 3.560000000000000000e+02 3.011927795410156250e+02
8.462640000000000100e+02 3.020000000000000000e+02 3.011978454589843750e+02
8.466000000000000227e+02 2.950000000000000000e+02 3.011973571777343750e+02
8.469360000000000355e+02 1.310000000000000000e+02 3.011913757324218750e+02
8.472720000000000482e+02 2.870000000000000000e+02 3.011951904296875000e+02
8.476079999999999472e+02 1.930000000000000000e+02 3.011877746582031250e+02
8.479500000000000455e+02 1.790000000000000000e+02 3.011894226074218750e+02
