4.328900000000000148e+01 6.300000000000000000e+01 3.281179199218750000e+02
4.362500000000000000e+01 1.150000000000000000e+02 3.281166076660156250e+02
4.396099999999999852e+01 1.000000000000000000e+02 3.281048583984375000e+02
4.429699999999999704e+01 3.470000000000000000e+02 3.281149597167968750e+02
4.463400000000000034e+01 5.140000000000000000e+02 3.281159973144531250e+02
4.496999999999999886e+01 3.490000000000000000e+02 3.281195678710937500e+02
4.530599999999999739e+01 3.370000000000000000e+02 3.281157836914062500e+02
4.564300000000000068e+01 2.280000000000000000e+02 3.281159057617187500e+02
4.597899999999999920e+01 2.420000000000000000e+02 3.281264343261718750e+02
4.631499999999999773e+01 1.720000000000000000e+02 3.281187133789062500e+02
4.665200000000000102e+01 9.200000000000000000e+01 3.281087036132812500e+02
4.698799999999999955e+01 1.010000000000000000e+02 3.281183776855468750e+02
4.732399999999999807e+01 1.330000000000000000e+02 3.281193237304687500e+02
4.765999999999999659e+01 6.600000000000000000e+01 3.281133728027343750e+02
4.799699999999999989e+01 7.100000000000000000e+01 3.281130676269531250e+02
4.833500000000000085e+01 4.000000000000000000e+01 3.280970458984375000e+02
4.867099999999999937e+01 3.800000000000000000e+01 3.280993041992187500e+02
4.900699999999999790e+01 5.800000000000000000e+01 3.281036987304687500e+02
4.934400000000000119e+01 1.470000000000000000e+02 3.281109924316406250e+02
4.967999999999999972e+01 1.610000000000000000e+02 3.281008911132812500e+02
