1.203269999999999982e+02 8.700000000000000000e+01 2.060923156738281250e+02
1.206629999999999967e+02 1.150000000000000000e+02 2.060953216552734375e+02
1.209989999999999952e+02 7.900000000000000000e+01 2.060916290283203125e+02
1.213359999999999985e+02 3.220000000000000000e+02 2.060989837646484375e+02
1.216719999999999970e+02 3.380000000000000000e+02 2.060940551757812500e+02
1.220079999999999956e+02 2.890000000000000000e+02 2.061015625000000000e+02
1.223449999999999989e+02 2.350000000000000000e+02 2.060949096679687500e+02
1.226809999999999974e+02 1.810000000000000000e+02 2.060934753417968750e+02
1.230169999999999959e+02 2.980000000000000000e+02 2.060971832275390625e+02
1.233539999999999992e+02 4.260000000000000000e+02 2.060949401855468750e+02
1.236899999999999977e+02 1.400000000000000000e+02 2.060998382568359375e+02
1.240259999999999962e+02 2.540000000000000000e+02 2.060978698730468750e+02
1.243619999999999948e+02 4.090000000000000000e+02 2.060979461669921875e+02
1.246989999999999981e+02 2.630000000000000000e+02 2.060980987548828125e+02
1.250349999999999966e+02 3.070000000000000000e+02 2.060945739746093750e+02
1.253709999999999951e+02 2.190000000000000000e+02 2.060894622802734375e+02
1.257079999999999984e+02 4.730000000000000000e+02 2.060953674316406250e+02
1.260439999999999969e+02 5.140000000000000000e+02 2.060962219238281250e+02
1.263799999999999955e+02 1.990000000000000000e+02 2.060995483398437500e+02
1.267169999999999987e+02 3.130000000000000000e+02 2.060970306396484375e+02
1.270529999999999973e+02 4.040000000000000000e+02 2.060937957763671875e+02
1.273889999999999958e+02 4.480000000000000000e+02 2.060952758789062500e+02
1.277249999999999943e+02 4.210000000000000000e+02 2.060961608886718750e+02
1.280620000000000118e+02 2.900000000000000000e+02 2.061028900146484375e+02
1.283979999999999961e+02 4.060000000000000000e+02 2.060941772460937500e+02
1.287340000000000089e+02 3.770000000000000000e+02 2.060954437255859375e+02
1.290720000000000027e+02 4.270000000000000000e+02 2.060958404541015625e+02
1.294079999999999870e+02 3.740000000000000000e+02 2.060949096679687500e+02
1.297450000000000045e+02 3.050000000000000000e+02 2.060959625244140625e+02
1.300809999999999889e+02 3.790000000000000000e+02 2.060946044921875000e+02
1.304170000000000016e+02 3.420000000000000000e+02 2.060945434570312500e+02
1.307539999999999907e+02 3.880000000000000000e+02 2.060954437255859375e+02
1.310900000000000034e+02 2.480000000000000000e+02 2.060979309082031250e+02
1.314259999999999877e+02 3.690000000000000000e+02 2.060941925048828125e+02
1.317630000000000052e+02 2.770000000000000000e+02 2.060928192138671875e+02
1.320989999999999895e+02 1.880000000000000000e+02 2.060893859863281250e+02
1.324350000000000023e+02 2.210000000000000000e+02 2.060915985107421875e+02
1.327709999999999866e+02 1.600000000000000000e+02 2.060965270996093750e+02
1.331080000000000041e+02 1.540000000000000000e+02 2.060977478027343750e+02
1.334439999999999884e+02 2.700000000000000000e+02 2.060960388183593750e+02
1.337800000000000011e+02 2.200000000000000000e+02 2.060924377441406250e+02
1.341169999999999902e+02 3.820000000000000000e+02 2.060987396240234375e+02
1.344530000000000030e+02 1.990000000000000000e+02 2.060995635986328125e+02
1.347899999999999920e+02 2.110000000000000000e+02 2.060965118408203125e+02
1.351260000000000048e+02 1.550000000000000000e+02 2.061009674072265625e+02
1.354619999999999891e+02 2.370000000000000000e+02 2.060937652587890625e+02
1.357990000000000066e+02 1.060000000000000000e+02 2.061044311523437500e+02
1.361349999999999909e+02 7.000000000000000000e+01 2.060928649902343750e+02
1.364710000000000036e+02 2.740000000000000000e+02 2.060959014892578125e+02
1.368069999999999879e+02 1.400000000000000000e+02 2.060958709716796875e+02
1.371440000000000055e+02 1.770000000000000000e+02 2.060946807861328125e+02
1.374799999999999898e+02 7.300000000000000000e+01 2.060935058593750000e+02
1.378160000000000025e+02 1.330000000000000000e+02 2.060990905761718750e+02
