4.698799999999999955e+01 1.600000000000000000e+02 1.660622558593750000e+02
4.732399999999999807e+01 1.450000000000000000e+02 1.660699920654296875e+02
4.765999999999999659e+01 1.440000000000000000e+02 1.660615081787109375e+02
4.799699999999999989e+01 1.930000000000000000e+02 1.660560150146484375e+02
4.833500000000000085e+01 2.660000000000000000e+02 1.660524902343750000e+02
4.867099999999999937e+01 3.240000000000000000e+02 1.660473632812500000e+02
4.900699999999999790e+01 2.210000000000000000e+02 1.660460357666015625e+02
4.934400000000000119e+01 4.740000000000000000e+02 1.660489959716796875e+02
4.967999999999999972e+01 4.100000000000000000e+02 1.660530700683593750e+02
5.001599999999999824e+01 4.120000000000000000e+02 1.660530395507812500e+02
5.035199999999999676e+01 5.120000000000000000e+02 1.660518646240234375e+02
5.068900000000000006e+01 4.700000000000000000e+02 1.660459136962890625e+02
5.102499999999999858e+01 1.750000000000000000e+02 1.660577697753906250e+02
5.136099999999999710e+01 3.110000000000000000e+02 1.660514984130859375e+02
5.169800000000000040e+01 3.420000000000000000e+02 1.660515289306640625e+02
5.203399999999999892e+01 2.690000000000000000e+02 1.660529937744140625e+02
5.236999999999999744e+01 1.330000000000000000e+02 1.660567321777343750e+02
5.270700000000000074e+01 2.090000000000000000e+02 1.660549621582031250e+02
5.304299999999999926e+01 2.470000000000000000e+02 1.660551300048828125e+02
5.337899999999999778e+01 1.610000000000000000e+02 1.660489654541015625e+02
5.371600000000000108e+01 3.090000000000000000e+02 1.660531463623046875e+02
5.405199999999999960e+01 6.900000000000000000e+01 1.660543518066406250e+02
5.438799999999999812e+01 1.620000000000000000e+02 1.660593109130859375e+02
5.472399999999999665e+01 9.000000000000000000e+01 1.660625762939453125e+02
5.506099999999999994e+01 5.000000000000000000e+01 1.660576019287109375e+02
5.539699999999999847e+01 1.100000000000000000e+02 1.660573272705078125e+02
5.573299999999999699e+01 9.800000000000000000e+01 1.660624237060546875e+02
5.607000000000000028e+01 5.400000000000000000e+01 1.660469512939453125e+02
5.640599999999999881e+01 6.400000000000000000e+01 1.660471496582031250e+02
5.674199999999999733e+01 7.000000000000000000e+01 1.660532989501953125e+02
5.707900000000000063e+01 7.200000000000000000e+01 1.660484771728515625e+02
5.741499999999999915e+01 4.900000000000000000e+01 1.660591430664062500e+02
5.775099999999999767e+01 9.900000000000000000e+01 1.660556335449218750e+02
