2.239329999999999927e+02 1.740000000000000000e+02 5.051575622558593750e+02
2.242700000000000102e+02 2.370000000000000000e+02 5.051842956542968750e+02
2.246059999999999945e+02 2.360000000000000000e+02 5.051746215820312500e+02
2.249420000000000073e+02 3.860000000000000000e+02 5.051696472167968750e+02
2.252789999999999964e+02 3.450000000000000000e+02 5.051694335937500000e+02
2.256150000000000091e+02 3.860000000000000000e+02 5.051649475097656250e+02
2.259509999999999934e+02 5.020000000000000000e+02 5.051741638183593750e+02
2.262880000000000109e+02 4.330000000000000000e+02 5.051727600097656250e+02
2.266239999999999952e+02 3.820000000000000000e+02 5.051778259277343750e+02
2.269600000000000080e+02 4.010000000000000000e+02 5.051807250976562500e+02
2.272969999999999970e+02 4.940000000000000000e+02 5.051671142578125000e+02
2.276330000000000098e+02 3.680000000000000000e+02 5.051755371093750000e+02
2.279689999999999941e+02 2.900000000000000000e+02 5.051759338378906250e+02
2.283060000000000116e+02 4.020000000000000000e+02 5.051750793457031250e+02
2.286419999999999959e+02 3.800000000000000000e+02 5.051779785156250000e+02
2.289790000000000134e+02 2.480000000000000000e+02 5.051805419921875000e+02
2.293149999999999977e+02 3.420000000000000000e+02 5.051729125976562500e+02
2.296510000000000105e+02 2.880000000000000000e+02 5.051740112304687500e+02
2.299890000000000043e+02 2.550000000000000000e+02 5.051679992675781250e+02
