8.704859999999999900e+02 2.830000000000000000e+02 5.754883422851562500e+02
8.708220000000000027e+02 2.430000000000000000e+02 5.754857788085937500e+02
8.711580000000000155e+02 3.740000000000000000e+02 5.754919433593750000e+02
8.714940000000000282e+02 2.610000000000000000e+02 5.754951171875000000e+02
8.718300000000000409e+02 2.470000000000000000e+02 5.754946899414062500e+02
8.721660000000000537e+02 3.840000000000000000e+02 5.754911499023437500e+02
8.725019999999999527e+02 2.580000000000000000e+02 5.754895019531250000e+02
8.728379999999999654e+02 2.710000000000000000e+02 5.754936523437500000e+02
8.731739999999999782e+02 2.700000000000000000e+02 5.755008544921875000e+02
8.735099999999999909e+02 3.090000000000000000e+02 5.754911499023437500e+02
8.738460000000000036e+02 2.150000000000000000e+02 5.755039672851562500e+02
8.741879999999999882e+02 3.030000000000000000e+02 5.754890747070312500e+02
8.745240000000000009e+02 1.970000000000000000e+02 5.754805297851562500e+02
8.748600000000000136e+02 1.920000000000000000e+02 5.755015869140625000e+02
8.751960000000000264e+02 3.420000000000000000e+02 5.754850463867187500e+02
8.755320000000000391e+02 2.060000000000000000e+02 5.754798583984375000e+02
8.758680000000000518e+02 1.850000000000000000e+02 5.754886474609375000e+02
8.762039999999999509e+02 3.360000000000000000e+02 5.754882812500000000e+02
8.765399999999999636e+02 2.480000000000000000e+02 5.754916992187500000e+02
8.768759999999999764e+02 3.010000000000000000e+02 5.754978637695312500e+02
8.772119999999999891e+02 2.040000000000000000e+02 5.754847412109375000e+02
8.775539999999999736e+02 3.320000000000000000e+02 5.754887695312500000e+02
8.778899999999999864e+02 2.290000000000000000e+02 5.755005493164062500e+02
8.782259999999999991e+02 2.420000000000000000e+02 5.755007934570312500e+02
8.785620000000000118e+02 2.610000000000000000e+02 5.754945678710937500e+02
8.788980000000000246e+02 1.980000000000000000e+02 5.754904174804687500e+02
8.792340000000000373e+02 2.140000000000000000e+02 5.754875488281250000e+02
8.795700000000000500e+02 2.190000000000000000e+02 5.754941406250000000e+02
8.799059999999999491e+02 2.330000000000000000e+02 5.754970092773437500e+02
8.802419999999999618e+02 1.710000000000000000e+02 5.754910278320312500e+02
8.805779999999999745e+02 2.850000000000000000e+02 5.754902954101562500e+02
8.809139999999999873e+02 2.610000000000000000e+02 5.754851074218750000e+02
8.812500000000000000e+02 2.690000000000000000e+02 5.754903564453125000e+02
8.815860000000000127e+02 4.920000000000000000e+02 5.754873657226562500e+02
8.819220000000000255e+02 1.900000000000000000e+02 5.754885253906250000e+02
8.822580000000000382e+02 2.050000000000000000e+02 5.754884643554687500e+02
8.825940000000000509e+02 2.690000000000000000e+02 5.754862060546875000e+02
8.829299999999999500e+02 1.650000000000000000e+02 5.754860839843750000e+02
8.832659999999999627e+02 2.180000000000000000e+02 5.754866333007812500e+02
8.836079999999999472e+02 2.700000000000000000e+02 5.754882202148437500e+02
8.839439999999999600e+02 2.060000000000000000e+02 5.754971923828125000e+02
8.842799999999999727e+02 3.330000000000000000e+02 5.754819335937500000e+02
8.846159999999999854e+02 2.470000000000000000e+02 5.754935302734375000e+02
8.849519999999999982e+02 1.860000000000000000e+02 5.754963378906250000e+02
8.852880000000000109e+02 2.750000000000000000e+02 5.754953002929687500e+02
8.856240000000000236e+02 2.610000000000000000e+02 5.754832763671875000e+02
8.859600000000000364e+02 2.250000000000000000e+02 5.754747314453125000e+02
8.862960000000000491e+02 3.060000000000000000e+02 5.754835205078125000e+02
8.866319999999999482e+02 2.260000000000000000e+02 5.754943847656250000e+02
8.869679999999999609e+02 1.910000000000000000e+02 5.754867553710937500e+02
8.873039999999999736e+02 2.850000000000000000e+02 5.754948120117187500e+02
8.876399999999999864e+02 2.390000000000000000e+02 5.754974975585937500e+02
8.879759999999999991e+02 2.440000000000000000e+02 5.754909057617187500e+02
8.883120000000000118e+02 2.550000000000000000e+02 5.754935302734375000e+02
8.886539999999999964e+02 2.320000000000000000e+02 5.754834594726562500e+02
8.889900000000000091e+02 2.370000000000000000e+02 5.754887695312500000e+02
8.893260000000000218e+02 2.830000000000000000e+02 5.754899291992187500e+02
8.896620000000000346e+02 2.840000000000000000e+02 5.754932250976562500e+02
8.899980000000000473e+02 3.090000000000000000e+02 5.754950561523437500e+02
8.903339999999999463e+02 2.100000000000000000e+02 5.754923706054687500e+02
8.906699999999999591e+02 2.810000000000000000e+02 5.754807739257812500e+02
8.910059999999999718e+02 2.380000000000000000e+02 5.754832763671875000e+02
8.913419999999999845e+02 2.120000000000000000e+02 5.755012817382812500e+02
8.916779999999999973e+02 2.300000000000000000e+02 5.754944458007812500e+02
8.920140000000000100e+02 3.780000000000000000e+02 5.754855957031250000e+02
8.923500000000000227e+02 3.380000000000000000e+02 5.754914550781250000e+02
8.926860000000000355e+02 3.600000000000000000e+02 5.754936523437500000e+02
8.930220000000000482e+02 1.590000000000000000e+02 5.754984741210937500e+02
8.933640000000000327e+02 3.140000000000000000e+02 5.754780273437500000e+02
8.937000000000000455e+02 2.730000000000000000e+02 5.754897460937500000e+02
8.940359999999999445e+02 3.010000000000000000e+02 5.754866333007812500e+02
8.943719999999999573e+02 3.800000000000000000e+02 5.754942016601562500e+02
8.947079999999999700e+02 3.060000000000000000e+02 5.754845581054687500e+02
8.950439999999999827e+02 2.500000000000000000e+02 5.754882812500000000e+02
8.953799999999999955e+02 2.160000000000000000e+02 5.754884033203125000e+02
8.957160000000000082e+02 4.250000000000000000e+02 5.754862670898437500e+02
8.960520000000000209e+02 2.200000000000000000e+02 5.754899902343750000e+02
