1.586730000000000018e+02 7.300000000000000000e+01 1.280497894287109375e+02
1.590089999999999861e+02 5.000000000000000000e+01 1.280500488281250000e+02
1.593470000000000084e+02 5.700000000000000000e+01 1.280525817871093750e+02
1.596829999999999927e+02 1.270000000000000000e+02 1.280513305664062500e+02
1.600190000000000055e+02 1.130000000000000000e+02 1.280441589355468750e+02
1.603559999999999945e+02 9.500000000000000000e+01 1.280522766113281250e+02
1.606920000000000073e+02 1.020000000000000000e+02 1.280479583740234375e+02
1.610279999999999916e+02 1.060000000000000000e+02 1.280467681884765625e+02
1.613650000000000091e+02 5.500000000000000000e+01 1.280535125732421875e+02
1.617009999999999934e+02 1.260000000000000000e+02 1.280566101074218750e+02
1.620370000000000061e+02 1.000000000000000000e+02 1.280515594482421875e+02
1.623739999999999952e+02 1.500000000000000000e+02 1.280453643798828125e+02
1.627100000000000080e+02 2.230000000000000000e+02 1.280468750000000000e+02
1.630459999999999923e+02 1.950000000000000000e+02 1.280539245605468750e+02
1.633830000000000098e+02 1.570000000000000000e+02 1.280457305908203125e+02
1.637189999999999941e+02 3.760000000000000000e+02 1.280508422851562500e+02
1.640550000000000068e+02 1.590000000000000000e+02 1.280528259277343750e+02
1.643919999999999959e+02 1.110000000000000000e+02 1.280494842529296875e+02
1.647280000000000086e+02 1.990000000000000000e+02 1.280491027832031250e+02
1.650639999999999930e+02 2.990000000000000000e+02 1.280515289306640625e+02
1.654010000000000105e+02 1.690000000000000000e+02 1.280507659912109375e+02
1.657379999999999995e+02 4.740000000000000000e+02 1.280474853515625000e+02
1.660740000000000123e+02 1.740000000000000000e+02 1.280498809814453125e+02
1.664110000000000014e+02 2.890000000000000000e+02 1.280515594482421875e+02
1.667479999999999905e+02 3.390000000000000000e+02 1.280502624511718750e+02
1.670840000000000032e+02 2.420000000000000000e+02 1.280479125976562500e+02
1.674199999999999875e+02 2.960000000000000000e+02 1.280474243164062500e+02
1.677570000000000050e+02 3.560000000000000000e+02 1.280464172363281250e+02
1.680929999999999893e+02 2.600000000000000000e+02 1.280495605468750000e+02
1.684290000000000020e+02 2.940000000000000000e+02 1.280499420166015625e+02
1.687649999999999864e+02 3.920000000000000000e+02 1.280470275878906250e+02
1.691020000000000039e+02 2.910000000000000000e+02 1.280492706298828125e+02
1.694399999999999977e+02 2.330000000000000000e+02 1.280529479980468750e+02
1.697760000000000105e+02 2.390000000000000000e+02 1.280512390136718750e+02
1.701119999999999948e+02 2.610000000000000000e+02 1.280501403808593750e+02
1.704480000000000075e+02 2.530000000000000000e+02 1.280496368408203125e+02
1.707849999999999966e+02 2.150000000000000000e+02 1.280466156005859375e+02
1.711210000000000093e+02 3.140000000000000000e+02 1.280451812744140625e+02
1.714569999999999936e+02 1.180000000000000000e+02 1.280481567382812500e+02
1.717940000000000111e+02 2.350000000000000000e+02 1.280476684570312500e+02
1.721299999999999955e+02 1.460000000000000000e+02 1.280479125976562500e+02
1.724660000000000082e+02 1.370000000000000000e+02 1.280463562011718750e+02
1.728029999999999973e+02 1.660000000000000000e+02 1.280460357666015625e+02
1.731390000000000100e+02 1.390000000000000000e+02 1.280492248535156250e+02
1.734749999999999943e+02 1.190000000000000000e+02 1.280516662597656250e+02
1.738120000000000118e+02 1.340000000000000000e+02 1.280498199462890625e+02
1.741479999999999961e+02 2.110000000000000000e+02 1.280454254150390625e+02
1.744840000000000089e+02 1.020000000000000000e+02 1.280474090576171875e+02
1.748199999999999932e+02 1.230000000000000000e+02 1.280459594726562500e+02
1.751570000000000107e+02 1.640000000000000000e+02 1.280532531738281250e+02
1.754929999999999950e+02 1.290000000000000000e+02 1.280482177734375000e+02
1.758290000000000077e+02 3.600000000000000000e+01 1.280359497070312500e+02
1.761659999999999968e+02 2.100000000000000000e+01 1.280448608398437500e+02
1.765020000000000095e+02 4.500000000000000000e+01 1.280465545654296875e+02
1.768379999999999939e+02 5.800000000000000000e+01 1.280506134033203125e+02
1.771750000000000114e+02 7.800000000000000000e+01 1.280502319335937500e+02
