5.102499999999999858e+01 8.103000000000000000e+03 1.500531921386718750e+02
5.136099999999999710e+01 7.640000000000000000e+03 1.500532226562500000e+02
5.169800000000000040e+01 6.817000000000000000e+03 1.500536346435546875e+02
5.203399999999999892e+01 5.884000000000000000e+03 1.500533599853515625e+02
5.236999999999999744e+01 5.080000000000000000e+03 1.500529937744140625e+02
5.270700000000000074e+01 4.486000000000000000e+03 1.500539703369140625e+02
5.304299999999999926e+01 4.276000000000000000e+03 1.500549774169921875e+02
5.337899999999999778e+01 4.173000000000000000e+03 1.500540618896484375e+02
5.371600000000000108e+01 3.563000000000000000e+03 1.500543212890625000e+02
5.405199999999999960e+01 3.209000000000000000e+03 1.500535430908203125e+02
5.438799999999999812e+01 2.685000000000000000e+03 1.500545806884765625e+02
5.472399999999999665e+01 2.653000000000000000e+03 1.500547485351562500e+02
5.506099999999999994e+01 2.039000000000000000e+03 1.500556182861328125e+02
5.539699999999999847e+01 1.721000000000000000e+03 1.500528106689453125e+02
5.573299999999999699e+01 1.161000000000000000e+03 1.500534362792968750e+02
5.607000000000000028e+01 1.255000000000000000e+03 1.500527648925781250e+02
5.640599999999999881e+01 9.350000000000000000e+02 1.500535583496093750e+02
5.674199999999999733e+01 9.410000000000000000e+02 1.500561523437500000e+02
5.707900000000000063e+01 1.098000000000000000e+03 1.500543518066406250e+02
5.741499999999999915e+01 5.920000000000000000e+02 1.500548706054687500e+02
5.775099999999999767e+01 5.380000000000000000e+02 1.500535583496093750e+02
5.808800000000000097e+01 7.600000000000000000e+02 1.500552368164062500e+02
5.842499999999999716e+01 5.960000000000000000e+02 1.500536804199218750e+02
5.876200000000000045e+01 5.380000000000000000e+02 1.500537719726562500e+02
5.909799999999999898e+01 4.560000000000000000e+02 1.500586853027343750e+02
5.943399999999999750e+01 6.210000000000000000e+02 1.500554046630859375e+02
5.977100000000000080e+01 5.170000000000000000e+02 1.500554199218750000e+02
6.010679999999999978e+01 5.400000000000000000e+02 1.500533447265625000e+02
6.044279999999999831e+01 2.950000000000000000e+02 1.500542755126953125e+02
6.078000000000000114e+01 3.760000000000000000e+02 1.500545043945312500e+02
6.111599999999999966e+01 5.540000000000000000e+02 1.500530395507812500e+02
6.145199999999999818e+01 2.780000000000000000e+02 1.500620269775390625e+02
6.178920000000000101e+01 3.710000000000000000e+02 1.500526123046875000e+02
6.212519999999999953e+01 1.630000000000000000e+02 1.500512695312500000e+02
6.246119999999999806e+01 3.020000000000000000e+02 1.500560150146484375e+02
6.279780000000000229e+01 2.440000000000000000e+02 1.500534362792968750e+02
6.313380000000000081e+01 2.530000000000000000e+02 1.500528717041015625e+02
6.346979999999999933e+01 2.400000000000000000e+02 1.500574340820312500e+02
6.380700000000000216e+01 2.800000000000000000e+02 1.500522460937500000e+02
6.414300000000000068e+01 2.440000000000000000e+02 1.500552673339843750e+02
6.447899999999999920e+01 1.860000000000000000e+02 1.500530242919921875e+02
6.481619999999999493e+01 2.480000000000000000e+02 1.500556182861328125e+02
6.515219999999999345e+01 1.930000000000000000e+02 1.500567932128906250e+02
6.548820000000000618e+01 2.560000000000000000e+02 1.500547637939453125e+02
6.582479999999999620e+01 4.590000000000000000e+02 1.500510711669921875e+02
6.616079999999999472e+01 1.620000000000000000e+02 1.500579833984375000e+02
6.649679999999999325e+01 2.140000000000000000e+02 1.500579681396484375e+02
6.683280000000000598e+01 1.800000000000000000e+02 1.500514984130859375e+02
6.717000000000000171e+01 2.920000000000000000e+02 1.500547943115234375e+02
6.750600000000000023e+01 1.800000000000000000e+02 1.500533752441406250e+02
6.784199999999999875e+01 2.890000000000000000e+02 1.500553131103515625e+02
6.817919999999999447e+01 2.580000000000000000e+02 1.500574645996093750e+02
6.851579999999999870e+01 3.610000000000000000e+02 1.500574645996093750e+02
6.885299999999999443e+01 1.130000000000000000e+02 1.500578002929687500e+02
6.918899999999999295e+01 1.780000000000000000e+02 1.500587463378906250e+02
6.952620000000000289e+01 1.630000000000000000e+02 1.500530700683593750e+02
6.986220000000000141e+01 2.600000000000000000e+02 1.500502166748046875e+02
7.020480000000000587e+01 1.580000000000000000e+02 1.500590515136718750e+02
7.054200000000000159e+01 1.580000000000000000e+02 1.500554962158203125e+02
7.087800000000000011e+01 1.330000000000000000e+02 1.500538940429687500e+02
7.121519999999999584e+01 1.740000000000000000e+02 1.500583038330078125e+02
7.155119999999999436e+01 3.480000000000000000e+02 1.500570678710937500e+02
7.188779999999999859e+01 1.730000000000000000e+02 1.500568847656250000e+02
7.222379999999999711e+01 2.290000000000000000e+02 1.500565490722656250e+02
7.255979999999999563e+01 1.540000000000000000e+02 1.500529174804687500e+02
7.289700000000000557e+01 1.550000000000000000e+02 1.500540161132812500e+02
7.323300000000000409e+01 2.260000000000000000e+02 1.500480194091796875e+02
7.356900000000000261e+01 7.300000000000000000e+01 1.500642700195312500e+02
7.390619999999999834e+01 2.240000000000000000e+02 1.500528869628906250e+02
7.424219999999999686e+01 2.840000000000000000e+02 1.500550231933593750e+02
7.457819999999999538e+01 2.040000000000000000e+02 1.500552520751953125e+02
7.491419999999999391e+01 2.340000000000000000e+02 1.500530395507812500e+02
7.525079999999999814e+01 2.580000000000000000e+02 1.500551452636718750e+02
7.558679999999999666e+01 2.740000000000000000e+02 1.500519714355468750e+02
7.592279999999999518e+01 2.810000000000000000e+02 1.500538940429687500e+02
7.626000000000000512e+01 3.580000000000000000e+02 1.500570831298828125e+02
7.659600000000000364e+01 2.120000000000000000e+02 1.500515441894531250e+02
7.693200000000000216e+01 2.500000000000000000e+02 1.500571899414062500e+02
7.726919999999999789e+01 2.510000000000000000e+02 1.500531921386718750e+02
7.760519999999999641e+01 1.580000000000000000e+02 1.500553436279296875e+02
7.794119999999999493e+01 1.590000000000000000e+02 1.500509490966796875e+02
7.827719999999999345e+01 1.390000000000000000e+02 1.500574188232421875e+02
7.861499999999999488e+01 3.020000000000000000e+02 1.500603332519531250e+02
7.895099999999999341e+01 2.030000000000000000e+02 1.500478363037109375e+02
7.928820000000000334e+01 2.060000000000000000e+02 1.500473937988281250e+02
7.962420000000000186e+01 2.000000000000000000e+02 1.500528259277343750e+02
7.996020000000000039e+01 3.060000000000000000e+02 1.500532989501953125e+02
8.029680000000000462e+01 1.540000000000000000e+02 1.500574035644531250e+02
