2.363799999999999955e+02 1.587160000000000000e+05 3.101602783203125000e+02
2.367160000000000082e+02 1.495560000000000000e+05 3.101609802246093750e+02
2.370519999999999925e+02 1.357880000000000000e+05 3.101601257324218750e+02
2.373890000000000100e+02 1.171340000000000000e+05 3.101598815917968750e+02
2.377249999999999943e+02 1.006560000000000000e+05 3.101600646972656250e+02
2.380610000000000070e+02 8.068300000000000000e+04 3.101602172851562500e+02
2.383979999999999961e+02 6.753400000000000000e+04 3.101601562500000000e+02
2.387340000000000089e+02 5.502000000000000000e+04 3.101608581542968750e+02
2.390699999999999932e+02 4.267800000000000000e+04 3.101605834960937500e+02
2.394070000000000107e+02 3.364400000000000000e+04 3.101606750488281250e+02
2.397429999999999950e+02 2.906600000000000000e+04 3.101600036621093750e+02
2.400809999999999889e+02 2.455300000000000000e+04 3.101604919433593750e+02
2.404170000000000016e+02 2.060800000000000000e+04 3.101596984863281250e+02
2.407539999999999907e+02 1.802200000000000000e+04 3.101607055664062500e+02
2.410910000000000082e+02 1.583500000000000000e+04 3.101596984863281250e+02
2.414269999999999925e+02 1.581500000000000000e+04 3.101592102050781250e+02
2.417630000000000052e+02 1.418200000000000000e+04 3.101599426269531250e+02
2.420999999999999943e+02 1.303000000000000000e+04 3.101601867675781250e+02
2.424360000000000070e+02 1.274800000000000000e+04 3.101608581542968750e+02
2.427719999999999914e+02 1.324700000000000000e+04 3.101593017578125000e+02
2.431090000000000089e+02 1.230000000000000000e+04 3.101600341796875000e+02
2.434449999999999932e+02 1.220900000000000000e+04 3.101602478027343750e+02
2.437810000000000059e+02 1.154900000000000000e+04 3.101599731445312500e+02
2.441179999999999950e+02 1.177500000000000000e+04 3.101598205566406250e+02
2.444550000000000125e+02 1.086100000000000000e+04 3.101606750488281250e+02
2.447909999999999968e+02 1.037900000000000000e+04 3.101594238281250000e+02
2.451270000000000095e+02 9.475000000000000000e+03 3.101597900390625000e+02
2.454639999999999986e+02 1.022100000000000000e+04 3.101609191894531250e+02
2.458000000000000114e+02 9.114000000000000000e+03 3.101597900390625000e+02
2.461359999999999957e+02 7.773000000000000000e+03 3.101596984863281250e+02
2.464720000000000084e+02 7.525000000000000000e+03 3.101589965820312500e+02
2.468089999999999975e+02 6.590000000000000000e+03 3.101604003906250000e+02
2.471469999999999914e+02 6.554000000000000000e+03 3.101601257324218750e+02
2.474830000000000041e+02 5.599000000000000000e+03 3.101607055664062500e+02
2.478189999999999884e+02 5.784000000000000000e+03 3.101599121093750000e+02
2.481550000000000011e+02 6.088000000000000000e+03 3.101594543457031250e+02
2.484919999999999902e+02 5.754000000000000000e+03 3.101604309082031250e+02
2.488280000000000030e+02 5.547000000000000000e+03 3.101585388183593750e+02
2.491639999999999873e+02 5.269000000000000000e+03 3.101602172851562500e+02
2.495010000000000048e+02 5.834000000000000000e+03 3.101595458984375000e+02
2.498369999999999891e+02 5.429000000000000000e+03 3.101616210937500000e+02
2.501750000000000114e+02 5.245000000000000000e+03 3.101599121093750000e+02
2.505109999999999957e+02 5.818000000000000000e+03 3.101604309082031250e+02
2.508470000000000084e+02 4.735000000000000000e+03 3.101594238281250000e+02
2.511839999999999975e+02 5.046000000000000000e+03 3.101602172851562500e+02
2.515200000000000102e+02 4.825000000000000000e+03 3.101589965820312500e+02
2.518559999999999945e+02 4.353000000000000000e+03 3.101595153808593750e+02
2.521930000000000121e+02 4.144000000000000000e+03 3.101598510742187500e+02
2.525289999999999964e+02 4.320000000000000000e+03 3.101604614257812500e+02
2.528650000000000091e+02 4.733000000000000000e+03 3.101595153808593750e+02
2.532019999999999982e+02 4.084000000000000000e+03 3.101606140136718750e+02
2.535380000000000109e+02 4.420000000000000000e+03 3.101611022949218750e+02
2.538739999999999952e+02 4.201000000000000000e+03 3.101617126464843750e+02
2.542110000000000127e+02 4.499000000000000000e+03 3.101587219238281250e+02
2.545469999999999970e+02 4.233000000000000000e+03 3.101596069335937500e+02
2.548830000000000098e+02 4.167000000000000000e+03 3.101618652343750000e+02
2.552199999999999989e+02 4.104000000000000000e+03 3.101616516113281250e+02
2.555560000000000116e+02 3.473000000000000000e+03 3.101607666015625000e+02
2.558919999999999959e+02 3.961000000000000000e+03 3.101598205566406250e+02
2.562289999999999850e+02 3.639000000000000000e+03 3.101593322753906250e+02
2.565659999999999741e+02 3.424000000000000000e+03 3.101597595214843750e+02
2.569019999999999868e+02 3.644000000000000000e+03 3.101606445312500000e+02
2.572379999999999995e+02 3.201000000000000000e+03 3.101613159179687500e+02
2.575749999999999886e+02 3.285000000000000000e+03 3.101611328125000000e+02
2.579110000000000014e+02 3.197000000000000000e+03 3.101602478027343750e+02
2.582470000000000141e+02 2.966000000000000000e+03 3.101602478027343750e+02
2.585830000000000268e+02 2.504000000000000000e+03 3.101591186523437500e+02
2.589200000000000159e+02 2.166000000000000000e+03 3.101594238281250000e+02
2.592559999999999718e+02 2.643000000000000000e+03 3.101594238281250000e+02
2.595919999999999845e+02 2.882000000000000000e+03 3.101574401855468750e+02
2.599289999999999736e+02 2.646000000000000000e+03 3.101598510742187500e+02
2.602669999999999959e+02 2.810000000000000000e+03 3.101592407226562500e+02
2.606039999999999850e+02 2.349000000000000000e+03 3.101612243652343750e+02
2.609399999999999977e+02 2.590000000000000000e+03 3.101618652343750000e+02
2.612769999999999868e+02 2.527000000000000000e+03 3.101579284667968750e+02
2.616129999999999995e+02 2.508000000000000000e+03 3.101586914062500000e+02
2.619490000000000123e+02 2.180000000000000000e+03 3.101579589843750000e+02
2.622850000000000250e+02 2.020000000000000000e+03 3.101603698730468750e+02
2.626220000000000141e+02 2.286000000000000000e+03 3.101605834960937500e+02
2.629580000000000268e+02 2.306000000000000000e+03 3.101582946777343750e+02
2.632939999999999827e+02 2.287000000000000000e+03 3.101606750488281250e+02
2.636309999999999718e+02 2.292000000000000000e+03 3.101596374511718750e+02
2.639669999999999845e+02 1.956000000000000000e+03 3.101607360839843750e+02
2.643029999999999973e+02 2.053000000000000000e+03 3.101587219238281250e+02
2.646399999999999864e+02 1.827000000000000000e+03 3.101616516113281250e+02
2.649759999999999991e+02 1.751000000000000000e+03 3.101594848632812500e+02
2.653120000000000118e+02 1.850000000000000000e+03 3.101618347167968750e+02
2.656490000000000009e+02 1.948000000000000000e+03 3.101609191894531250e+02
