9.539099999999999682e+02 3.800000000000000000e+02 8.025238647460937500e+02
9.542459999999999809e+02 4.070000000000000000e+02 8.025294189453125000e+02
9.545819999999999936e+02 3.980000000000000000e+02 8.025249023437500000e+02
9.549180000000000064e+02 4.590000000000000000e+02 8.025313110351562500e+02
9.552540000000000191e+02 3.890000000000000000e+02 8.025209350585937500e+02
9.555900000000000318e+02 3.360000000000000000e+02 8.025205078125000000e+02
9.559260000000000446e+02 5.580000000000000000e+02 8.025172729492187500e+02
9.562619999999999436e+02 3.950000000000000000e+02 8.025194702148437500e+02
9.566040000000000418e+02 3.790000000000000000e+02 8.025253906250000000e+02
9.569400000000000546e+02 5.130000000000000000e+02 8.025181884765625000e+02
9.572759999999999536e+02 3.520000000000000000e+02 8.025229492187500000e+02
9.576119999999999663e+02 3.270000000000000000e+02 8.025285034179687500e+02
9.579479999999999791e+02 3.910000000000000000e+02 8.025192871093750000e+02
9.582839999999999918e+02 3.400000000000000000e+02 8.025241088867187500e+02
9.586200000000000045e+02 3.850000000000000000e+02 8.025178833007812500e+02
9.589560000000000173e+02 3.780000000000000000e+02 8.025217895507812500e+02
9.592920000000000300e+02 4.120000000000000000e+02 8.025213012695312500e+02
9.596280000000000427e+02 3.350000000000000000e+02 8.025247802734375000e+02
9.599640000000000555e+02 3.000000000000000000e+02 8.025267944335937500e+02
9.602999999999999545e+02 3.560000000000000000e+02 8.025114746093750000e+02
9.606359999999999673e+02 3.470000000000000000e+02 8.025274047851562500e+02
9.609719999999999800e+02 3.720000000000000000e+02 8.025182495117187500e+02
9.613139999999999645e+02 3.880000000000000000e+02 8.025241699218750000e+02
9.616499999999999773e+02 3.690000000000000000e+02 8.025316162109375000e+02
9.619800000000000182e+02 3.370000000000000000e+02 8.025169677734375000e+02
9.623220000000000027e+02 3.240000000000000000e+02 8.025283203125000000e+02
9.626580000000000155e+02 2.660000000000000000e+02 8.025280151367187500e+02
9.629940000000000282e+02 4.330000000000000000e+02 8.025195922851562500e+02
9.633300000000000409e+02 3.840000000000000000e+02 8.025057373046875000e+02
9.636660000000000537e+02 2.640000000000000000e+02 8.025122680664062500e+02
9.640019999999999527e+02 3.190000000000000000e+02 8.025261840820312500e+02
9.643379999999999654e+02 4.040000000000000000e+02 8.025228271484375000e+02
9.646739999999999782e+02 3.430000000000000000e+02 8.025261840820312500e+02
9.650099999999999909e+02 3.140000000000000000e+02 8.025234985351562500e+02
9.653460000000000036e+02 2.890000000000000000e+02 8.025334472656250000e+02
9.656820000000000164e+02 3.370000000000000000e+02 8.025153808593750000e+02
9.660180000000000291e+02 2.660000000000000000e+02 8.025200195312500000e+02
9.663540000000000418e+02 3.660000000000000000e+02 8.025164794921875000e+02
9.666960000000000264e+02 2.790000000000000000e+02 8.025164184570312500e+02
9.670259999999999536e+02 3.730000000000000000e+02 8.025264892578125000e+02
9.673680000000000518e+02 2.190000000000000000e+02 8.025271606445312500e+02
9.677039999999999509e+02 3.570000000000000000e+02 8.025249023437500000e+02
9.680399999999999636e+02 3.140000000000000000e+02 8.025230712890625000e+02
9.683759999999999764e+02 3.360000000000000000e+02 8.025243530273437500e+02
9.687119999999999891e+02 4.450000000000000000e+02 8.025191650390625000e+02
9.690480000000000018e+02 2.620000000000000000e+02 8.025203247070312500e+02
9.693840000000000146e+02 3.840000000000000000e+02 8.025194702148437500e+02
9.697200000000000273e+02 3.390000000000000000e+02 8.025229492187500000e+02
9.700560000000000400e+02 3.110000000000000000e+02 8.025322265625000000e+02
9.703920000000000528e+02 4.260000000000000000e+02 8.025261230468750000e+02
9.707279999999999518e+02 3.110000000000000000e+02 8.025288085937500000e+02
9.710639999999999645e+02 3.910000000000000000e+02 8.025263671875000000e+02
9.713999999999999773e+02 3.320000000000000000e+02 8.025236206054687500e+02
9.717419999999999618e+02 2.650000000000000000e+02 8.025293579101562500e+02
9.720779999999999745e+02 3.010000000000000000e+02 8.025249633789062500e+02
9.724080000000000155e+02 2.730000000000000000e+02 8.025206298828125000e+02
9.727500000000000000e+02 2.970000000000000000e+02 8.025271606445312500e+02
9.730860000000000127e+02 2.530000000000000000e+02 8.025220336914062500e+02
9.734220000000000255e+02 3.740000000000000000e+02 8.025284423828125000e+02
