9.798120000000000118e+02 3.950000000000000000e+02 7.645031738281250000e+02
9.801480000000000246e+02 3.530000000000000000e+02 7.645145874023437500e+02
9.804840000000000373e+02 3.570000000000000000e+02 7.645084228515625000e+02
9.808200000000000500e+02 4.640000000000000000e+02 7.644990844726562500e+02
9.811559999999999491e+02 3.130000000000000000e+02 7.644992675781250000e+02
9.814919999999999618e+02 4.200000000000000000e+02 7.645054931640625000e+02
9.818279999999999745e+02 3.280000000000000000e+02 7.645056152343750000e+02
9.821639999999999873e+02 4.170000000000000000e+02 7.644979858398437500e+02
9.825000000000000000e+02 2.380000000000000000e+02 7.645018920898437500e+02
9.828360000000000127e+02 3.710000000000000000e+02 7.645007934570312500e+02
9.831779999999999973e+02 3.420000000000000000e+02 7.645046386718750000e+02
9.835080000000000382e+02 3.170000000000000000e+02 7.645109863281250000e+02
9.838500000000000227e+02 3.800000000000000000e+02 7.644960327148437500e+02
9.841860000000000355e+02 3.960000000000000000e+02 7.645129394531250000e+02
9.845220000000000482e+02 3.280000000000000000e+02 7.645009155273437500e+02
9.848579999999999472e+02 4.090000000000000000e+02 7.644998779296875000e+02
9.851939999999999600e+02 3.690000000000000000e+02 7.645015258789062500e+02
9.855299999999999727e+02 3.440000000000000000e+02 7.645067749023437500e+02
9.858659999999999854e+02 4.030000000000000000e+02 7.645007324218750000e+02
9.862019999999999982e+02 4.010000000000000000e+02 7.645028076171875000e+02
9.865380000000000109e+02 2.520000000000000000e+02 7.645049438476562500e+02
9.868740000000000236e+02 3.770000000000000000e+02 7.645030517578125000e+02
9.872160000000000082e+02 4.350000000000000000e+02 7.645070800781250000e+02
9.875520000000000209e+02 3.230000000000000000e+02 7.645028076171875000e+02
9.878819999999999482e+02 3.460000000000000000e+02 7.644956665039062500e+02
9.882240000000000464e+02 3.600000000000000000e+02 7.644906616210937500e+02
9.885599999999999454e+02 3.010000000000000000e+02 7.644920043945312500e+02
9.888959999999999582e+02 2.480000000000000000e+02 7.645099487304687500e+02
9.892319999999999709e+02 2.530000000000000000e+02 7.644967041015625000e+02
9.895679999999999836e+02 2.350000000000000000e+02 7.645010375976562500e+02
9.899039999999999964e+02 3.840000000000000000e+02 7.644984741210937500e+02
9.902400000000000091e+02 3.050000000000000000e+02 7.645154418945312500e+02
9.905760000000000218e+02 3.190000000000000000e+02 7.645039062500000000e+02
9.909120000000000346e+02 2.690000000000000000e+02 7.645061035156250000e+02
9.912480000000000473e+02 2.300000000000000000e+02 7.645104370117187500e+02
9.915839999999999463e+02 3.110000000000000000e+02 7.644992675781250000e+02
9.919199999999999591e+02 4.400000000000000000e+02 7.645020751953125000e+02
9.922559999999999718e+02 4.010000000000000000e+02 7.645021362304687500e+02
9.925919999999999845e+02 3.450000000000000000e+02 7.645010375976562500e+02
9.929279999999999973e+02 3.910000000000000000e+02 7.645002441406250000e+02
9.932640000000000100e+02 3.610000000000000000e+02 7.644996337890625000e+02
9.936059999999999945e+02 4.000000000000000000e+02 7.645054321289062500e+02
9.939360000000000355e+02 3.850000000000000000e+02 7.645023803710937500e+02
9.942720000000000482e+02 3.410000000000000000e+02 7.645088500976562500e+02
9.946140000000000327e+02 4.430000000000000000e+02 7.644958496093750000e+02
9.949500000000000455e+02 4.420000000000000000e+02 7.645147705078125000e+02
9.952859999999999445e+02 2.050000000000000000e+02 7.645093994140625000e+02
