2.296510000000000105e+02 3.440000000000000000e+02 4.031697082519531250e+02
2.299890000000000043e+02 2.790000000000000000e+02 4.031712036132812500e+02
2.303249999999999886e+02 3.630000000000000000e+02 4.031756591796875000e+02
2.306620000000000061e+02 2.370000000000000000e+02 4.031683044433593750e+02
2.309979999999999905e+02 4.610000000000000000e+02 4.031706848144531250e+02
2.313340000000000032e+02 3.640000000000000000e+02 4.031738586425781250e+02
2.316699999999999875e+02 3.000000000000000000e+02 4.031741638183593750e+02
2.320070000000000050e+02 5.050000000000000000e+02 4.031718139648437500e+02
2.323429999999999893e+02 4.170000000000000000e+02 4.031730041503906250e+02
2.326790000000000020e+02 4.230000000000000000e+02 4.031673889160156250e+02
2.330159999999999911e+02 4.360000000000000000e+02 4.031764221191406250e+02
2.333520000000000039e+02 6.160000000000000000e+02 4.031694946289062500e+02
2.336879999999999882e+02 4.460000000000000000e+02 4.031720886230468750e+02
2.340250000000000057e+02 4.580000000000000000e+02 4.031715393066406250e+02
2.343609999999999900e+02 4.040000000000000000e+02 4.031693420410156250e+02
2.346970000000000027e+02 4.380000000000000000e+02 4.031749877929687500e+02
2.350329999999999870e+02 4.730000000000000000e+02 4.031766357421875000e+02
2.353700000000000045e+02 3.450000000000000000e+02 4.031820068359375000e+02
2.357069999999999936e+02 4.230000000000000000e+02 4.031673583984375000e+02
2.360430000000000064e+02 3.080000000000000000e+02 4.031755981445312500e+02
2.363799999999999955e+02 5.070000000000000000e+02 4.031732482910156250e+02
2.367160000000000082e+02 3.210000000000000000e+02 4.031766967773437500e+02
2.370519999999999925e+02 4.400000000000000000e+02 4.031803588867187500e+02
2.373890000000000100e+02 4.130000000000000000e+02 4.031739196777343750e+02
2.377249999999999943e+02 3.920000000000000000e+02 4.031731567382812500e+02
2.380610000000000070e+02 4.250000000000000000e+02 4.031726379394531250e+02
2.383979999999999961e+02 4.190000000000000000e+02 4.031743469238281250e+02
2.387340000000000089e+02 3.290000000000000000e+02 4.031843872070312500e+02
2.390699999999999932e+02 2.300000000000000000e+02 4.031814880371093750e+02
2.394070000000000107e+02 3.680000000000000000e+02 4.031732788085937500e+02
2.397429999999999950e+02 1.980000000000000000e+02 4.031634521484375000e+02
2.400809999999999889e+02 1.910000000000000000e+02 4.031705627441406250e+02
2.404170000000000016e+02 2.010000000000000000e+02 4.031584472656250000e+02
2.407539999999999907e+02 2.290000000000000000e+02 4.031793823242187500e+02
2.410910000000000082e+02 2.190000000000000000e+02 4.031705322265625000e+02
