1.361349999999999909e+02 5.900000000000000000e+01 2.726124877929687500e+02
1.364710000000000036e+02 6.400000000000000000e+01 2.726002807617187500e+02
1.368069999999999879e+02 1.390000000000000000e+02 2.726039123535156250e+02
1.371440000000000055e+02 2.000000000000000000e+02 2.726059875488281250e+02
1.374799999999999898e+02 2.450000000000000000e+02 2.726013793945312500e+02
1.378160000000000025e+02 3.920000000000000000e+02 2.726050720214843750e+02
1.381529999999999916e+02 3.420000000000000000e+02 2.726079711914062500e+02
1.384900000000000091e+02 2.560000000000000000e+02 2.726045837402343750e+02
1.388259999999999934e+02 4.320000000000000000e+02 2.726073913574218750e+02
1.391639999999999873e+02 3.630000000000000000e+02 2.726060180664062500e+02
1.395000000000000000e+02 2.990000000000000000e+02 2.726010437011718750e+02
1.398360000000000127e+02 3.080000000000000000e+02 2.726081848144531250e+02
1.401730000000000018e+02 3.810000000000000000e+02 2.726012878417968750e+02
1.405089999999999861e+02 1.430000000000000000e+02 2.726022949218750000e+02
1.408449999999999989e+02 1.120000000000000000e+02 2.726076354980468750e+02
1.411829999999999927e+02 9.800000000000000000e+01 2.726014099121093750e+02
