3.531120000000000232e+02 1.480000000000000000e+02 1.920626831054687500e+02
3.534479999999999791e+02 1.290000000000000000e+02 1.920631713867187500e+02
3.537850000000000250e+02 8.600000000000000000e+01 1.920779266357421875e+02
3.541209999999999809e+02 1.710000000000000000e+02 1.920648803710937500e+02
3.544580000000000268e+02 1.920000000000000000e+02 1.920692138671875000e+02
3.547950000000000159e+02 1.980000000000000000e+02 1.920681915283203125e+02
3.551309999999999718e+02 2.620000000000000000e+02 1.920640106201171875e+02
3.554680000000000177e+02 2.650000000000000000e+02 1.920644683837890625e+02
3.558039999999999736e+02 3.130000000000000000e+02 1.920626678466796875e+02
3.561399999999999864e+02 2.950000000000000000e+02 1.920618591308593750e+02
3.564769999999999754e+02 2.800000000000000000e+02 1.920618133544921875e+02
3.568129999999999882e+02 4.200000000000000000e+02 1.920581817626953125e+02
3.571490000000000009e+02 3.160000000000000000e+02 1.920619812011718750e+02
3.574850000000000136e+02 8.700000000000000000e+01 1.920649871826171875e+02
3.578220000000000027e+02 1.420000000000000000e+02 1.920692443847656250e+02
3.581580000000000155e+02 2.490000000000000000e+02 1.920632324218750000e+02
3.584940000000000282e+02 2.220000000000000000e+02 1.920609283447265625e+02
3.588310000000000173e+02 1.980000000000000000e+02 1.920651702880859375e+02
3.591669999999999732e+02 2.450000000000000000e+02 1.920641021728515625e+02
3.595029999999999859e+02 1.240000000000000000e+02 1.920640258789062500e+02
3.598399999999999750e+02 1.660000000000000000e+02 1.920634918212890625e+02
3.601759999999999877e+02 1.120000000000000000e+02 1.920650787353515625e+02
3.605120000000000005e+02 3.270000000000000000e+02 1.920659637451171875e+02
3.608480000000000132e+02 1.230000000000000000e+02 1.920655212402343750e+02
3.611859999999999786e+02 2.610000000000000000e+02 1.920586700439453125e+02
3.615230000000000246e+02 1.660000000000000000e+02 1.920613403320312500e+02
3.618589999999999804e+02 1.480000000000000000e+02 1.920675201416015625e+02
3.621949999999999932e+02 1.840000000000000000e+02 1.920616455078125000e+02
3.625310000000000059e+02 1.120000000000000000e+02 1.920625762939453125e+02
