1.206629999999999967e+02 1.190000000000000000e+02 1.270353469848632812e+02
1.209989999999999952e+02 9.100000000000000000e+01 1.270338592529296875e+02
1.213359999999999985e+02 2.240000000000000000e+02 1.270383300781250000e+02
1.216719999999999970e+02 1.090000000000000000e+02 1.270348281860351562e+02
1.220079999999999956e+02 3.420000000000000000e+02 1.270402832031250000e+02
1.223449999999999989e+02 3.510000000000000000e+02 1.270369949340820312e+02
1.226809999999999974e+02 1.520000000000000000e+02 1.270395736694335938e+02
1.230169999999999959e+02 2.040000000000000000e+02 1.270354537963867188e+02
1.233539999999999992e+02 3.190000000000000000e+02 1.270364837646484375e+02
1.236899999999999977e+02 1.650000000000000000e+02 1.270420608520507812e+02
1.240259999999999962e+02 1.490000000000000000e+02 1.270406723022460938e+02
1.243619999999999948e+02 3.080000000000000000e+02 1.270361938476562500e+02
1.246989999999999981e+02 3.850000000000000000e+02 1.270386886596679688e+02
1.250349999999999966e+02 2.800000000000000000e+02 1.270382537841796875e+02
1.253709999999999951e+02 3.270000000000000000e+02 1.270386962890625000e+02
1.257079999999999984e+02 2.010000000000000000e+02 1.270341262817382812e+02
1.260439999999999969e+02 3.520000000000000000e+02 1.270359039306640625e+02
1.263799999999999955e+02 3.160000000000000000e+02 1.270386657714843750e+02
1.267169999999999987e+02 1.970000000000000000e+02 1.270395278930664062e+02
1.270529999999999973e+02 2.630000000000000000e+02 1.270324020385742188e+02
1.273889999999999958e+02 2.400000000000000000e+02 1.270399246215820312e+02
1.277249999999999943e+02 1.250000000000000000e+02 1.270292358398437500e+02
1.280620000000000118e+02 3.480000000000000000e+02 1.270363769531250000e+02
1.283979999999999961e+02 3.500000000000000000e+02 1.270375366210937500e+02
1.287340000000000089e+02 2.670000000000000000e+02 1.270372085571289062e+02
1.290720000000000027e+02 2.350000000000000000e+02 1.270354232788085938e+02
1.294079999999999870e+02 1.610000000000000000e+02 1.270378875732421875e+02
1.297450000000000045e+02 1.720000000000000000e+02 1.270344619750976562e+02
1.300809999999999889e+02 2.810000000000000000e+02 1.270376052856445312e+02
1.304170000000000016e+02 2.970000000000000000e+02 1.270360641479492188e+02
1.307539999999999907e+02 3.390000000000000000e+02 1.270387496948242188e+02
1.310900000000000034e+02 3.020000000000000000e+02 1.270344161987304688e+02
1.314259999999999877e+02 3.390000000000000000e+02 1.270386657714843750e+02
1.317630000000000052e+02 1.300000000000000000e+02 1.270415496826171875e+02
1.320989999999999895e+02 1.750000000000000000e+02 1.270379486083984375e+02
1.324350000000000023e+02 2.540000000000000000e+02 1.270412292480468750e+02
1.327709999999999866e+02 2.720000000000000000e+02 1.270369110107421875e+02
1.331080000000000041e+02 2.170000000000000000e+02 1.270400085449218750e+02
1.334439999999999884e+02 2.270000000000000000e+02 1.270391693115234375e+02
1.337800000000000011e+02 2.280000000000000000e+02 1.270381622314453125e+02
1.341169999999999902e+02 3.970000000000000000e+02 1.270343627929687500e+02
1.344530000000000030e+02 1.410000000000000000e+02 1.270355148315429688e+02
1.347899999999999920e+02 1.780000000000000000e+02 1.270382232666015625e+02
1.351260000000000048e+02 3.570000000000000000e+02 1.270397491455078125e+02
1.354619999999999891e+02 4.170000000000000000e+02 1.270393981933593750e+02
1.357990000000000066e+02 2.330000000000000000e+02 1.270397415161132812e+02
1.361349999999999909e+02 1.560000000000000000e+02 1.270391387939453125e+02
1.364710000000000036e+02 7.200000000000000000e+01 1.270379714965820312e+02
1.368069999999999879e+02 2.170000000000000000e+02 1.270371017456054688e+02
1.371440000000000055e+02 2.620000000000000000e+02 1.270377502441406250e+02
1.374799999999999898e+02 1.780000000000000000e+02 1.270387573242187500e+02
1.378160000000000025e+02 2.830000000000000000e+02 1.270374526977539062e+02
1.381529999999999916e+02 8.900000000000000000e+01 1.270381164550781250e+02
1.384900000000000091e+02 1.010000000000000000e+02 1.270365066528320312e+02
1.388259999999999934e+02 3.260000000000000000e+02 1.270336074829101562e+02
1.391639999999999873e+02 1.140000000000000000e+02 1.270380477905273438e+02
1.395000000000000000e+02 1.560000000000000000e+02 1.270390853881835938e+02
1.398360000000000127e+02 2.340000000000000000e+02 1.270349349975585938e+02
1.401730000000000018e+02 1.840000000000000000e+02 1.270376968383789062e+02
1.405089999999999861e+02 1.580000000000000000e+02 1.270387344360351562e+02
1.408449999999999989e+02 3.460000000000000000e+02 1.270373764038085938e+02
1.411829999999999927e+02 1.400000000000000000e+02 1.270395736694335938e+02
1.415190000000000055e+02 3.690000000000000000e+02 1.270375747680664062e+02
1.418549999999999898e+02 1.980000000000000000e+02 1.270402069091796875e+02
1.421910000000000025e+02 1.740000000000000000e+02 1.270384368896484375e+02
1.425279999999999916e+02 1.970000000000000000e+02 1.270387115478515625e+02
1.428640000000000043e+02 1.220000000000000000e+02 1.270338821411132812e+02
1.431999999999999886e+02 1.690000000000000000e+02 1.270401382446289062e+02
1.435370000000000061e+02 4.800000000000000000e+01 1.270438156127929688e+02
1.438729999999999905e+02 2.020000000000000000e+02 1.270365753173828125e+02
1.442090000000000032e+02 1.270000000000000000e+02 1.270420608520507812e+02
1.445459999999999923e+02 3.800000000000000000e+01 1.270320281982421875e+02
1.448820000000000050e+02 6.200000000000000000e+01 1.270199890136718750e+02
1.452179999999999893e+02 1.300000000000000000e+02 1.270326690673828125e+02
1.455540000000000020e+02 1.620000000000000000e+02 1.270314102172851562e+02
1.458909999999999911e+02 7.500000000000000000e+01 1.270353240966796875e+02
1.462270000000000039e+02 1.130000000000000000e+02 1.270392150878906250e+02
1.465629999999999882e+02 8.100000000000000000e+01 1.270379867553710938e+02
1.469000000000000057e+02 9.700000000000000000e+01 1.270376815795898438e+02
1.472359999999999900e+02 7.200000000000000000e+01 1.270335540771484375e+02
1.475720000000000027e+02 4.600000000000000000e+01 1.270404891967773438e+02
1.479089999999999918e+02 1.010000000000000000e+02 1.270335311889648438e+02
1.482450000000000045e+02 1.190000000000000000e+02 1.270413894653320312e+02
1.485809999999999889e+02 6.400000000000000000e+01 1.270382461547851562e+02
1.489170000000000016e+02 1.060000000000000000e+02 1.270358047485351562e+02
1.492549999999999955e+02 3.100000000000000000e+01 1.270207138061523438e+02
1.495920000000000130e+02 8.700000000000000000e+01 1.270387802124023438e+02
1.499279999999999973e+02 5.900000000000000000e+01 1.270220489501953125e+02
