2.458000000000000114e+02 9.400000000000000000e+01 7.160523681640625000e+02
2.461359999999999957e+02 1.250000000000000000e+02 7.160557861328125000e+02
2.464720000000000084e+02 1.640000000000000000e+02 7.160596923828125000e+02
2.468089999999999975e+02 2.500000000000000000e+02 7.160549926757812500e+02
2.471469999999999914e+02 2.270000000000000000e+02 7.160697021484375000e+02
2.474830000000000041e+02 2.570000000000000000e+02 7.160595092773437500e+02
2.478189999999999884e+02 3.690000000000000000e+02 7.160615844726562500e+02
2.481550000000000011e+02 4.000000000000000000e+02 7.160540771484375000e+02
2.484919999999999902e+02 2.920000000000000000e+02 7.160563964843750000e+02
2.488280000000000030e+02 2.900000000000000000e+02 7.160618286132812500e+02
2.491639999999999873e+02 2.920000000000000000e+02 7.160689697265625000e+02
2.495010000000000048e+02 2.190000000000000000e+02 7.160519409179687500e+02
2.498369999999999891e+02 1.970000000000000000e+02 7.160681152343750000e+02
2.501750000000000114e+02 2.310000000000000000e+02 7.160510864257812500e+02
