2.454639999999999986e+02 1.390000000000000000e+02 3.040570678710937500e+02
2.458000000000000114e+02 2.090000000000000000e+02 3.040451354980468750e+02
2.461359999999999957e+02 2.300000000000000000e+02 3.040533447265625000e+02
2.464720000000000084e+02 1.970000000000000000e+02 3.040523986816406250e+02
2.468089999999999975e+02 2.150000000000000000e+02 3.040485229492187500e+02
2.471469999999999914e+02 3.670000000000000000e+02 3.040512390136718750e+02
2.474830000000000041e+02 6.740000000000000000e+02 3.040493774414062500e+02
2.478189999999999884e+02 7.930000000000000000e+02 3.040474243164062500e+02
2.481550000000000011e+02 2.128000000000000000e+03 3.040479736328125000e+02
2.484919999999999902e+02 3.008000000000000000e+03 3.040477600097656250e+02
2.488280000000000030e+02 3.383000000000000000e+03 3.040480651855468750e+02
2.491639999999999873e+02 3.993000000000000000e+03 3.040476379394531250e+02
2.495010000000000048e+02 4.007000000000000000e+03 3.040467834472656250e+02
2.498369999999999891e+02 3.304000000000000000e+03 3.040480041503906250e+02
2.501750000000000114e+02 3.633000000000000000e+03 3.040490417480468750e+02
2.505109999999999957e+02 3.115000000000000000e+03 3.040492553710937500e+02
2.508470000000000084e+02 2.239000000000000000e+03 3.040466918945312500e+02
2.511839999999999975e+02 2.153000000000000000e+03 3.040469055175781250e+02
2.515200000000000102e+02 1.944000000000000000e+03 3.040473632812500000e+02
2.518559999999999945e+02 1.694000000000000000e+03 3.040481872558593750e+02
2.521930000000000121e+02 1.058000000000000000e+03 3.040455932617187500e+02
2.525289999999999964e+02 7.410000000000000000e+02 3.040498352050781250e+02
2.528650000000000091e+02 5.290000000000000000e+02 3.040493774414062500e+02
2.532019999999999982e+02 5.090000000000000000e+02 3.040489196777343750e+02
2.535380000000000109e+02 2.740000000000000000e+02 3.040519714355468750e+02
2.538739999999999952e+02 4.280000000000000000e+02 3.040512390136718750e+02
2.542110000000000127e+02 2.970000000000000000e+02 3.040434265136718750e+02
2.545469999999999970e+02 2.800000000000000000e+02 3.040453186035156250e+02
2.548830000000000098e+02 1.580000000000000000e+02 3.040553894042968750e+02
2.552199999999999989e+02 3.110000000000000000e+02 3.040477294921875000e+02
2.555560000000000116e+02 1.480000000000000000e+02 3.040445861816406250e+02
