1.754929999999999950e+02 1.910000000000000000e+02 1.850628356933593750e+02
1.758290000000000077e+02 3.220000000000000000e+02 1.850622558593750000e+02
1.761659999999999968e+02 9.570000000000000000e+02 1.850716552734375000e+02
1.765020000000000095e+02 1.760000000000000000e+03 1.850712738037109375e+02
1.768379999999999939e+02 2.270000000000000000e+03 1.850731811523437500e+02
1.771750000000000114e+02 2.664000000000000000e+03 1.850711669921875000e+02
1.775109999999999957e+02 2.935000000000000000e+03 1.850711822509765625e+02
1.778470000000000084e+02 3.611000000000000000e+03 1.850732116699218750e+02
1.781839999999999975e+02 3.305000000000000000e+03 1.850706787109375000e+02
1.785200000000000102e+02 2.472000000000000000e+03 1.850726318359375000e+02
1.788559999999999945e+02 1.768000000000000000e+03 1.850722656250000000e+02
1.791920000000000073e+02 1.625000000000000000e+03 1.850734710693359375e+02
1.795300000000000011e+02 1.060000000000000000e+03 1.850720520019531250e+02
1.798669999999999902e+02 9.530000000000000000e+02 1.850700683593750000e+02
1.802030000000000030e+02 9.210000000000000000e+02 1.850716094970703125e+02
1.805389999999999873e+02 6.250000000000000000e+02 1.850727386474609375e+02
1.808760000000000048e+02 7.040000000000000000e+02 1.850713806152343750e+02
1.812119999999999891e+02 3.300000000000000000e+02 1.850664367675781250e+02
1.815480000000000018e+02 2.800000000000000000e+02 1.850646057128906250e+02
1.818849999999999909e+02 4.870000000000000000e+02 1.850743103027343750e+02
1.822210000000000036e+02 2.380000000000000000e+02 1.850693206787109375e+02
1.825579999999999927e+02 1.970000000000000000e+02 1.850657653808593750e+02
1.828940000000000055e+02 6.900000000000000000e+01 1.850584564208984375e+02
1.832299999999999898e+02 1.300000000000000000e+02 1.850537567138671875e+02
1.835660000000000025e+02 8.500000000000000000e+01 1.850598907470703125e+02
1.839029999999999916e+02 7.100000000000000000e+01 1.850666046142578125e+02
