2.178779999999999859e+02 3.820000000000000000e+02 3.971913452148437500e+02
2.182150000000000034e+02 2.790000000000000000e+02 3.971887512207031250e+02
2.185509999999999877e+02 2.910000000000000000e+02 3.971852722167968750e+02
2.188870000000000005e+02 3.430000000000000000e+02 3.971940612792968750e+02
2.192239999999999895e+02 4.590000000000000000e+02 3.971850585937500000e+02
2.195600000000000023e+02 5.730000000000000000e+02 3.971888427734375000e+02
2.198979999999999961e+02 3.890000000000000000e+02 3.971872863769531250e+02
2.202340000000000089e+02 3.450000000000000000e+02 3.971940002441406250e+02
2.205699999999999932e+02 4.320000000000000000e+02 3.971841430664062500e+02
2.209070000000000107e+02 3.780000000000000000e+02 3.971919250488281250e+02
2.212429999999999950e+02 5.750000000000000000e+02 3.971860046386718750e+02
2.215790000000000077e+02 4.840000000000000000e+02 3.971815490722656250e+02
2.219159999999999968e+02 4.140000000000000000e+02 3.971831970214843750e+02
2.222520000000000095e+02 4.460000000000000000e+02 3.971893615722656250e+02
2.225879999999999939e+02 5.470000000000000000e+02 3.971866455078125000e+02
2.229240000000000066e+02 4.960000000000000000e+02 3.971917114257812500e+02
2.232609999999999957e+02 7.240000000000000000e+02 3.971859130859375000e+02
2.235970000000000084e+02 5.150000000000000000e+02 3.971879577636718750e+02
2.239329999999999927e+02 5.480000000000000000e+02 3.971860351562500000e+02
2.242700000000000102e+02 4.840000000000000000e+02 3.971902160644531250e+02
2.246059999999999945e+02 5.620000000000000000e+02 3.971902465820312500e+02
2.249420000000000073e+02 7.900000000000000000e+02 3.971859741210937500e+02
2.252789999999999964e+02 6.850000000000000000e+02 3.971889648437500000e+02
2.256150000000000091e+02 1.068000000000000000e+03 3.971920471191406250e+02
2.259509999999999934e+02 7.100000000000000000e+02 3.971872253417968750e+02
2.262880000000000109e+02 7.260000000000000000e+02 3.971936645507812500e+02
2.266239999999999952e+02 9.910000000000000000e+02 3.971900634765625000e+02
2.269600000000000080e+02 1.032000000000000000e+03 3.971875610351562500e+02
2.272969999999999970e+02 1.086000000000000000e+03 3.971891174316406250e+02
2.276330000000000098e+02 1.341000000000000000e+03 3.971864624023437500e+02
2.279689999999999941e+02 1.822000000000000000e+03 3.971904296875000000e+02
2.283060000000000116e+02 1.694000000000000000e+03 3.971893005371093750e+02
2.286419999999999959e+02 1.697000000000000000e+03 3.971919860839843750e+02
2.289790000000000134e+02 1.537000000000000000e+03 3.971895751953125000e+02
2.293149999999999977e+02 1.923000000000000000e+03 3.971905517578125000e+02
2.296510000000000105e+02 1.663000000000000000e+03 3.971910705566406250e+02
2.299890000000000043e+02 1.686000000000000000e+03 3.971920166015625000e+02
2.303249999999999886e+02 1.716000000000000000e+03 3.971888427734375000e+02
2.306620000000000061e+02 1.810000000000000000e+03 3.971892089843750000e+02
2.309979999999999905e+02 1.773000000000000000e+03 3.971907043457031250e+02
2.313340000000000032e+02 2.182000000000000000e+03 3.971915893554687500e+02
2.316699999999999875e+02 2.398000000000000000e+03 3.971921386718750000e+02
2.320070000000000050e+02 2.444000000000000000e+03 3.971894226074218750e+02
2.323429999999999893e+02 2.251000000000000000e+03 3.971943359375000000e+02
2.326790000000000020e+02 2.637000000000000000e+03 3.971934814453125000e+02
2.330159999999999911e+02 2.422000000000000000e+03 3.971906127929687500e+02
2.333520000000000039e+02 2.349000000000000000e+03 3.971891174316406250e+02
2.336879999999999882e+02 2.099000000000000000e+03 3.971893310546875000e+02
2.340250000000000057e+02 2.081000000000000000e+03 3.971873779296875000e+02
2.343609999999999900e+02 1.882000000000000000e+03 3.971912841796875000e+02
2.346970000000000027e+02 2.009000000000000000e+03 3.971890258789062500e+02
2.350329999999999870e+02 1.683000000000000000e+03 3.971938171386718750e+02
2.353700000000000045e+02 1.573000000000000000e+03 3.971920166015625000e+02
2.357069999999999936e+02 1.408000000000000000e+03 3.971911926269531250e+02
2.360430000000000064e+02 1.043000000000000000e+03 3.971893615722656250e+02
2.363799999999999955e+02 1.560000000000000000e+03 3.971912841796875000e+02
2.367160000000000082e+02 1.115000000000000000e+03 3.971911010742187500e+02
2.370519999999999925e+02 1.337000000000000000e+03 3.971903076171875000e+02
2.373890000000000100e+02 1.377000000000000000e+03 3.971907653808593750e+02
2.377249999999999943e+02 1.707000000000000000e+03 3.971905517578125000e+02
2.380610000000000070e+02 1.297000000000000000e+03 3.971927490234375000e+02
2.383979999999999961e+02 1.353000000000000000e+03 3.971900024414062500e+02
2.387340000000000089e+02 1.122000000000000000e+03 3.971895141601562500e+02
2.390699999999999932e+02 9.700000000000000000e+02 3.971893005371093750e+02
2.394070000000000107e+02 9.250000000000000000e+02 3.971919250488281250e+02
2.397429999999999950e+02 6.660000000000000000e+02 3.971906433105468750e+02
2.400809999999999889e+02 7.540000000000000000e+02 3.971900329589843750e+02
2.404170000000000016e+02 5.500000000000000000e+02 3.971959533691406250e+02
2.407539999999999907e+02 7.920000000000000000e+02 3.971918029785156250e+02
2.410910000000000082e+02 3.990000000000000000e+02 3.971855163574218750e+02
2.414269999999999925e+02 4.520000000000000000e+02 3.971900329589843750e+02
2.417630000000000052e+02 3.300000000000000000e+02 3.971938171386718750e+02
2.420999999999999943e+02 4.520000000000000000e+02 3.971875610351562500e+02
2.424360000000000070e+02 2.850000000000000000e+02 3.971927490234375000e+02
2.427719999999999914e+02 2.860000000000000000e+02 3.971925659179687500e+02
2.431090000000000089e+02 3.020000000000000000e+02 3.971806030273437500e+02
2.434449999999999932e+02 3.120000000000000000e+02 3.971885986328125000e+02
2.437810000000000059e+02 4.080000000000000000e+02 3.971734313964843750e+02
2.441179999999999950e+02 3.330000000000000000e+02 3.971852722167968750e+02
2.444550000000000125e+02 2.220000000000000000e+02 3.971814575195312500e+02
2.447909999999999968e+02 2.620000000000000000e+02 3.971818237304687500e+02
2.451270000000000095e+02 2.040000000000000000e+02 3.971928100585937500e+02
2.454639999999999986e+02 2.400000000000000000e+02 3.971836242675781250e+02
2.458000000000000114e+02 1.780000000000000000e+02 3.971813049316406250e+02
2.461359999999999957e+02 1.580000000000000000e+02 3.971951293945312500e+02
2.464720000000000084e+02 1.080000000000000000e+02 3.971985778808593750e+02
2.468089999999999975e+02 1.130000000000000000e+02 3.971943969726562500e+02
2.471469999999999914e+02 7.500000000000000000e+01 3.971904602050781250e+02
