2.714099999999999824e+01 2.960000000000000000e+02 2.928440856933593750e+02
2.747800000000000153e+01 8.900000000000000000e+02 2.928399658203125000e+02
2.781400000000000006e+01 1.626000000000000000e+03 2.928402404785156250e+02
2.815200000000000102e+01 1.827000000000000000e+03 2.928418579101562500e+02
2.848799999999999955e+01 2.117000000000000000e+03 2.928410034179687500e+02
2.882400000000000162e+01 1.602000000000000000e+03 2.928423767089843750e+02
2.916100000000000136e+01 9.690000000000000000e+02 2.928421936035156250e+02
2.949699999999999989e+01 7.400000000000000000e+02 2.928434448242187500e+02
2.983399999999999963e+01 4.050000000000000000e+02 2.928383483886718750e+02
3.017000000000000171e+01 1.660000000000000000e+02 2.928402404785156250e+02
3.050600000000000023e+01 3.000000000000000000e+01 2.928459472656250000e+02
