3.773369999999999891e+02 2.250000000000000000e+02 6.221755371093750000e+02
3.776730000000000018e+02 3.780000000000000000e+02 6.221889038085937500e+02
3.780090000000000146e+02 5.700000000000000000e+02 6.221840209960937500e+02
3.783460000000000036e+02 1.240000000000000000e+03 6.221812133789062500e+02
3.786820000000000164e+02 1.596000000000000000e+03 6.221872558593750000e+02
3.790179999999999723e+02 1.963000000000000000e+03 6.221881103515625000e+02
3.793539999999999850e+02 2.085000000000000000e+03 6.221817626953125000e+02
3.796909999999999741e+02 2.084000000000000000e+03 6.221843872070312500e+02
3.800269999999999868e+02 1.903000000000000000e+03 6.221863403320312500e+02
3.803639999999999759e+02 1.647000000000000000e+03 6.221845092773437500e+02
3.807029999999999745e+02 1.095000000000000000e+03 6.221925659179687500e+02
3.810400000000000205e+02 9.500000000000000000e+02 6.221860961914062500e+02
