1.617009999999999934e+02 1.850000000000000000e+02 4.930100097656250000e+02
1.620370000000000061e+02 4.320000000000000000e+02 4.930119934082031250e+02
1.623739999999999952e+02 4.430000000000000000e+02 4.930255126953125000e+02
1.627100000000000080e+02 7.060000000000000000e+02 4.930239562988281250e+02
1.630459999999999923e+02 1.083000000000000000e+03 4.930203247070312500e+02
1.633830000000000098e+02 1.332000000000000000e+03 4.930267028808593750e+02
1.637189999999999941e+02 1.211000000000000000e+03 4.930255432128906250e+02
1.640550000000000068e+02 1.408000000000000000e+03 4.930263061523437500e+02
1.643919999999999959e+02 1.305000000000000000e+03 4.930225830078125000e+02
1.647280000000000086e+02 1.634000000000000000e+03 4.930275878906250000e+02
1.650639999999999930e+02 1.502000000000000000e+03 4.930268859863281250e+02
1.654010000000000105e+02 1.893000000000000000e+03 4.930211181640625000e+02
1.657379999999999995e+02 1.746000000000000000e+03 4.930268554687500000e+02
1.660740000000000123e+02 1.586000000000000000e+03 4.930242004394531250e+02
1.664110000000000014e+02 1.377000000000000000e+03 4.930216674804687500e+02
1.667479999999999905e+02 1.886000000000000000e+03 4.930237121582031250e+02
1.670840000000000032e+02 1.798000000000000000e+03 4.930252075195312500e+02
1.674199999999999875e+02 1.692000000000000000e+03 4.930244140625000000e+02
1.677570000000000050e+02 1.684000000000000000e+03 4.930222778320312500e+02
1.680929999999999893e+02 1.947000000000000000e+03 4.930224304199218750e+02
1.684290000000000020e+02 1.633000000000000000e+03 4.930239257812500000e+02
1.687649999999999864e+02 1.704000000000000000e+03 4.930247497558593750e+02
1.691020000000000039e+02 1.406000000000000000e+03 4.930274353027343750e+02
1.694399999999999977e+02 1.992000000000000000e+03 4.930205383300781250e+02
1.697760000000000105e+02 1.623000000000000000e+03 4.930251159667968750e+02
1.701119999999999948e+02 1.567000000000000000e+03 4.930227050781250000e+02
1.704480000000000075e+02 1.571000000000000000e+03 4.930234680175781250e+02
1.707849999999999966e+02 1.498000000000000000e+03 4.930211486816406250e+02
1.711210000000000093e+02 1.572000000000000000e+03 4.930267639160156250e+02
1.714569999999999936e+02 1.465000000000000000e+03 4.930229492187500000e+02
1.717940000000000111e+02 1.328000000000000000e+03 4.930219726562500000e+02
1.721299999999999955e+02 1.225000000000000000e+03 4.930272521972656250e+02
1.724660000000000082e+02 1.124000000000000000e+03 4.930216369628906250e+02
1.728029999999999973e+02 8.860000000000000000e+02 4.930202636718750000e+02
1.731390000000000100e+02 7.950000000000000000e+02 4.930239257812500000e+02
1.734749999999999943e+02 6.790000000000000000e+02 4.930226135253906250e+02
1.738120000000000118e+02 6.770000000000000000e+02 4.930237121582031250e+02
1.741479999999999961e+02 4.980000000000000000e+02 4.930204467773437500e+02
1.744840000000000089e+02 3.750000000000000000e+02 4.930347290039062500e+02
1.748199999999999932e+02 3.030000000000000000e+02 4.930290222167968750e+02
1.751570000000000107e+02 3.240000000000000000e+02 4.930211791992187500e+02
1.754929999999999950e+02 3.100000000000000000e+02 4.930263977050781250e+02
1.758290000000000077e+02 3.440000000000000000e+02 4.930274353027343750e+02
1.761659999999999968e+02 3.550000000000000000e+02 4.930169067382812500e+02
1.765020000000000095e+02 2.510000000000000000e+02 4.930205993652343750e+02
1.768379999999999939e+02 2.630000000000000000e+02 4.930239257812500000e+02
1.771750000000000114e+02 2.110000000000000000e+02 4.930182800292968750e+02
1.775109999999999957e+02 1.970000000000000000e+02 4.930290222167968750e+02
1.778470000000000084e+02 1.960000000000000000e+02 4.930283813476562500e+02
1.781839999999999975e+02 2.930000000000000000e+02 4.930253906250000000e+02
1.785200000000000102e+02 1.410000000000000000e+02 4.930203857421875000e+02
1.788559999999999945e+02 2.670000000000000000e+02 4.930251159667968750e+02
1.791920000000000073e+02 2.090000000000000000e+02 4.930220642089843750e+02
1.795300000000000011e+02 2.390000000000000000e+02 4.930234985351562500e+02
1.798669999999999902e+02 2.430000000000000000e+02 4.930285949707031250e+02
1.802030000000000030e+02 2.230000000000000000e+02 4.930245056152343750e+02
1.805389999999999873e+02 1.330000000000000000e+02 4.930165710449218750e+02
1.808760000000000048e+02 1.790000000000000000e+02 4.930258178710937500e+02
1.812119999999999891e+02 1.730000000000000000e+02 4.930228881835937500e+02
1.815480000000000018e+02 2.120000000000000000e+02 4.930210266113281250e+02
