4.247699999999999818e+02 2.700000000000000000e+02 3.610142517089843750e+02
4.251059999999999945e+02 3.940000000000000000e+02 3.610166015625000000e+02
4.254420000000000073e+02 6.510000000000000000e+02 3.610166931152343750e+02
4.257789999999999964e+02 1.125000000000000000e+03 3.610131835937500000e+02
4.261150000000000091e+02 1.147000000000000000e+03 3.610160827636718750e+02
4.264510000000000218e+02 1.709000000000000000e+03 3.610158691406250000e+02
4.267880000000000109e+02 1.706000000000000000e+03 3.610164184570312500e+02
4.271240000000000236e+02 1.850000000000000000e+03 3.610160217285156250e+02
4.274599999999999795e+02 1.910000000000000000e+03 3.610165710449218750e+02
4.277989999999999782e+02 1.948000000000000000e+03 3.610177917480468750e+02
4.281360000000000241e+02 1.639000000000000000e+03 3.610195312500000000e+02
4.284719999999999800e+02 1.407000000000000000e+03 3.610182495117187500e+02
4.288079999999999927e+02 1.182000000000000000e+03 3.610183410644531250e+02
4.291449999999999818e+02 1.059000000000000000e+03 3.610159606933593750e+02
4.294809999999999945e+02 6.660000000000000000e+02 3.610150756835937500e+02
4.298170000000000073e+02 4.320000000000000000e+02 3.610187072753906250e+02
4.301530000000000200e+02 3.680000000000000000e+02 3.610167541503906250e+02
4.304900000000000091e+02 4.350000000000000000e+02 3.610198059082031250e+02
4.308260000000000218e+02 2.550000000000000000e+02 3.610198059082031250e+02
4.311619999999999777e+02 1.810000000000000000e+02 3.610192871093750000e+02
4.314990000000000236e+02 1.560000000000000000e+02 3.610258483886718750e+02
4.318369999999999891e+02 2.410000000000000000e+02 3.610161437988281250e+02
