3.823860000000000241e+02 1.570000000000000000e+02 2.731317749023437500e+02
3.827230000000000132e+02 2.190000000000000000e+02 2.731180725097656250e+02
3.830590000000000259e+02 3.060000000000000000e+02 2.731250610351562500e+02
3.833949999999999818e+02 4.810000000000000000e+02 2.731184387207031250e+02
3.837320000000000277e+02 8.860000000000000000e+02 2.731219177246093750e+02
3.840679999999999836e+02 1.139000000000000000e+03 2.731181030273437500e+02
3.844039999999999964e+02 1.207000000000000000e+03 2.731183776855468750e+02
3.847409999999999854e+02 1.280000000000000000e+03 2.731177062988281250e+02
3.850769999999999982e+02 1.790000000000000000e+03 2.731169128417968750e+02
3.854130000000000109e+02 1.193000000000000000e+03 2.731164855957031250e+02
3.857490000000000236e+02 1.129000000000000000e+03 2.731209716796875000e+02
3.860860000000000127e+02 1.133000000000000000e+03 2.731187744140625000e+02
3.864230000000000018e+02 8.120000000000000000e+02 2.731173400878906250e+02
3.867590000000000146e+02 6.150000000000000000e+02 2.731227722167968750e+02
3.870960000000000036e+02 5.380000000000000000e+02 2.731192016601562500e+02
3.874320000000000164e+02 4.820000000000000000e+02 2.731215820312500000e+02
3.877679999999999723e+02 2.790000000000000000e+02 2.731192626953125000e+02
3.881039999999999850e+02 3.700000000000000000e+02 2.731243286132812500e+02
3.884409999999999741e+02 1.380000000000000000e+02 2.731282043457031250e+02
3.887769999999999868e+02 1.590000000000000000e+02 2.731318969726562500e+02
3.891129999999999995e+02 1.210000000000000000e+02 2.731184692382812500e+02
3.894499999999999886e+02 1.930000000000000000e+02 2.731246337890625000e+02
