1.246989999999999981e+02 2.252000000000000000e+03 3.560595092773437500e+02
1.250349999999999966e+02 2.319000000000000000e+03 3.560600585937500000e+02
1.253709999999999951e+02 2.381000000000000000e+03 3.560578918457031250e+02
1.257079999999999984e+02 2.199000000000000000e+03 3.560618896484375000e+02
1.260439999999999969e+02 2.002000000000000000e+03 3.560597229003906250e+02
1.263799999999999955e+02 2.222000000000000000e+03 3.560602111816406250e+02
1.267169999999999987e+02 2.223000000000000000e+03 3.560593566894531250e+02
1.270529999999999973e+02 2.396000000000000000e+03 3.560598449707031250e+02
1.273889999999999958e+02 2.180000000000000000e+03 3.560580139160156250e+02
1.277249999999999943e+02 2.249000000000000000e+03 3.560579223632812500e+02
1.280620000000000118e+02 2.180000000000000000e+03 3.560587158203125000e+02
1.283979999999999961e+02 2.241000000000000000e+03 3.560617980957031250e+02
1.287340000000000089e+02 2.342000000000000000e+03 3.560609741210937500e+02
1.290720000000000027e+02 2.062000000000000000e+03 3.560588684082031250e+02
1.294079999999999870e+02 2.038000000000000000e+03 3.560589599609375000e+02
1.297450000000000045e+02 2.321000000000000000e+03 3.560585937500000000e+02
1.300809999999999889e+02 2.356000000000000000e+03 3.560591125488281250e+02
1.304170000000000016e+02 1.999000000000000000e+03 3.560603637695312500e+02
1.307539999999999907e+02 2.156000000000000000e+03 3.560602416992187500e+02
1.310900000000000034e+02 2.167000000000000000e+03 3.560585632324218750e+02
1.314259999999999877e+02 1.898000000000000000e+03 3.560604553222656250e+02
1.317630000000000052e+02 2.306000000000000000e+03 3.560586547851562500e+02
1.320989999999999895e+02 1.838000000000000000e+03 3.560579223632812500e+02
1.324350000000000023e+02 2.043000000000000000e+03 3.560597534179687500e+02
1.327709999999999866e+02 1.725000000000000000e+03 3.560597534179687500e+02
1.331080000000000041e+02 2.209000000000000000e+03 3.560614929199218750e+02
1.334439999999999884e+02 1.855000000000000000e+03 3.560597839355468750e+02
1.337800000000000011e+02 1.879000000000000000e+03 3.560585021972656250e+02
1.341169999999999902e+02 1.772000000000000000e+03 3.560585632324218750e+02
1.344530000000000030e+02 1.775000000000000000e+03 3.560592041015625000e+02
1.347899999999999920e+02 2.257000000000000000e+03 3.560593872070312500e+02
1.351260000000000048e+02 1.891000000000000000e+03 3.560606994628906250e+02
1.354619999999999891e+02 1.897000000000000000e+03 3.560578918457031250e+02
1.357990000000000066e+02 1.932000000000000000e+03 3.560587463378906250e+02
1.361349999999999909e+02 2.106000000000000000e+03 3.560588684082031250e+02
1.364710000000000036e+02 1.967000000000000000e+03 3.560567626953125000e+02
1.368069999999999879e+02 2.054000000000000000e+03 3.560595703125000000e+02
1.371440000000000055e+02 1.603000000000000000e+03 3.560606384277343750e+02
1.374799999999999898e+02 2.025000000000000000e+03 3.560599670410156250e+02
1.378160000000000025e+02 1.504000000000000000e+03 3.560570678710937500e+02
1.381529999999999916e+02 1.557000000000000000e+03 3.560585937500000000e+02
1.384900000000000091e+02 2.014000000000000000e+03 3.560582275390625000e+02
1.388259999999999934e+02 1.360000000000000000e+03 3.560599975585937500e+02
1.391639999999999873e+02 1.573000000000000000e+03 3.560616149902343750e+02
1.395000000000000000e+02 1.702000000000000000e+03 3.560570983886718750e+02
1.398360000000000127e+02 1.342000000000000000e+03 3.560565490722656250e+02
1.401730000000000018e+02 1.662000000000000000e+03 3.560602722167968750e+02
1.405089999999999861e+02 1.500000000000000000e+03 3.560584411621093750e+02
1.408449999999999989e+02 1.427000000000000000e+03 3.560599975585937500e+02
1.411829999999999927e+02 1.391000000000000000e+03 3.560591430664062500e+02
1.415190000000000055e+02 1.475000000000000000e+03 3.560568847656250000e+02
1.418549999999999898e+02 1.121000000000000000e+03 3.560581054687500000e+02
1.421910000000000025e+02 1.441000000000000000e+03 3.560614318847656250e+02
1.425279999999999916e+02 1.324000000000000000e+03 3.560601196289062500e+02
1.428640000000000043e+02 1.303000000000000000e+03 3.560612182617187500e+02
1.431999999999999886e+02 1.235000000000000000e+03 3.560582275390625000e+02
1.435370000000000061e+02 1.149000000000000000e+03 3.560628967285156250e+02
1.438729999999999905e+02 1.255000000000000000e+03 3.560596313476562500e+02
1.442090000000000032e+02 8.750000000000000000e+02 3.560593872070312500e+02
1.445459999999999923e+02 9.380000000000000000e+02 3.560598754882812500e+02
1.448820000000000050e+02 8.610000000000000000e+02 3.560618286132812500e+02
1.452179999999999893e+02 8.610000000000000000e+02 3.560599975585937500e+02
1.455540000000000020e+02 8.820000000000000000e+02 3.560555114746093750e+02
1.458909999999999911e+02 7.260000000000000000e+02 3.560618286132812500e+02
1.462270000000000039e+02 9.060000000000000000e+02 3.560573730468750000e+02
1.465629999999999882e+02 7.830000000000000000e+02 3.560633239746093750e+02
1.469000000000000057e+02 6.040000000000000000e+02 3.560567932128906250e+02
1.472359999999999900e+02 6.190000000000000000e+02 3.560600585937500000e+02
1.475720000000000027e+02 5.060000000000000000e+02 3.560614318847656250e+02
1.479089999999999918e+02 5.560000000000000000e+02 3.560635070800781250e+02
1.482450000000000045e+02 3.990000000000000000e+02 3.560635070800781250e+02
1.485809999999999889e+02 3.350000000000000000e+02 3.560587768554687500e+02
1.489170000000000016e+02 3.930000000000000000e+02 3.560616455078125000e+02
1.492549999999999955e+02 3.860000000000000000e+02 3.560615539550781250e+02
1.495920000000000130e+02 2.610000000000000000e+02 3.560623474121093750e+02
1.499279999999999973e+02 3.210000000000000000e+02 3.560588073730468750e+02
1.502649999999999864e+02 2.920000000000000000e+02 3.560606079101562500e+02
1.506009999999999991e+02 1.670000000000000000e+02 3.560575866699218750e+02
1.509379999999999882e+02 2.590000000000000000e+02 3.560580139160156250e+02
1.512740000000000009e+02 1.610000000000000000e+02 3.560693664550781250e+02
1.516100000000000136e+02 2.150000000000000000e+02 3.560579833984375000e+02
1.519470000000000027e+02 1.230000000000000000e+02 3.560713195800781250e+02
1.522829999999999870e+02 1.350000000000000000e+02 3.560643615722656250e+02
1.526189999999999998e+02 1.750000000000000000e+02 3.560577697753906250e+02
1.529559999999999889e+02 9.000000000000000000e+01 3.560664062500000000e+02
1.532920000000000016e+02 1.490000000000000000e+02 3.560587463378906250e+02
1.536279999999999859e+02 3.160000000000000000e+02 3.560590820312500000e+02
1.539639999999999986e+02 1.300000000000000000e+02 3.560648193359375000e+02
