8.368440000000000509e+02 7.100000000000000000e+01 2.792298889160156250e+02
8.371799999999999500e+02 1.080000000000000000e+02 2.792219848632812500e+02
8.375220000000000482e+02 2.400000000000000000e+02 2.792255249023437500e+02
8.378579999999999472e+02 4.130000000000000000e+02 2.792217407226562500e+02
8.381939999999999600e+02 9.400000000000000000e+02 2.792286376953125000e+02
8.385299999999999727e+02 1.777000000000000000e+03 2.792253723144531250e+02
8.388659999999999854e+02 2.860000000000000000e+03 2.792244262695312500e+02
8.392019999999999982e+02 5.235000000000000000e+03 2.792247314453125000e+02
8.395380000000000109e+02 7.910000000000000000e+03 2.792251586914062500e+02
8.398740000000000236e+02 9.770000000000000000e+03 2.792257690429687500e+02
8.402100000000000364e+02 1.278900000000000000e+04 2.792258605957031250e+02
8.405460000000000491e+02 1.536000000000000000e+04 2.792256164550781250e+02
8.408819999999999482e+02 1.625000000000000000e+04 2.792267456054687500e+02
8.412179999999999609e+02 1.615000000000000000e+04 2.792255554199218750e+02
8.415539999999999736e+02 1.552100000000000000e+04 2.792267456054687500e+02
8.418899999999999864e+02 1.358000000000000000e+04 2.792256164550781250e+02
8.422259999999999991e+02 1.290200000000000000e+04 2.792255859375000000e+02
8.425620000000000118e+02 1.026800000000000000e+04 2.792258300781250000e+02
8.429039999999999964e+02 8.249000000000000000e+03 2.792265319824218750e+02
8.432340000000000373e+02 6.503000000000000000e+03 2.792253112792968750e+02
8.435760000000000218e+02 4.920000000000000000e+03 2.792259216308593750e+02
8.439120000000000346e+02 3.337000000000000000e+03 2.792259216308593750e+02
8.442480000000000473e+02 2.246000000000000000e+03 2.792247924804687500e+02
8.445839999999999463e+02 1.710000000000000000e+03 2.792245788574218750e+02
8.449199999999999591e+02 1.160000000000000000e+03 2.792285766601562500e+02
8.452559999999999718e+02 5.720000000000000000e+02 2.792309875488281250e+02
8.455919999999999845e+02 5.970000000000000000e+02 2.792262573242187500e+02
8.459279999999999973e+02 4.980000000000000000e+02 2.792252502441406250e+02
8.462640000000000100e+02 2.820000000000000000e+02 2.792344665527343750e+02
8.466000000000000227e+02 2.990000000000000000e+02 2.792230834960937500e+02
8.469360000000000355e+02 4.050000000000000000e+02 2.792271423339843750e+02
8.472720000000000482e+02 2.550000000000000000e+02 2.792279357910156250e+02
8.476079999999999472e+02 1.650000000000000000e+02 2.792237854003906250e+02
8.479500000000000455e+02 2.090000000000000000e+02 2.792239990234375000e+02
8.482859999999999445e+02 3.120000000000000000e+02 2.792210083007812500e+02
8.486219999999999573e+02 1.760000000000000000e+02 2.792176818847656250e+02
8.489579999999999700e+02 1.380000000000000000e+02 2.792248840332031250e+02
8.492939999999999827e+02 2.150000000000000000e+02 2.792238159179687500e+02
8.496299999999999955e+02 1.270000000000000000e+02 2.792322692871093750e+02
8.499660000000000082e+02 2.530000000000000000e+02 2.792317504882812500e+02
8.503020000000000209e+02 7.800000000000000000e+01 2.792293395996093750e+02
8.506380000000000337e+02 2.760000000000000000e+02 2.792278442382812500e+02
8.509740000000000464e+02 1.740000000000000000e+02 2.792330932617187500e+02
8.513099999999999454e+02 1.850000000000000000e+02 2.792318115234375000e+02
8.516459999999999582e+02 1.900000000000000000e+02 2.792352905273437500e+02
8.519819999999999709e+02 7.100000000000000000e+01 2.792442321777343750e+02
8.523179999999999836e+02 1.400000000000000000e+02 2.792382507324218750e+02
