3.813770000000000095e+02 1.200000000000000000e+02 2.451029205322265625e+02
3.817139999999999986e+02 1.000000000000000000e+02 2.451316375732421875e+02
3.820500000000000114e+02 1.540000000000000000e+02 2.451109771728515625e+02
3.823860000000000241e+02 2.540000000000000000e+02 2.451278533935546875e+02
3.827230000000000132e+02 3.780000000000000000e+02 2.451212768554687500e+02
3.830590000000000259e+02 3.870000000000000000e+02 2.451237945556640625e+02
3.833949999999999818e+02 8.080000000000000000e+02 2.451253662109375000e+02
3.837320000000000277e+02 1.245000000000000000e+03 2.451210937500000000e+02
3.840679999999999836e+02 1.522000000000000000e+03 2.451221160888671875e+02
3.844039999999999964e+02 1.325000000000000000e+03 2.451222534179687500e+02
3.847409999999999854e+02 1.539000000000000000e+03 2.451216430664062500e+02
3.850769999999999982e+02 1.529000000000000000e+03 2.451222076416015625e+02
3.854130000000000109e+02 1.491000000000000000e+03 2.451214294433593750e+02
3.857490000000000236e+02 1.280000000000000000e+03 2.451270599365234375e+02
3.860860000000000127e+02 1.137000000000000000e+03 2.451232299804687500e+02
3.864230000000000018e+02 9.980000000000000000e+02 2.451217498779296875e+02
3.867590000000000146e+02 7.520000000000000000e+02 2.451256256103515625e+02
3.870960000000000036e+02 6.780000000000000000e+02 2.451261901855468750e+02
3.874320000000000164e+02 6.800000000000000000e+02 2.451260681152343750e+02
3.877679999999999723e+02 3.440000000000000000e+02 2.451252441406250000e+02
3.881039999999999850e+02 3.360000000000000000e+02 2.451202087402343750e+02
3.884409999999999741e+02 3.010000000000000000e+02 2.451170654296875000e+02
3.887769999999999868e+02 2.950000000000000000e+02 2.451252441406250000e+02
3.891129999999999995e+02 2.170000000000000000e+02 2.451153411865234375e+02
