8.378579999999999472e+02 5.800000000000000000e+01 2.431948699951171875e+02
8.381939999999999600e+02 1.770000000000000000e+02 2.432033233642578125e+02
8.385299999999999727e+02 1.740000000000000000e+02 2.431937255859375000e+02
8.388659999999999854e+02 2.910000000000000000e+02 2.432041320800781250e+02
8.392019999999999982e+02 3.800000000000000000e+02 2.432029571533203125e+02
8.395380000000000109e+02 8.130000000000000000e+02 2.432054595947265625e+02
8.398740000000000236e+02 7.340000000000000000e+02 2.432062377929687500e+02
8.402100000000000364e+02 9.460000000000000000e+02 2.432033996582031250e+02
8.405460000000000491e+02 1.365000000000000000e+03 2.432035980224609375e+02
8.408819999999999482e+02 1.095000000000000000e+03 2.432019653320312500e+02
8.412179999999999609e+02 1.062000000000000000e+03 2.432051391601562500e+02
8.415539999999999736e+02 1.214000000000000000e+03 2.432067871093750000e+02
8.418899999999999864e+02 1.264000000000000000e+03 2.432021942138671875e+02
8.422259999999999991e+02 1.175000000000000000e+03 2.432055358886718750e+02
8.425620000000000118e+02 7.740000000000000000e+02 2.432048187255859375e+02
8.429039999999999964e+02 6.510000000000000000e+02 2.432055053710937500e+02
8.432340000000000373e+02 5.430000000000000000e+02 2.432004699707031250e+02
8.435760000000000218e+02 4.280000000000000000e+02 2.432024688720703125e+02
8.439120000000000346e+02 3.150000000000000000e+02 2.432060089111328125e+02
8.442480000000000473e+02 4.010000000000000000e+02 2.432035217285156250e+02
8.445839999999999463e+02 2.260000000000000000e+02 2.431941528320312500e+02
8.449199999999999591e+02 7.500000000000000000e+01 2.431920471191406250e+02
8.452559999999999718e+02 7.800000000000000000e+01 2.431988983154296875e+02
