4.244340000000000259e+02 1.390000000000000000e+02 1.900122375488281250e+02
4.247699999999999818e+02 2.070000000000000000e+02 1.900127563476562500e+02
4.251059999999999945e+02 3.720000000000000000e+02 1.900143280029296875e+02
4.254420000000000073e+02 7.820000000000000000e+02 1.900159606933593750e+02
4.257789999999999964e+02 6.280000000000000000e+02 1.900147552490234375e+02
4.261150000000000091e+02 8.330000000000000000e+02 1.900150604248046875e+02
4.264510000000000218e+02 1.262000000000000000e+03 1.900134582519531250e+02
4.267880000000000109e+02 1.110000000000000000e+03 1.900157012939453125e+02
4.271240000000000236e+02 9.630000000000000000e+02 1.900177154541015625e+02
4.274599999999999795e+02 9.420000000000000000e+02 1.900173645019531250e+02
4.277989999999999782e+02 1.115000000000000000e+03 1.900165405273437500e+02
4.281360000000000241e+02 1.349000000000000000e+03 1.900168457031250000e+02
4.284719999999999800e+02 9.150000000000000000e+02 1.900142517089843750e+02
4.288079999999999927e+02 8.890000000000000000e+02 1.900135345458984375e+02
4.291449999999999818e+02 7.130000000000000000e+02 1.900153961181640625e+02
4.294809999999999945e+02 9.650000000000000000e+02 1.900156555175781250e+02
4.298170000000000073e+02 5.660000000000000000e+02 1.900145874023437500e+02
4.301530000000000200e+02 5.780000000000000000e+02 1.900177917480468750e+02
4.304900000000000091e+02 6.490000000000000000e+02 1.900146789550781250e+02
4.308260000000000218e+02 2.360000000000000000e+02 1.900212554931640625e+02
4.311619999999999777e+02 2.370000000000000000e+02 1.900144042968750000e+02
4.314990000000000236e+02 2.350000000000000000e+02 1.900140075683593750e+02
4.318369999999999891e+02 1.400000000000000000e+02 1.900171813964843750e+02
4.321730000000000018e+02 1.620000000000000000e+02 1.900180969238281250e+02
4.325090000000000146e+02 1.260000000000000000e+02 1.900139770507812500e+02
4.328450000000000273e+02 1.210000000000000000e+02 1.900198516845703125e+02
4.331820000000000164e+02 8.700000000000000000e+01 1.900237884521484375e+02
4.335190000000000055e+02 1.840000000000000000e+02 1.900170593261718750e+02
4.338550000000000182e+02 8.200000000000000000e+01 1.900133209228515625e+02
4.341920000000000073e+02 8.400000000000000000e+01 1.900121917724609375e+02
4.345280000000000200e+02 7.100000000000000000e+01 1.900209045410156250e+02
4.348639999999999759e+02 6.400000000000000000e+01 1.900242462158203125e+02
