9.838500000000000227e+02 2.720000000000000000e+02 7.734863281250000000e+02
9.841860000000000355e+02 2.400000000000000000e+02 7.734918212890625000e+02
9.845220000000000482e+02 2.700000000000000000e+02 7.734832763671875000e+02
9.848579999999999472e+02 3.920000000000000000e+02 7.734860839843750000e+02
9.851939999999999600e+02 4.710000000000000000e+02 7.734902954101562500e+02
9.855299999999999727e+02 6.810000000000000000e+02 7.734819946289062500e+02
9.858659999999999854e+02 8.200000000000000000e+02 7.734786987304687500e+02
9.862019999999999982e+02 7.660000000000000000e+02 7.734748535156250000e+02
9.865380000000000109e+02 8.940000000000000000e+02 7.734817504882812500e+02
9.868740000000000236e+02 1.179000000000000000e+03 7.734856567382812500e+02
9.872160000000000082e+02 1.200000000000000000e+03 7.734764404296875000e+02
9.875520000000000209e+02 1.172000000000000000e+03 7.734802246093750000e+02
9.878819999999999482e+02 1.335000000000000000e+03 7.734810791015625000e+02
9.882240000000000464e+02 1.283000000000000000e+03 7.734761962890625000e+02
9.885599999999999454e+02 1.262000000000000000e+03 7.734777832031250000e+02
9.888959999999999582e+02 1.236000000000000000e+03 7.734791259765625000e+02
9.892319999999999709e+02 1.137000000000000000e+03 7.734801635742187500e+02
9.895679999999999836e+02 1.102000000000000000e+03 7.734827880859375000e+02
9.899039999999999964e+02 1.174000000000000000e+03 7.734796752929687500e+02
9.902400000000000091e+02 1.272000000000000000e+03 7.734761962890625000e+02
9.905760000000000218e+02 1.012000000000000000e+03 7.734754028320312500e+02
9.909120000000000346e+02 9.700000000000000000e+02 7.734780883789062500e+02
9.912480000000000473e+02 1.037000000000000000e+03 7.734804687500000000e+02
9.915839999999999463e+02 6.000000000000000000e+02 7.734803466796875000e+02
9.919199999999999591e+02 8.170000000000000000e+02 7.734783325195312500e+02
9.922559999999999718e+02 7.610000000000000000e+02 7.734818725585937500e+02
9.925919999999999845e+02 6.710000000000000000e+02 7.734801025390625000e+02
9.929279999999999973e+02 6.370000000000000000e+02 7.734719238281250000e+02
9.932640000000000100e+02 6.350000000000000000e+02 7.734780883789062500e+02
9.936059999999999945e+02 6.190000000000000000e+02 7.734776000976562500e+02
9.939360000000000355e+02 5.290000000000000000e+02 7.734795532226562500e+02
9.942720000000000482e+02 6.060000000000000000e+02 7.734782714843750000e+02
9.946140000000000327e+02 4.830000000000000000e+02 7.734745483398437500e+02
9.949500000000000455e+02 3.020000000000000000e+02 7.734699707031250000e+02
9.952859999999999445e+02 3.520000000000000000e+02 7.734692382812500000e+02
9.956219999999999573e+02 3.910000000000000000e+02 7.734985351562500000e+02
9.959579999999999700e+02 3.460000000000000000e+02 7.734881591796875000e+02
9.962939999999999827e+02 3.890000000000000000e+02 7.734812011718750000e+02
9.966299999999999955e+02 3.470000000000000000e+02 7.734820556640625000e+02
9.969660000000000082e+02 2.740000000000000000e+02 7.734790039062500000e+02
9.973020000000000209e+02 3.060000000000000000e+02 7.734896850585937500e+02
9.976380000000000337e+02 2.770000000000000000e+02 7.734742431640625000e+02
9.979740000000000464e+02 2.190000000000000000e+02 7.734790039062500000e+02
9.983099999999999454e+02 1.990000000000000000e+02 7.734818725585937500e+02
9.986459999999999582e+02 2.470000000000000000e+02 7.734837036132812500e+02
9.989880000000000564e+02 1.770000000000000000e+02 7.734957885742187500e+02
