3.954180000000000064e+02 3.490000000000000000e+02 3.531243286132812500e+02
3.957540000000000191e+02 5.080000000000000000e+02 3.531224975585937500e+02
3.960910000000000082e+02 6.420000000000000000e+02 3.531196594238281250e+02
3.964270000000000209e+02 8.110000000000000000e+02 3.531210327148437500e+02
3.967629999999999768e+02 1.145000000000000000e+03 3.531237487792968750e+02
3.971000000000000227e+02 9.350000000000000000e+02 3.531219177246093750e+02
3.974359999999999786e+02 7.890000000000000000e+02 3.531248168945312500e+02
3.977719999999999914e+02 9.810000000000000000e+02 3.531212463378906250e+02
3.981080000000000041e+02 6.970000000000000000e+02 3.531253662109375000e+02
3.984449999999999932e+02 7.950000000000000000e+02 3.531225585937500000e+02
3.987810000000000059e+02 5.300000000000000000e+02 3.531257934570312500e+02
3.991170000000000186e+02 4.900000000000000000e+02 3.531307983398437500e+02
3.994540000000000077e+02 3.890000000000000000e+02 3.531243591308593750e+02
3.997900000000000205e+02 3.540000000000000000e+02 3.531235046386718750e+02
