2.258779999999999859e+02 2.070000000000000000e+02 3.841583557128906250e+02
2.262150000000000034e+02 2.930000000000000000e+02 3.841605224609375000e+02
2.265509999999999877e+02 2.180000000000000000e+02 3.841644897460937500e+02
2.268870000000000005e+02 2.270000000000000000e+02 3.841641540527343750e+02
2.272230000000000132e+02 3.320000000000000000e+02 3.841649780273437500e+02
2.275600000000000023e+02 3.550000000000000000e+02 3.841738586425781250e+02
2.278959999999999866e+02 5.550000000000000000e+02 3.841734313964843750e+02
2.282319999999999993e+02 2.840000000000000000e+02 3.841757202148437500e+02
2.285689999999999884e+02 5.800000000000000000e+02 3.841704101562500000e+02
2.289070000000000107e+02 4.440000000000000000e+02 3.841697692871093750e+02
2.292439999999999998e+02 6.170000000000000000e+02 3.841734008789062500e+02
2.295800000000000125e+02 5.500000000000000000e+02 3.841647949218750000e+02
2.299159999999999968e+02 6.740000000000000000e+02 3.841671142578125000e+02
2.302529999999999859e+02 4.830000000000000000e+02 3.841668701171875000e+02
2.305889999999999986e+02 6.840000000000000000e+02 3.841693725585937500e+02
2.309250000000000114e+02 5.810000000000000000e+02 3.841732177734375000e+02
2.312620000000000005e+02 6.850000000000000000e+02 3.841666870117187500e+02
2.315980000000000132e+02 7.510000000000000000e+02 3.841743469238281250e+02
2.319350000000000023e+02 1.042000000000000000e+03 3.841686096191406250e+02
2.322709999999999866e+02 9.430000000000000000e+02 3.841653137207031250e+02
2.326080000000000041e+02 1.086000000000000000e+03 3.841696777343750000e+02
2.329439999999999884e+02 7.900000000000000000e+02 3.841694641113281250e+02
2.332800000000000011e+02 8.840000000000000000e+02 3.841685791015625000e+02
2.336169999999999902e+02 9.350000000000000000e+02 3.841681213378906250e+02
2.339530000000000030e+02 7.380000000000000000e+02 3.841699218750000000e+02
2.342889999999999873e+02 9.650000000000000000e+02 3.841661376953125000e+02
2.346260000000000048e+02 7.560000000000000000e+02 3.841675109863281250e+02
2.349619999999999891e+02 8.110000000000000000e+02 3.841721496582031250e+02
2.352980000000000018e+02 7.470000000000000000e+02 3.841668090820312500e+02
2.356339999999999861e+02 9.160000000000000000e+02 3.841703796386718750e+02
2.359710000000000036e+02 6.460000000000000000e+02 3.841720275878906250e+02
2.363069999999999879e+02 8.300000000000000000e+02 3.841685180664062500e+02
2.366430000000000007e+02 9.310000000000000000e+02 3.841702270507812500e+02
2.369799999999999898e+02 7.390000000000000000e+02 3.841687622070312500e+02
2.373160000000000025e+02 7.350000000000000000e+02 3.841686706542968750e+02
2.376519999999999868e+02 6.420000000000000000e+02 3.841697387695312500e+02
2.379890000000000043e+02 7.620000000000000000e+02 3.841684265136718750e+02
2.383249999999999886e+02 6.260000000000000000e+02 3.841690063476562500e+02
2.386610000000000014e+02 6.060000000000000000e+02 3.841767272949218750e+02
2.389989999999999952e+02 5.580000000000000000e+02 3.841679992675781250e+02
2.393350000000000080e+02 4.260000000000000000e+02 3.841694030761718750e+02
2.396719999999999970e+02 4.870000000000000000e+02 3.841748657226562500e+02
2.400080000000000098e+02 3.840000000000000000e+02 3.841721191406250000e+02
2.403439999999999941e+02 2.890000000000000000e+02 3.841645507812500000e+02
2.406800000000000068e+02 2.970000000000000000e+02 3.841638183593750000e+02
2.410169999999999959e+02 2.940000000000000000e+02 3.841707458496093750e+02
2.413530000000000086e+02 2.580000000000000000e+02 3.841767578125000000e+02
2.416889999999999930e+02 2.180000000000000000e+02 3.841673583984375000e+02
2.420260000000000105e+02 2.560000000000000000e+02 3.841691894531250000e+02
2.423619999999999948e+02 1.730000000000000000e+02 3.841663818359375000e+02
2.426980000000000075e+02 2.960000000000000000e+02 3.841628112792968750e+02
2.430349999999999966e+02 1.530000000000000000e+02 3.841537475585937500e+02
