2.877740000000000009e+02 1.270000000000000000e+02 1.881146240234375000e+02
2.881109999999999900e+02 1.360000000000000000e+02 1.881112365722656250e+02
2.884470000000000027e+02 1.060000000000000000e+02 1.881077117919921875e+02
2.887830000000000155e+02 1.330000000000000000e+02 1.881144409179687500e+02
2.891200000000000045e+02 2.540000000000000000e+02 1.881061553955078125e+02
2.894569999999999936e+02 1.210000000000000000e+02 1.881024322509765625e+02
2.897939999999999827e+02 6.600000000000000000e+01 1.881024169921875000e+02
2.901299999999999955e+02 1.350000000000000000e+02 1.881154327392578125e+02
2.904660000000000082e+02 1.190000000000000000e+02 1.880933532714843750e+02
2.908029999999999973e+02 1.670000000000000000e+02 1.881061553955078125e+02
2.911390000000000100e+02 3.530000000000000000e+02 1.881078033447265625e+02
2.914750000000000227e+02 4.150000000000000000e+02 1.881082000732421875e+02
2.918120000000000118e+02 4.780000000000000000e+02 1.881087188720703125e+02
2.921480000000000246e+02 4.530000000000000000e+02 1.881107177734375000e+02
2.924839999999999804e+02 7.560000000000000000e+02 1.881070861816406250e+02
2.928199999999999932e+02 6.650000000000000000e+02 1.881108245849609375e+02
2.931569999999999823e+02 7.270000000000000000e+02 1.881100463867187500e+02
2.934929999999999950e+02 6.320000000000000000e+02 1.881103210449218750e+02
2.938290000000000077e+02 9.860000000000000000e+02 1.881094970703125000e+02
2.941659999999999968e+02 6.470000000000000000e+02 1.881070098876953125e+02
2.945020000000000095e+02 8.390000000000000000e+02 1.881082153320312500e+02
2.948389999999999986e+02 8.580000000000000000e+02 1.881124267578125000e+02
2.951750000000000114e+02 8.550000000000000000e+02 1.881069030761718750e+02
2.955120000000000005e+02 6.480000000000000000e+02 1.881073608398437500e+02
2.958480000000000132e+02 7.060000000000000000e+02 1.881097106933593750e+02
2.961859999999999786e+02 6.590000000000000000e+02 1.881091461181640625e+02
2.965219999999999914e+02 5.900000000000000000e+02 1.881072235107421875e+02
2.968589999999999804e+02 5.320000000000000000e+02 1.881097259521484375e+02
2.971949999999999932e+02 5.240000000000000000e+02 1.881089172363281250e+02
2.975310000000000059e+02 5.350000000000000000e+02 1.881104125976562500e+02
2.978670000000000186e+02 3.190000000000000000e+02 1.881056518554687500e+02
2.982040000000000077e+02 5.200000000000000000e+02 1.881097106933593750e+02
2.985400000000000205e+02 5.140000000000000000e+02 1.881097564697265625e+02
2.988759999999999764e+02 3.190000000000000000e+02 1.881091156005859375e+02
2.992130000000000223e+02 3.390000000000000000e+02 1.881095581054687500e+02
2.995509999999999877e+02 3.360000000000000000e+02 1.881115264892578125e+02
2.998870000000000005e+02 3.140000000000000000e+02 1.881073760986328125e+02
3.002230000000000132e+02 3.540000000000000000e+02 1.881054992675781250e+02
3.005590000000000259e+02 1.890000000000000000e+02 1.881027374267578125e+02
3.008960000000000150e+02 2.890000000000000000e+02 1.881039276123046875e+02
3.012320000000000277e+02 2.480000000000000000e+02 1.881079254150390625e+02
3.015679999999999836e+02 1.630000000000000000e+02 1.881044921875000000e+02
3.019049999999999727e+02 9.500000000000000000e+01 1.881076049804687500e+02
3.022409999999999854e+02 8.100000000000000000e+01 1.881133880615234375e+02
3.025769999999999982e+02 9.100000000000000000e+01 1.881161804199218750e+02
3.029130000000000109e+02 2.170000000000000000e+02 1.881098327636718750e+02
3.032500000000000000e+02 1.030000000000000000e+02 1.881071777343750000e+02
3.035860000000000127e+02 1.460000000000000000e+02 1.881094360351562500e+02
3.039230000000000018e+02 1.140000000000000000e+02 1.881117095947265625e+02
3.042590000000000146e+02 1.300000000000000000e+02 1.881016082763671875e+02
3.045950000000000273e+02 1.350000000000000000e+02 1.881036987304687500e+02
3.049309999999999832e+02 1.020000000000000000e+02 1.881015014648437500e+02
3.052679999999999723e+02 1.610000000000000000e+02 1.881069488525390625e+02
3.056039999999999850e+02 2.560000000000000000e+02 1.881098480224609375e+02
3.059399999999999977e+02 1.480000000000000000e+02 1.881056213378906250e+02
3.062769999999999868e+02 1.020000000000000000e+02 1.881188659667968750e+02
3.066129999999999995e+02 1.220000000000000000e+02 1.881025390625000000e+02
3.069490000000000123e+02 5.500000000000000000e+01 1.881209411621093750e+02
3.072860000000000014e+02 7.400000000000000000e+01 1.881216278076171875e+02
3.076220000000000141e+02 7.200000000000000000e+01 1.881120147705078125e+02
3.079590000000000032e+02 8.800000000000000000e+01 1.881115112304687500e+02
3.082950000000000159e+02 4.300000000000000000e+01 1.881141357421875000e+02
