3.799429999999999836e+02 1.900000000000000000e+02 2.771520690917968750e+02
3.802810000000000059e+02 1.610000000000000000e+02 2.771436462402343750e+02
3.806170000000000186e+02 1.020000000000000000e+02 2.771325988769531250e+02
3.809529999999999745e+02 1.530000000000000000e+02 2.771354370117187500e+02
3.812909999999999968e+02 1.500000000000000000e+02 2.771343994140625000e+02
3.816270000000000095e+02 2.530000000000000000e+02 2.771392822265625000e+02
3.819630000000000223e+02 1.630000000000000000e+02 2.771484069824218750e+02
3.823000000000000114e+02 1.460000000000000000e+02 2.771511230468750000e+02
3.826360000000000241e+02 3.720000000000000000e+02 2.771384277343750000e+02
3.829719999999999800e+02 3.450000000000000000e+02 2.771361389160156250e+02
3.833079999999999927e+02 6.580000000000000000e+02 2.771461486816406250e+02
3.836449999999999818e+02 5.450000000000000000e+02 2.771468505859375000e+02
3.839820000000000277e+02 7.020000000000000000e+02 2.771364746093750000e+02
3.843179999999999836e+02 9.550000000000000000e+02 2.771438293457031250e+02
3.846539999999999964e+02 7.730000000000000000e+02 2.771448059082031250e+02
3.849900000000000091e+02 5.850000000000000000e+02 2.771436462402343750e+02
3.853269999999999982e+02 7.010000000000000000e+02 2.771454467773437500e+02
3.856630000000000109e+02 4.550000000000000000e+02 2.771461486816406250e+02
3.859990000000000236e+02 5.360000000000000000e+02 2.771446838378906250e+02
3.863360000000000127e+02 4.990000000000000000e+02 2.771420593261718750e+02
3.866720000000000255e+02 2.830000000000000000e+02 2.771431274414062500e+02
3.870079999999999814e+02 2.220000000000000000e+02 2.771451416015625000e+02
3.873450000000000273e+02 1.780000000000000000e+02 2.771377258300781250e+02
