8.384339999999999691e+02 1.540000000000000000e+02 2.351531219482421875e+02
8.387699999999999818e+02 2.140000000000000000e+02 2.351452636718750000e+02
8.391059999999999945e+02 2.580000000000000000e+02 2.351505584716796875e+02
8.394420000000000073e+02 3.690000000000000000e+02 2.351396789550781250e+02
8.397780000000000200e+02 3.270000000000000000e+02 2.351401214599609375e+02
8.401140000000000327e+02 3.700000000000000000e+02 2.351446838378906250e+02
8.404500000000000455e+02 8.990000000000000000e+02 2.351338806152343750e+02
8.407920000000000300e+02 5.200000000000000000e+02 2.351351318359375000e+02
8.411219999999999573e+02 2.260000000000000000e+02 2.351411743164062500e+02
8.414640000000000555e+02 5.840000000000000000e+02 2.351323089599609375e+02
8.417999999999999545e+02 6.010000000000000000e+02 2.351372985839843750e+02
8.421359999999999673e+02 2.320000000000000000e+02 2.351484069824218750e+02
8.424719999999999800e+02 2.310000000000000000e+02 2.351368255615234375e+02
8.428079999999999927e+02 1.540000000000000000e+02 2.351247558593750000e+02
