1.915680000000000121e+02 5.000000000000000000e+01 1.730734558105468750e+02
1.919039999999999964e+02 4.500000000000000000e+01 1.730755615234375000e+02
1.922400000000000091e+02 6.300000000000000000e+01 1.730799102783203125e+02
1.925759999999999934e+02 2.340000000000000000e+02 1.730663299560546875e+02
1.929130000000000109e+02 3.530000000000000000e+02 1.730733795166015625e+02
1.932489999999999952e+02 3.060000000000000000e+02 1.730696716308593750e+02
1.935850000000000080e+02 3.530000000000000000e+02 1.730670776367187500e+02
1.939219999999999970e+02 6.330000000000000000e+02 1.730706787109375000e+02
1.942580000000000098e+02 7.330000000000000000e+02 1.730692901611328125e+02
1.945939999999999941e+02 8.360000000000000000e+02 1.730700836181640625e+02
1.949310000000000116e+02 6.410000000000000000e+02 1.730697631835937500e+02
1.952669999999999959e+02 6.600000000000000000e+02 1.730691680908203125e+02
1.956030000000000086e+02 6.350000000000000000e+02 1.730720520019531250e+02
1.959389999999999930e+02 3.940000000000000000e+02 1.730718078613281250e+02
1.962760000000000105e+02 3.390000000000000000e+02 1.730730133056640625e+02
1.966119999999999948e+02 2.890000000000000000e+02 1.730679779052734375e+02
1.969480000000000075e+02 1.990000000000000000e+02 1.730705413818359375e+02
1.972849999999999966e+02 1.320000000000000000e+02 1.730721893310546875e+02
1.976210000000000093e+02 1.140000000000000000e+02 1.730702819824218750e+02
1.979569999999999936e+02 3.700000000000000000e+01 1.730757751464843750e+02
1.982940000000000111e+02 7.800000000000000000e+01 1.730736389160156250e+02
1.986310000000000002e+02 1.270000000000000000e+02 1.730852661132812500e+02
