4.216560000000000059e+02 1.730000000000000000e+02 3.532123718261718750e+02
4.219920000000000186e+02 2.300000000000000000e+02 3.532276000976562500e+02
4.223279999999999745e+02 3.230000000000000000e+02 3.532155456542968750e+02
4.226650000000000205e+02 4.860000000000000000e+02 3.532218933105468750e+02
4.230009999999999764e+02 5.840000000000000000e+02 3.532267456054687500e+02
4.233369999999999891e+02 6.850000000000000000e+02 3.532271118164062500e+02
4.236739999999999782e+02 8.000000000000000000e+02 3.532259216308593750e+02
4.240099999999999909e+02 7.860000000000000000e+02 3.532294921875000000e+02
4.243460000000000036e+02 7.170000000000000000e+02 3.532268066406250000e+02
4.246829999999999927e+02 5.470000000000000000e+02 3.532261962890625000e+02
4.250190000000000055e+02 5.270000000000000000e+02 3.532256164550781250e+02
4.253550000000000182e+02 4.670000000000000000e+02 3.532222290039062500e+02
4.256920000000000073e+02 3.250000000000000000e+02 3.532306823730468750e+02
4.260289999999999964e+02 2.880000000000000000e+02 3.532093505859375000e+02
4.263650000000000091e+02 2.810000000000000000e+02 3.532257385253906250e+02
4.267010000000000218e+02 2.030000000000000000e+02 3.532147827148437500e+02
4.270380000000000109e+02 1.180000000000000000e+02 3.532132568359375000e+02
4.273740000000000236e+02 1.660000000000000000e+02 3.532096557617187500e+02
4.277099999999999795e+02 1.830000000000000000e+02 3.532077026367187500e+02
