3.099780000000000086e+02 1.260000000000000000e+02 3.931859436035156250e+02
3.103149999999999977e+02 2.020000000000000000e+02 3.931869812011718750e+02
3.106510000000000105e+02 1.210000000000000000e+02 3.932032775878906250e+02
3.109879999999999995e+02 2.110000000000000000e+02 3.931872558593750000e+02
3.113240000000000123e+02 1.550000000000000000e+02 3.931882934570312500e+02
3.116600000000000250e+02 9.400000000000000000e+01 3.931969604492187500e+02
3.119959999999999809e+02 1.460000000000000000e+02 3.932030334472656250e+02
3.123330000000000268e+02 1.060000000000000000e+02 3.931853027343750000e+02
3.126689999999999827e+02 2.020000000000000000e+02 3.931786499023437500e+02
3.130049999999999955e+02 2.730000000000000000e+02 3.931796875000000000e+02
3.133419999999999845e+02 2.750000000000000000e+02 3.931937255859375000e+02
3.136779999999999973e+02 2.910000000000000000e+02 3.931946716308593750e+02
3.140140000000000100e+02 4.020000000000000000e+02 3.931833801269531250e+02
3.143509999999999991e+02 7.710000000000000000e+02 3.931890258789062500e+02
3.146870000000000118e+02 5.630000000000000000e+02 3.931868896484375000e+02
3.150230000000000246e+02 4.380000000000000000e+02 3.931973266601562500e+02
3.153589999999999804e+02 4.820000000000000000e+02 3.931932678222656250e+02
3.156960000000000264e+02 3.220000000000000000e+02 3.931922607421875000e+02
3.160319999999999823e+02 4.400000000000000000e+02 3.931863403320312500e+02
3.163679999999999950e+02 2.030000000000000000e+02 3.931869201660156250e+02
3.167049999999999841e+02 3.290000000000000000e+02 3.931923828125000000e+02
3.170409999999999968e+02 2.440000000000000000e+02 3.931856384277343750e+02
3.173770000000000095e+02 1.530000000000000000e+02 3.931838684082031250e+02
3.177139999999999986e+02 1.640000000000000000e+02 3.931867065429687500e+02
3.180500000000000114e+02 1.400000000000000000e+02 3.931987304687500000e+02
3.183860000000000241e+02 1.940000000000000000e+02 3.931835632324218750e+02
3.187219999999999800e+02 1.560000000000000000e+02 3.931882019042968750e+02
