2.659080000000000155e+02 6.100000000000000000e+01 5.862607421875000000e+02
2.662440000000000282e+02 5.700000000000000000e+01 5.862455444335937500e+02
2.665799999999999841e+02 2.150000000000000000e+02 5.862467651367187500e+02
2.669169999999999732e+02 3.010000000000000000e+02 5.862458496093750000e+02
2.672529999999999859e+02 3.840000000000000000e+02 5.862462158203125000e+02
2.675889999999999986e+02 4.340000000000000000e+02 5.862491455078125000e+02
2.679259999999999877e+02 5.790000000000000000e+02 5.862481689453125000e+02
2.682620000000000005e+02 5.370000000000000000e+02 5.862433471679687500e+02
2.685980000000000132e+02 5.680000000000000000e+02 5.862524414062500000e+02
2.689359999999999786e+02 7.620000000000000000e+02 5.862488403320312500e+02
2.692740000000000009e+02 6.280000000000000000e+02 5.862415161132812500e+02
2.696100000000000136e+02 5.090000000000000000e+02 5.862461547851562500e+02
2.699460000000000264e+02 5.840000000000000000e+02 5.862550659179687500e+02
2.702819999999999823e+02 6.090000000000000000e+02 5.862481079101562500e+02
2.706190000000000282e+02 5.070000000000000000e+02 5.862481689453125000e+02
2.709549999999999841e+02 3.840000000000000000e+02 5.862500610351562500e+02
2.712909999999999968e+02 2.920000000000000000e+02 5.862409667968750000e+02
2.716279999999999859e+02 2.050000000000000000e+02 5.862584228515625000e+02
2.719639999999999986e+02 2.320000000000000000e+02 5.862435913085937500e+02
