3.685059999999999718e+02 7.500000000000000000e+01 3.811617126464843750e+02
3.688419999999999845e+02 1.530000000000000000e+02 3.811560974121093750e+02
3.691789999999999736e+02 1.030000000000000000e+02 3.811748352050781250e+02
3.695149999999999864e+02 1.950000000000000000e+02 3.811619262695312500e+02
3.698509999999999991e+02 2.680000000000000000e+02 3.811514892578125000e+02
3.701890000000000214e+02 3.620000000000000000e+02 3.811547546386718750e+02
3.705249999999999773e+02 3.410000000000000000e+02 3.811636047363281250e+02
3.708620000000000232e+02 6.120000000000000000e+02 3.811608886718750000e+02
3.711979999999999791e+02 5.680000000000000000e+02 3.811575927734375000e+02
3.715339999999999918e+02 7.600000000000000000e+02 3.811580200195312500e+02
3.718709999999999809e+02 6.190000000000000000e+02 3.811511230468750000e+02
3.722069999999999936e+02 4.470000000000000000e+02 3.811578674316406250e+02
3.725430000000000064e+02 5.240000000000000000e+02 3.811483459472656250e+02
3.728790000000000191e+02 3.160000000000000000e+02 3.811595153808593750e+02
3.732160000000000082e+02 2.500000000000000000e+02 3.811753540039062500e+02
3.735529999999999973e+02 3.580000000000000000e+02 3.811407165527343750e+02
