3.348690000000000282e+02 1.300000000000000000e+02 6.941243896484375000e+02
3.352060000000000173e+02 2.710000000000000000e+02 6.941460571289062500e+02
3.355419999999999732e+02 4.530000000000000000e+02 6.941425170898437500e+02
3.358779999999999859e+02 4.580000000000000000e+02 6.941309814453125000e+02
3.362139999999999986e+02 4.850000000000000000e+02 6.941291503906250000e+02
3.365509999999999877e+02 5.690000000000000000e+02 6.941283569335937500e+02
3.368870000000000005e+02 6.400000000000000000e+02 6.941306762695312500e+02
3.372230000000000132e+02 7.590000000000000000e+02 6.941317749023437500e+02
3.375600000000000023e+02 6.130000000000000000e+02 6.941375122070312500e+02
3.378960000000000150e+02 6.400000000000000000e+02 6.941345214843750000e+02
3.382320000000000277e+02 5.560000000000000000e+02 6.941302490234375000e+02
3.385679999999999836e+02 4.600000000000000000e+02 6.941350708007812500e+02
3.389049999999999727e+02 5.030000000000000000e+02 6.941287841796875000e+02
3.392409999999999854e+02 5.580000000000000000e+02 6.941386718750000000e+02
3.395769999999999982e+02 3.420000000000000000e+02 6.941365356445312500e+02
3.399150000000000205e+02 5.160000000000000000e+02 6.941309814453125000e+02
3.402520000000000095e+02 3.610000000000000000e+02 6.941293334960937500e+02
3.405880000000000223e+02 3.210000000000000000e+02 6.941315917968750000e+02
3.409239999999999782e+02 3.570000000000000000e+02 6.941296997070312500e+02
3.412599999999999909e+02 2.320000000000000000e+02 6.941345825195312500e+02
3.415969999999999800e+02 2.240000000000000000e+02 6.941351318359375000e+02
3.419340000000000259e+02 2.160000000000000000e+02 6.941285400390625000e+02
3.422699999999999818e+02 1.250000000000000000e+02 6.941196289062500000e+02
3.426070000000000277e+02 8.000000000000000000e+01 6.941271972656250000e+02
3.429429999999999836e+02 4.900000000000000000e+01 6.941384277343750000e+02
