3.025769999999999982e+02 3.000000000000000000e+02 3.691249694824218750e+02
3.029130000000000109e+02 2.570000000000000000e+02 3.691245422363281250e+02
3.032500000000000000e+02 4.290000000000000000e+02 3.691235351562500000e+02
3.035860000000000127e+02 5.210000000000000000e+02 3.691278076171875000e+02
3.039230000000000018e+02 6.070000000000000000e+02 3.691257934570312500e+02
3.042590000000000146e+02 5.350000000000000000e+02 3.691242675781250000e+02
3.045950000000000273e+02 4.270000000000000000e+02 3.691239624023437500e+02
3.049309999999999832e+02 4.420000000000000000e+02 3.691255798339843750e+02
3.052679999999999723e+02 5.870000000000000000e+02 3.691154174804687500e+02
3.056039999999999850e+02 2.660000000000000000e+02 3.691348571777343750e+02
3.059399999999999977e+02 4.180000000000000000e+02 3.691241760253906250e+02
3.062769999999999868e+02 3.630000000000000000e+02 3.691201171875000000e+02
3.066129999999999995e+02 3.090000000000000000e+02 3.691197814941406250e+02
3.069490000000000123e+02 3.330000000000000000e+02 3.691271057128906250e+02
3.072860000000000014e+02 2.580000000000000000e+02 3.691306762695312500e+02
3.076220000000000141e+02 4.050000000000000000e+02 3.691275024414062500e+02
3.079590000000000032e+02 5.080000000000000000e+02 3.691288757324218750e+02
3.082950000000000159e+02 4.340000000000000000e+02 3.691279296875000000e+02
3.086309999999999718e+02 5.370000000000000000e+02 3.691360473632812500e+02
3.089680000000000177e+02 5.340000000000000000e+02 3.691258544921875000e+02
3.093039999999999736e+02 4.320000000000000000e+02 3.691272888183593750e+02
3.096419999999999959e+02 5.840000000000000000e+02 3.691331176757812500e+02
3.099780000000000086e+02 5.180000000000000000e+02 3.691336669921875000e+02
3.103149999999999977e+02 3.440000000000000000e+02 3.691383666992187500e+02
3.106510000000000105e+02 4.460000000000000000e+02 3.691289672851562500e+02
3.109879999999999995e+02 4.830000000000000000e+02 3.691275939941406250e+02
3.113240000000000123e+02 7.570000000000000000e+02 3.691192321777343750e+02
3.116600000000000250e+02 5.320000000000000000e+02 3.691260986328125000e+02
3.119959999999999809e+02 6.200000000000000000e+02 3.691210021972656250e+02
3.123330000000000268e+02 6.340000000000000000e+02 3.691234436035156250e+02
3.126689999999999827e+02 6.890000000000000000e+02 3.691162719726562500e+02
3.130049999999999955e+02 5.330000000000000000e+02 3.691234130859375000e+02
3.133419999999999845e+02 5.540000000000000000e+02 3.691243896484375000e+02
3.136779999999999973e+02 4.550000000000000000e+02 3.691148986816406250e+02
3.140140000000000100e+02 3.490000000000000000e+02 3.691181640625000000e+02
3.143509999999999991e+02 3.590000000000000000e+02 3.691216735839843750e+02
3.146870000000000118e+02 2.950000000000000000e+02 3.691232910156250000e+02
3.150230000000000246e+02 3.590000000000000000e+02 3.691225280761718750e+02
3.153589999999999804e+02 4.520000000000000000e+02 3.691219482421875000e+02
