5.118039999999999736e+02 8.370000000000000000e+02 1.680422058105468750e+02
5.121409999999999627e+02 5.320000000000000000e+02 1.680424041748046875e+02
5.124769999999999754e+02 5.080000000000000000e+02 1.680443420410156250e+02
5.128129999999999882e+02 5.370000000000000000e+02 1.680411224365234375e+02
5.131490000000000009e+02 6.950000000000000000e+02 1.680438537597656250e+02
5.134859999999999900e+02 6.580000000000000000e+02 1.680413665771484375e+02
5.138220000000000027e+02 4.600000000000000000e+02 1.680429534912109375e+02
5.141580000000000155e+02 6.590000000000000000e+02 1.680450439453125000e+02
5.144950000000000045e+02 6.020000000000000000e+02 1.680433959960937500e+02
5.148310000000000173e+02 6.120000000000000000e+02 1.680468139648437500e+02
5.151680000000000064e+02 5.170000000000000000e+02 1.680446319580078125e+02
5.155040000000000191e+02 4.550000000000000000e+02 1.680457153320312500e+02
5.158400000000000318e+02 4.690000000000000000e+02 1.680439453125000000e+02
5.161770000000000209e+02 4.560000000000000000e+02 1.680430450439453125e+02
5.165130000000000337e+02 5.590000000000000000e+02 1.680470886230468750e+02
5.168490000000000464e+02 5.790000000000000000e+02 1.680447692871093750e+02
5.171860000000000355e+02 5.560000000000000000e+02 1.680413208007812500e+02
5.175220000000000482e+02 4.560000000000000000e+02 1.680465850830078125e+02
5.178579999999999472e+02 6.160000000000000000e+02 1.680438690185546875e+02
5.181950000000000500e+02 7.840000000000000000e+02 1.680422363281250000e+02
5.185309999999999491e+02 7.610000000000000000e+02 1.680454101562500000e+02
5.188669999999999618e+02 4.610000000000000000e+02 1.680444183349609375e+02
5.192029999999999745e+02 6.630000000000000000e+02 1.680438385009765625e+02
5.195399999999999636e+02 5.970000000000000000e+02 1.680451965332031250e+02
5.198759999999999764e+02 5.050000000000000000e+02 1.680438385009765625e+02
5.202119999999999891e+02 5.130000000000000000e+02 1.680422515869140625e+02
5.205489999999999782e+02 5.680000000000000000e+02 1.680480346679687500e+02
5.208849999999999909e+02 4.760000000000000000e+02 1.680432739257812500e+02
5.212210000000000036e+02 5.040000000000000000e+02 1.680431060791015625e+02
5.215589999999999691e+02 7.470000000000000000e+02 1.680417938232421875e+02
5.218949999999999818e+02 3.890000000000000000e+02 1.680437927246093750e+02
5.222319999999999709e+02 6.440000000000000000e+02 1.680426635742187500e+02
5.225679999999999836e+02 5.290000000000000000e+02 1.680464935302734375e+02
5.229039999999999964e+02 5.640000000000000000e+02 1.680438079833984375e+02
5.232409999999999854e+02 7.050000000000000000e+02 1.680435028076171875e+02
5.235769999999999982e+02 4.890000000000000000e+02 1.680443420410156250e+02
5.239130000000000109e+02 4.900000000000000000e+02 1.680463256835937500e+02
5.242500000000000000e+02 5.760000000000000000e+02 1.680442962646484375e+02
5.245860000000000127e+02 6.000000000000000000e+02 1.680448150634765625e+02
5.249220000000000255e+02 3.810000000000000000e+02 1.680448303222656250e+02
5.252580000000000382e+02 7.490000000000000000e+02 1.680434722900390625e+02
5.255950000000000273e+02 6.960000000000000000e+02 1.680434722900390625e+02
5.259310000000000400e+02 5.870000000000000000e+02 1.680439910888671875e+02
5.262670000000000528e+02 6.120000000000000000e+02 1.680411682128906250e+02
5.266040000000000418e+02 7.570000000000000000e+02 1.680440216064453125e+02
5.269400000000000546e+02 4.930000000000000000e+02 1.680438079833984375e+02
5.272759999999999536e+02 7.380000000000000000e+02 1.680459442138671875e+02
5.276130000000000564e+02 5.380000000000000000e+02 1.680468139648437500e+02
5.279489999999999554e+02 4.190000000000000000e+02 1.680459747314453125e+02
5.282849999999999682e+02 4.710000000000000000e+02 1.680444335937500000e+02
5.286219999999999573e+02 4.950000000000000000e+02 1.680427551269531250e+02
5.289579999999999700e+02 5.260000000000000000e+02 1.680466918945312500e+02
5.292939999999999827e+02 4.440000000000000000e+02 1.680467529296875000e+02
5.296299999999999955e+02 4.270000000000000000e+02 1.680474853515625000e+02
5.299669999999999845e+02 5.220000000000000000e+02 1.680453643798828125e+02
5.303039999999999736e+02 5.410000000000000000e+02 1.680451354980468750e+02
5.306399999999999864e+02 4.070000000000000000e+02 1.680475921630859375e+02
5.309769999999999754e+02 6.750000000000000000e+02 1.680454406738281250e+02
5.313129999999999882e+02 4.560000000000000000e+02 1.680432434082031250e+02
5.316509999999999536e+02 5.820000000000000000e+02 1.680434570312500000e+02
5.319869999999999663e+02 5.170000000000000000e+02 1.680458068847656250e+02
5.323229999999999791e+02 7.110000000000000000e+02 1.680457458496093750e+02
5.326599999999999682e+02 7.270000000000000000e+02 1.680445098876953125e+02
5.329959999999999809e+02 5.060000000000000000e+02 1.680480957031250000e+02
5.333319999999999936e+02 5.240000000000000000e+02 1.680444641113281250e+02
5.336689999999999827e+02 3.720000000000000000e+02 1.680492858886718750e+02
5.340049999999999955e+02 5.590000000000000000e+02 1.680470275878906250e+02
5.343410000000000082e+02 4.250000000000000000e+02 1.680425109863281250e+02
5.346779999999999973e+02 4.990000000000000000e+02 1.680451507568359375e+02
5.350140000000000100e+02 4.450000000000000000e+02 1.680476531982421875e+02
5.353509999999999991e+02 4.260000000000000000e+02 1.680450897216796875e+02
5.356870000000000118e+02 2.470000000000000000e+02 1.680459594726562500e+02
5.360230000000000246e+02 2.010000000000000000e+02 1.680435485839843750e+02
5.363600000000000136e+02 2.580000000000000000e+02 1.680494689941406250e+02
5.366960000000000264e+02 1.660000000000000000e+02 1.680448455810546875e+02
5.370320000000000391e+02 2.320000000000000000e+02 1.680437622070312500e+02
5.373690000000000282e+02 2.510000000000000000e+02 1.680471038818359375e+02
5.377050000000000409e+02 3.650000000000000000e+02 1.680420684814453125e+02
5.380420000000000300e+02 2.680000000000000000e+02 1.680424652099609375e+02
5.383780000000000427e+02 8.200000000000000000e+01 1.680415802001953125e+02
5.387140000000000555e+02 2.240000000000000000e+02 1.680462951660156250e+02
5.390499999999999545e+02 2.340000000000000000e+02 1.680452728271484375e+02
5.393869999999999436e+02 2.050000000000000000e+02 1.680477905273437500e+02
5.397229999999999563e+02 2.600000000000000000e+02 1.680443267822265625e+02
5.400589999999999691e+02 3.760000000000000000e+02 1.680437622070312500e+02
5.403959999999999582e+02 2.530000000000000000e+02 1.680383605957031250e+02
5.407319999999999709e+02 4.900000000000000000e+02 1.680444030761718750e+02
5.410679999999999836e+02 3.170000000000000000e+02 1.680454101562500000e+02
