1.407740000000000009e+02 1.808000000000000000e+03 4.760048522949218750e+02
1.411100000000000136e+02 1.615000000000000000e+03 4.760028076171875000e+02
1.414459999999999980e+02 1.886000000000000000e+03 4.760054626464843750e+02
1.417829999999999870e+02 1.901000000000000000e+03 4.760115356445312500e+02
1.421189999999999998e+02 2.024000000000000000e+03 4.760039367675781250e+02
1.424550000000000125e+02 2.031000000000000000e+03 4.760063781738281250e+02
1.427920000000000016e+02 1.461000000000000000e+03 4.760072326660156250e+02
1.431279999999999859e+02 1.566000000000000000e+03 4.760043640136718750e+02
1.434639999999999986e+02 1.822000000000000000e+03 4.760026245117187500e+02
1.438000000000000114e+02 1.444000000000000000e+03 4.760035095214843750e+02
1.441370000000000005e+02 1.462000000000000000e+03 4.760061950683593750e+02
1.444730000000000132e+02 1.531000000000000000e+03 4.760007629394531250e+02
1.448089999999999975e+02 1.487000000000000000e+03 4.760032653808593750e+02
1.451459999999999866e+02 1.272000000000000000e+03 4.760046386718750000e+02
1.454819999999999993e+02 1.193000000000000000e+03 4.760014953613281250e+02
1.458180000000000121e+02 1.267000000000000000e+03 4.760014953613281250e+02
1.461550000000000011e+02 1.042000000000000000e+03 4.760059814453125000e+02
1.464910000000000139e+02 1.479000000000000000e+03 4.760022888183593750e+02
1.468269999999999982e+02 9.890000000000000000e+02 4.760013122558593750e+02
1.471630000000000109e+02 1.162000000000000000e+03 4.760009155273437500e+02
1.475000000000000000e+02 9.500000000000000000e+02 4.760006408691406250e+02
1.478360000000000127e+02 1.043000000000000000e+03 4.759995727539062500e+02
1.481740000000000066e+02 7.940000000000000000e+02 4.760072631835937500e+02
1.485099999999999909e+02 7.870000000000000000e+02 4.760024108886718750e+02
1.488460000000000036e+02 8.420000000000000000e+02 4.759979248046875000e+02
1.491829999999999927e+02 8.040000000000000000e+02 4.760025939941406250e+02
1.495190000000000055e+02 6.630000000000000000e+02 4.760089721679687500e+02
1.498549999999999898e+02 6.480000000000000000e+02 4.759997558593750000e+02
1.501920000000000073e+02 8.470000000000000000e+02 4.759965820312500000e+02
1.505279999999999916e+02 7.000000000000000000e+02 4.760026245117187500e+02
1.508640000000000043e+02 8.800000000000000000e+02 4.759950866699218750e+02
1.512009999999999934e+02 7.210000000000000000e+02 4.759917297363281250e+02
1.515370000000000061e+02 6.440000000000000000e+02 4.759974975585937500e+02
1.518729999999999905e+02 6.330000000000000000e+02 4.760033264160156250e+02
1.522090000000000032e+02 6.260000000000000000e+02 4.759962463378906250e+02
1.525459999999999923e+02 4.690000000000000000e+02 4.760049133300781250e+02
1.528820000000000050e+02 5.660000000000000000e+02 4.759975280761718750e+02
1.532189999999999941e+02 4.060000000000000000e+02 4.760101013183593750e+02
1.535550000000000068e+02 5.930000000000000000e+02 4.759923400878906250e+02
1.538919999999999959e+02 6.380000000000000000e+02 4.759974365234375000e+02
1.542280000000000086e+02 6.450000000000000000e+02 4.759980163574218750e+02
1.545639999999999930e+02 6.370000000000000000e+02 4.760010681152343750e+02
1.549010000000000105e+02 5.030000000000000000e+02 4.759990539550781250e+02
1.552369999999999948e+02 4.810000000000000000e+02 4.759978637695312500e+02
1.555730000000000075e+02 7.500000000000000000e+02 4.759971008300781250e+02
1.559099999999999966e+02 5.290000000000000000e+02 4.759971008300781250e+02
1.562470000000000141e+02 5.940000000000000000e+02 4.759934082031250000e+02
1.565829999999999984e+02 5.950000000000000000e+02 4.760045166015625000e+02
1.569199999999999875e+02 7.240000000000000000e+02 4.759978637695312500e+02
1.572560000000000002e+02 6.590000000000000000e+02 4.760017700195312500e+02
1.575920000000000130e+02 4.860000000000000000e+02 4.760001220703125000e+02
1.579290000000000020e+02 6.610000000000000000e+02 4.759931945800781250e+02
1.582659999999999911e+02 5.050000000000000000e+02 4.759936218261718750e+02
1.586030000000000086e+02 5.040000000000000000e+02 4.759919433593750000e+02
1.589389999999999930e+02 4.160000000000000000e+02 4.759942321777343750e+02
1.592750000000000057e+02 5.770000000000000000e+02 4.760031738281250000e+02
1.596119999999999948e+02 5.880000000000000000e+02 4.759963989257812500e+02
1.599480000000000075e+02 5.270000000000000000e+02 4.760004577636718750e+02
1.602839999999999918e+02 5.360000000000000000e+02 4.760002441406250000e+02
1.606210000000000093e+02 4.580000000000000000e+02 4.759897155761718750e+02
1.609569999999999936e+02 5.430000000000000000e+02 4.760017089843750000e+02
1.612930000000000064e+02 5.140000000000000000e+02 4.760006713867187500e+02
1.616289999999999907e+02 3.370000000000000000e+02 4.759903869628906250e+02
1.619660000000000082e+02 3.420000000000000000e+02 4.760034790039062500e+02
1.623019999999999925e+02 3.820000000000000000e+02 4.759992065429687500e+02
1.626380000000000052e+02 4.620000000000000000e+02 4.759983520507812500e+02
1.629749999999999943e+02 3.260000000000000000e+02 4.760008850097656250e+02
1.633110000000000070e+02 3.360000000000000000e+02 4.759996948242187500e+02
1.636469999999999914e+02 2.680000000000000000e+02 4.760000610351562500e+02
1.639840000000000089e+02 2.770000000000000000e+02 4.760030517578125000e+02
1.643199999999999932e+02 3.120000000000000000e+02 4.759979553222656250e+02
1.646560000000000059e+02 3.270000000000000000e+02 4.759973144531250000e+02
1.649919999999999902e+02 3.420000000000000000e+02 4.759923095703125000e+02
1.653290000000000077e+02 3.730000000000000000e+02 4.760021667480468750e+02
1.656649999999999920e+02 3.020000000000000000e+02 4.759969787597656250e+02
1.660010000000000048e+02 2.180000000000000000e+02 4.760006103515625000e+02
1.663379999999999939e+02 2.920000000000000000e+02 4.759941101074218750e+02
1.666740000000000066e+02 2.330000000000000000e+02 4.759899291992187500e+02
1.670099999999999909e+02 3.490000000000000000e+02 4.760002746582031250e+02
