1.286639999999999873e+02 3.500000000000000000e+01 1.891116638183593750e+02
1.290010000000000048e+02 3.500000000000000000e+01 1.891226806640625000e+02
1.293369999999999891e+02 4.000000000000000000e+01 1.891134643554687500e+02
1.296730000000000018e+02 1.000000000000000000e+02 1.891180877685546875e+02
1.300099999999999909e+02 7.500000000000000000e+01 1.891062622070312500e+02
1.303460000000000036e+02 1.030000000000000000e+02 1.891091003417968750e+02
1.306819999999999879e+02 1.150000000000000000e+02 1.891121368408203125e+02
1.310190000000000055e+02 1.320000000000000000e+02 1.891130981445312500e+02
1.313549999999999898e+02 1.670000000000000000e+02 1.891091003417968750e+02
1.316910000000000025e+02 2.400000000000000000e+02 1.891114654541015625e+02
1.320269999999999868e+02 2.210000000000000000e+02 1.891114807128906250e+02
1.323640000000000043e+02 2.930000000000000000e+02 1.891086425781250000e+02
1.326999999999999886e+02 3.240000000000000000e+02 1.891119689941406250e+02
1.330360000000000014e+02 3.920000000000000000e+02 1.891139678955078125e+02
1.333729999999999905e+02 4.600000000000000000e+02 1.891104431152343750e+02
1.337090000000000032e+02 4.630000000000000000e+02 1.891087646484375000e+02
1.340449999999999875e+02 5.690000000000000000e+02 1.891092224121093750e+02
1.343820000000000050e+02 3.030000000000000000e+02 1.891100616455078125e+02
1.347179999999999893e+02 4.770000000000000000e+02 1.891093292236328125e+02
1.350540000000000020e+02 3.970000000000000000e+02 1.891057434082031250e+02
1.353899999999999864e+02 3.300000000000000000e+02 1.891130371093750000e+02
1.357270000000000039e+02 5.330000000000000000e+02 1.891126403808593750e+02
1.360629999999999882e+02 3.940000000000000000e+02 1.891094207763671875e+02
1.363990000000000009e+02 2.850000000000000000e+02 1.891108856201171875e+02
1.367359999999999900e+02 3.800000000000000000e+02 1.891117858886718750e+02
1.370720000000000027e+02 3.920000000000000000e+02 1.891151275634765625e+02
1.374089999999999918e+02 4.200000000000000000e+02 1.891120758056640625e+02
1.377450000000000045e+02 2.880000000000000000e+02 1.891184539794921875e+02
1.380829999999999984e+02 5.660000000000000000e+02 1.891108093261718750e+02
1.384199999999999875e+02 3.920000000000000000e+02 1.891151428222656250e+02
1.387560000000000002e+02 4.710000000000000000e+02 1.891117401123046875e+02
1.390920000000000130e+02 3.930000000000000000e+02 1.891143341064453125e+02
1.394290000000000020e+02 4.610000000000000000e+02 1.891132507324218750e+02
1.397649999999999864e+02 3.710000000000000000e+02 1.891153717041015625e+02
1.401009999999999991e+02 4.400000000000000000e+02 1.891101531982421875e+02
1.404370000000000118e+02 7.100000000000000000e+02 1.891114349365234375e+02
1.407740000000000009e+02 4.200000000000000000e+02 1.891112213134765625e+02
1.411100000000000136e+02 4.610000000000000000e+02 1.891123809814453125e+02
1.414459999999999980e+02 5.710000000000000000e+02 1.891089324951171875e+02
1.417829999999999870e+02 4.080000000000000000e+02 1.891100616455078125e+02
1.421189999999999998e+02 4.700000000000000000e+02 1.891134338378906250e+02
1.424550000000000125e+02 6.000000000000000000e+02 1.891093444824218750e+02
1.427920000000000016e+02 7.460000000000000000e+02 1.891133575439453125e+02
1.431279999999999859e+02 6.570000000000000000e+02 1.891141357421875000e+02
1.434639999999999986e+02 4.950000000000000000e+02 1.891120910644531250e+02
1.438000000000000114e+02 6.480000000000000000e+02 1.891113281250000000e+02
1.441370000000000005e+02 7.040000000000000000e+02 1.891127929687500000e+02
1.444730000000000132e+02 5.890000000000000000e+02 1.891143798828125000e+02
1.448089999999999975e+02 5.810000000000000000e+02 1.891116790771484375e+02
1.451459999999999866e+02 3.830000000000000000e+02 1.891088256835937500e+02
1.454819999999999993e+02 3.630000000000000000e+02 1.891108093261718750e+02
1.458180000000000121e+02 5.300000000000000000e+02 1.891096649169921875e+02
1.461550000000000011e+02 4.040000000000000000e+02 1.891086425781250000e+02
1.464910000000000139e+02 3.300000000000000000e+02 1.891103210449218750e+02
1.468269999999999982e+02 4.570000000000000000e+02 1.891104736328125000e+02
1.471630000000000109e+02 2.790000000000000000e+02 1.891094818115234375e+02
1.475000000000000000e+02 2.750000000000000000e+02 1.891097869873046875e+02
1.478360000000000127e+02 2.570000000000000000e+02 1.891126251220703125e+02
1.481740000000000066e+02 2.170000000000000000e+02 1.891073303222656250e+02
1.485099999999999909e+02 2.670000000000000000e+02 1.891089324951171875e+02
1.488460000000000036e+02 2.090000000000000000e+02 1.891122589111328125e+02
1.491829999999999927e+02 1.320000000000000000e+02 1.891121368408203125e+02
1.495190000000000055e+02 1.160000000000000000e+02 1.891058502197265625e+02
1.498549999999999898e+02 7.700000000000000000e+01 1.891043701171875000e+02
1.501920000000000073e+02 1.650000000000000000e+02 1.891148376464843750e+02
1.505279999999999916e+02 1.540000000000000000e+02 1.891100921630859375e+02
1.508640000000000043e+02 8.300000000000000000e+01 1.891053009033203125e+02
1.512009999999999934e+02 8.000000000000000000e+01 1.891208343505859375e+02
1.515370000000000061e+02 6.700000000000000000e+01 1.891280364990234375e+02
1.518729999999999905e+02 5.800000000000000000e+01 1.891076049804687500e+02
