9.665940000000000509e+02 1.650000000000000000e+02 6.005048217773437500e+02
9.669299999999999500e+02 3.310000000000000000e+02 6.005036010742187500e+02
9.672659999999999627e+02 4.500000000000000000e+02 6.004987792968750000e+02
9.676019999999999754e+02 3.440000000000000000e+02 6.005053100585937500e+02
9.679379999999999882e+02 3.030000000000000000e+02 6.005034790039062500e+02
9.682740000000000009e+02 4.160000000000000000e+02 6.005151977539062500e+02
9.686100000000000136e+02 4.480000000000000000e+02 6.005084838867187500e+02
9.689460000000000264e+02 2.750000000000000000e+02 6.005147094726562500e+02
9.692820000000000391e+02 3.770000000000000000e+02 6.005043945312500000e+02
9.696240000000000236e+02 3.020000000000000000e+02 6.005050048828125000e+02
9.699539999999999509e+02 3.620000000000000000e+02 6.005056152343750000e+02
9.702960000000000491e+02 3.580000000000000000e+02 6.005018310546875000e+02
9.706319999999999482e+02 4.130000000000000000e+02 6.005019531250000000e+02
9.709679999999999609e+02 4.520000000000000000e+02 6.005065917968750000e+02
9.713039999999999736e+02 5.880000000000000000e+02 6.005030517578125000e+02
9.716399999999999864e+02 4.090000000000000000e+02 6.005031738281250000e+02
9.719759999999999991e+02 6.220000000000000000e+02 6.004992065429687500e+02
9.723120000000000118e+02 5.100000000000000000e+02 6.005059814453125000e+02
9.726480000000000246e+02 4.140000000000000000e+02 6.004965209960937500e+02
9.729840000000000373e+02 5.590000000000000000e+02 6.005000610351562500e+02
9.733200000000000500e+02 4.220000000000000000e+02 6.005062866210937500e+02
9.736559999999999491e+02 6.150000000000000000e+02 6.005121459960937500e+02
9.739919999999999618e+02 5.400000000000000000e+02 6.005054321289062500e+02
9.743279999999999745e+02 3.990000000000000000e+02 6.005134277343750000e+02
9.746639999999999873e+02 4.470000000000000000e+02 6.005045776367187500e+02
9.750000000000000000e+02 5.050000000000000000e+02 6.005075683593750000e+02
9.753360000000000127e+02 6.840000000000000000e+02 6.005027465820312500e+02
9.756779999999999973e+02 5.570000000000000000e+02 6.004998168945312500e+02
9.760140000000000100e+02 6.370000000000000000e+02 6.005000610351562500e+02
9.763500000000000227e+02 5.070000000000000000e+02 6.004974365234375000e+02
9.766860000000000355e+02 4.130000000000000000e+02 6.005068969726562500e+02
9.770220000000000482e+02 6.420000000000000000e+02 6.005038452148437500e+02
9.773579999999999472e+02 5.050000000000000000e+02 6.005016479492187500e+02
9.776939999999999600e+02 5.060000000000000000e+02 6.005040893554687500e+02
9.780299999999999727e+02 4.600000000000000000e+02 6.005023193359375000e+02
9.783659999999999854e+02 5.290000000000000000e+02 6.004992675781250000e+02
9.787019999999999982e+02 6.680000000000000000e+02 6.005025024414062500e+02
9.790380000000000109e+02 5.310000000000000000e+02 6.005099487304687500e+02
9.793740000000000236e+02 4.100000000000000000e+02 6.005066528320312500e+02
9.797100000000000364e+02 4.830000000000000000e+02 6.005122070312500000e+02
9.800460000000000491e+02 6.150000000000000000e+02 6.005051269531250000e+02
9.803819999999999482e+02 5.060000000000000000e+02 6.005042724609375000e+02
9.807240000000000464e+02 3.970000000000000000e+02 6.005051269531250000e+02
9.810599999999999454e+02 6.040000000000000000e+02 6.005054931640625000e+02
9.813959999999999582e+02 6.870000000000000000e+02 6.005016479492187500e+02
9.817319999999999709e+02 5.260000000000000000e+02 6.005068969726562500e+02
9.820679999999999836e+02 6.050000000000000000e+02 6.005026855468750000e+02
9.824039999999999964e+02 5.910000000000000000e+02 6.005068359375000000e+02
9.827400000000000091e+02 5.230000000000000000e+02 6.005009765625000000e+02
9.830760000000000218e+02 4.560000000000000000e+02 6.005072021484375000e+02
9.834120000000000346e+02 5.570000000000000000e+02 6.005064697265625000e+02
9.837480000000000473e+02 4.750000000000000000e+02 6.005117797851562500e+02
9.840839999999999463e+02 5.660000000000000000e+02 6.005003662109375000e+02
9.844199999999999591e+02 6.020000000000000000e+02 6.004998779296875000e+02
9.847559999999999718e+02 3.980000000000000000e+02 6.005104370117187500e+02
9.850919999999999845e+02 4.000000000000000000e+02 6.005026855468750000e+02
9.854279999999999973e+02 4.360000000000000000e+02 6.005031738281250000e+02
9.857640000000000100e+02 5.040000000000000000e+02 6.005003662109375000e+02
9.861059999999999945e+02 5.110000000000000000e+02 6.004998779296875000e+02
9.864420000000000073e+02 5.210000000000000000e+02 6.004993896484375000e+02
9.867780000000000200e+02 4.150000000000000000e+02 6.004986572265625000e+02
9.871140000000000327e+02 2.870000000000000000e+02 6.004986572265625000e+02
9.874500000000000455e+02 4.320000000000000000e+02 6.005006713867187500e+02
9.877859999999999445e+02 4.070000000000000000e+02 6.005044555664062500e+02
9.881219999999999573e+02 4.700000000000000000e+02 6.005030517578125000e+02
9.884579999999999700e+02 3.840000000000000000e+02 6.005109252929687500e+02
9.887939999999999827e+02 4.870000000000000000e+02 6.004948730468750000e+02
9.891299999999999955e+02 4.340000000000000000e+02 6.005007934570312500e+02
9.894660000000000082e+02 3.430000000000000000e+02 6.004967041015625000e+02
9.898020000000000209e+02 3.570000000000000000e+02 6.005081787109375000e+02
9.901380000000000337e+02 4.890000000000000000e+02 6.004998168945312500e+02
9.904740000000000464e+02 4.750000000000000000e+02 6.005021362304687500e+02
9.908099999999999454e+02 3.200000000000000000e+02 6.005033569335937500e+02
9.911520000000000437e+02 4.100000000000000000e+02 6.005009765625000000e+02
9.914880000000000564e+02 4.580000000000000000e+02 6.005075683593750000e+02
9.918179999999999836e+02 3.430000000000000000e+02 6.004963378906250000e+02
9.921599999999999682e+02 4.240000000000000000e+02 6.005075073242187500e+02
9.924959999999999809e+02 5.400000000000000000e+02 6.005035400390625000e+02
9.928319999999999936e+02 3.900000000000000000e+02 6.005081787109375000e+02
9.931680000000000064e+02 3.430000000000000000e+02 6.005048217773437500e+02
9.935040000000000191e+02 3.760000000000000000e+02 6.004951171875000000e+02
9.938400000000000318e+02 3.800000000000000000e+02 6.004950561523437500e+02
9.941760000000000446e+02 4.480000000000000000e+02 6.005054321289062500e+02
9.945119999999999436e+02 3.960000000000000000e+02 6.005081787109375000e+02
9.948479999999999563e+02 3.570000000000000000e+02 6.005020141601562500e+02
9.951839999999999691e+02 4.590000000000000000e+02 6.005001220703125000e+02
9.955199999999999818e+02 3.720000000000000000e+02 6.005095214843750000e+02
9.958619999999999663e+02 3.920000000000000000e+02 6.005052490234375000e+02
