2.749909999999999854e+02 2.250000000000000000e+02 9.342043457031250000e+02
2.753269999999999982e+02 2.810000000000000000e+02 9.342142333984375000e+02
2.756630000000000109e+02 5.310000000000000000e+02 9.342141113281250000e+02
2.760000000000000000e+02 5.960000000000000000e+02 9.342227172851562500e+02
2.763360000000000127e+02 6.750000000000000000e+02 9.342133178710937500e+02
2.766720000000000255e+02 6.470000000000000000e+02 9.342175903320312500e+02
2.770079999999999814e+02 6.330000000000000000e+02 9.342202758789062500e+02
2.773450000000000273e+02 5.980000000000000000e+02 9.342164916992187500e+02
2.776809999999999832e+02 6.650000000000000000e+02 9.342199707031250000e+02
2.780169999999999959e+02 5.560000000000000000e+02 9.342258911132812500e+02
2.783539999999999850e+02 4.970000000000000000e+02 9.342269897460937500e+02
2.786899999999999977e+02 7.620000000000000000e+02 9.342146606445312500e+02
2.790269999999999868e+02 5.130000000000000000e+02 9.342184448242187500e+02
2.793650000000000091e+02 4.340000000000000000e+02 9.342122192382812500e+02
2.797019999999999982e+02 3.680000000000000000e+02 9.342155761718750000e+02
2.800380000000000109e+02 2.960000000000000000e+02 9.342175292968750000e+02
2.803740000000000236e+02 3.940000000000000000e+02 9.342085571289062500e+02
2.807099999999999795e+02 3.230000000000000000e+02 9.342109985351562500e+02
2.810470000000000255e+02 1.950000000000000000e+02 9.342274169921875000e+02
2.813829999999999814e+02 2.640000000000000000e+02 9.342120971679687500e+02
2.817189999999999941e+02 1.610000000000000000e+02 9.342111816406250000e+02
2.820559999999999832e+02 1.250000000000000000e+02 9.342109985351562500e+02
