8.364180000000000064e+02 1.150000000000000000e+02 2.452249145507812500e+02
8.367540000000000191e+02 9.200000000000000000e+01 2.452283020019531250e+02
8.370900000000000318e+02 9.800000000000000000e+01 2.452212066650390625e+02
8.374260000000000446e+02 2.710000000000000000e+02 2.452251434326171875e+02
8.377619999999999436e+02 3.450000000000000000e+02 2.452217254638671875e+02
8.380979999999999563e+02 4.420000000000000000e+02 2.452242584228515625e+02
8.384339999999999691e+02 5.550000000000000000e+02 2.452229309082031250e+02
8.387699999999999818e+02 6.400000000000000000e+02 2.452248229980468750e+02
8.391059999999999945e+02 4.810000000000000000e+02 2.452245635986328125e+02
8.394420000000000073e+02 6.360000000000000000e+02 2.452247619628906250e+02
8.397780000000000200e+02 4.830000000000000000e+02 2.452261047363281250e+02
8.401140000000000327e+02 3.860000000000000000e+02 2.452202148437500000e+02
8.404500000000000455e+02 5.550000000000000000e+02 2.452216796875000000e+02
8.407920000000000300e+02 2.950000000000000000e+02 2.452248687744140625e+02
8.411219999999999573e+02 2.780000000000000000e+02 2.452210998535156250e+02
8.414640000000000555e+02 3.160000000000000000e+02 2.452202148437500000e+02
8.417999999999999545e+02 3.180000000000000000e+02 2.452193145751953125e+02
8.421359999999999673e+02 1.170000000000000000e+02 2.452196807861328125e+02
8.424719999999999800e+02 1.350000000000000000e+02 2.452217407226562500e+02
8.428079999999999927e+02 8.700000000000000000e+01 2.452220001220703125e+02
8.431440000000000055e+02 9.600000000000000000e+01 2.452191619873046875e+02
8.434800000000000182e+02 1.070000000000000000e+02 2.452195129394531250e+02
