1.199180000000000064e+02 4.800000000000000000e+01 1.300650634765625000e+02
1.202540000000000049e+02 5.000000000000000000e+01 1.300585021972656250e+02
1.205900000000000034e+02 1.000000000000000000e+02 1.300695037841796875e+02
1.209270000000000067e+02 1.010000000000000000e+02 1.300618896484375000e+02
1.212630000000000052e+02 2.480000000000000000e+02 1.300739440917968750e+02
1.215999999999999943e+02 2.560000000000000000e+02 1.300688476562500000e+02
1.219360000000000070e+02 3.040000000000000000e+02 1.300672302246093750e+02
1.222729999999999961e+02 3.650000000000000000e+02 1.300689544677734375e+02
1.226089999999999947e+02 3.860000000000000000e+02 1.300680084228515625e+02
1.229459999999999980e+02 2.840000000000000000e+02 1.300656280517578125e+02
1.232819999999999965e+02 5.610000000000000000e+02 1.300693054199218750e+02
1.236179999999999950e+02 5.600000000000000000e+02 1.300661010742187500e+02
1.239549999999999983e+02 3.480000000000000000e+02 1.300688781738281250e+02
1.242909999999999968e+02 4.500000000000000000e+02 1.300659637451171875e+02
1.246269999999999953e+02 4.520000000000000000e+02 1.300677185058593750e+02
1.249639999999999986e+02 5.060000000000000000e+02 1.300689239501953125e+02
1.252999999999999972e+02 5.490000000000000000e+02 1.300663909912109375e+02
1.256359999999999957e+02 2.020000000000000000e+02 1.300697174072265625e+02
1.259729999999999990e+02 3.940000000000000000e+02 1.300668487548828125e+02
1.263089999999999975e+02 3.150000000000000000e+02 1.300686492919921875e+02
1.266449999999999960e+02 4.470000000000000000e+02 1.300675964355468750e+02
1.269809999999999945e+02 6.330000000000000000e+02 1.300696716308593750e+02
1.273179999999999978e+02 3.880000000000000000e+02 1.300671691894531250e+02
1.276539999999999964e+02 4.580000000000000000e+02 1.300668029785156250e+02
1.279920000000000044e+02 5.450000000000000000e+02 1.300679168701171875e+02
1.283280000000000030e+02 4.220000000000000000e+02 1.300706329345703125e+02
1.286639999999999873e+02 3.820000000000000000e+02 1.300697021484375000e+02
1.290010000000000048e+02 4.340000000000000000e+02 1.300673217773437500e+02
1.293369999999999891e+02 5.220000000000000000e+02 1.300692138671875000e+02
1.296730000000000018e+02 3.830000000000000000e+02 1.300668182373046875e+02
1.300099999999999909e+02 4.520000000000000000e+02 1.300688171386718750e+02
1.303460000000000036e+02 4.660000000000000000e+02 1.300678558349609375e+02
1.306819999999999879e+02 4.500000000000000000e+02 1.300677185058593750e+02
1.310190000000000055e+02 2.670000000000000000e+02 1.300693511962890625e+02
1.313549999999999898e+02 3.260000000000000000e+02 1.300686950683593750e+02
1.316910000000000025e+02 4.570000000000000000e+02 1.300683746337890625e+02
1.320269999999999868e+02 3.840000000000000000e+02 1.300667724609375000e+02
1.323640000000000043e+02 2.410000000000000000e+02 1.300681610107421875e+02
1.326999999999999886e+02 4.900000000000000000e+02 1.300696563720703125e+02
1.330360000000000014e+02 3.590000000000000000e+02 1.300665893554687500e+02
1.333729999999999905e+02 2.630000000000000000e+02 1.300683288574218750e+02
1.337090000000000032e+02 5.350000000000000000e+02 1.300682067871093750e+02
1.340449999999999875e+02 2.830000000000000000e+02 1.300676116943359375e+02
1.343820000000000050e+02 4.720000000000000000e+02 1.300689697265625000e+02
1.347179999999999893e+02 3.230000000000000000e+02 1.300690765380859375e+02
1.350540000000000020e+02 3.640000000000000000e+02 1.300719604492187500e+02
1.353899999999999864e+02 3.510000000000000000e+02 1.300678405761718750e+02
1.357270000000000039e+02 4.180000000000000000e+02 1.300675964355468750e+02
1.360629999999999882e+02 4.500000000000000000e+02 1.300673370361328125e+02
1.363990000000000009e+02 2.010000000000000000e+02 1.300670776367187500e+02
1.367359999999999900e+02 2.870000000000000000e+02 1.300697174072265625e+02
1.370720000000000027e+02 2.740000000000000000e+02 1.300703277587890625e+02
1.374089999999999918e+02 4.460000000000000000e+02 1.300682678222656250e+02
1.377450000000000045e+02 2.170000000000000000e+02 1.300657196044921875e+02
1.380829999999999984e+02 3.770000000000000000e+02 1.300684509277343750e+02
1.384199999999999875e+02 2.940000000000000000e+02 1.300695343017578125e+02
1.387560000000000002e+02 2.690000000000000000e+02 1.300671386718750000e+02
1.390920000000000130e+02 3.270000000000000000e+02 1.300711822509765625e+02
1.394290000000000020e+02 2.670000000000000000e+02 1.300691070556640625e+02
1.397649999999999864e+02 2.750000000000000000e+02 1.300663909912109375e+02
1.401009999999999991e+02 2.700000000000000000e+02 1.300628662109375000e+02
1.404370000000000118e+02 1.370000000000000000e+02 1.300717620849609375e+02
1.407740000000000009e+02 2.590000000000000000e+02 1.300681457519531250e+02
1.411100000000000136e+02 1.740000000000000000e+02 1.300701751708984375e+02
1.414459999999999980e+02 3.530000000000000000e+02 1.300698547363281250e+02
