6.187799999999999727e+02 1.680000000000000000e+02 4.922637634277343750e+02
6.191159999999999854e+02 2.820000000000000000e+02 4.922680664062500000e+02
6.194519999999999982e+02 4.870000000000000000e+02 4.922671813964843750e+02
6.197880000000000109e+02 6.170000000000000000e+02 4.922673339843750000e+02
6.201299999999999955e+02 4.780000000000000000e+02 4.922734069824218750e+02
6.204600000000000364e+02 5.640000000000000000e+02 4.922792968750000000e+02
6.208020000000000209e+02 6.310000000000000000e+02 4.922656250000000000e+02
6.211380000000000337e+02 5.830000000000000000e+02 4.922715148925781250e+02
6.214740000000000464e+02 4.700000000000000000e+02 4.922736816406250000e+02
6.218099999999999454e+02 2.950000000000000000e+02 4.922768249511718750e+02
6.221459999999999582e+02 2.830000000000000000e+02 4.922732849121093750e+02
6.224819999999999709e+02 3.870000000000000000e+02 4.922766418457031250e+02
6.228179999999999836e+02 2.110000000000000000e+02 4.922703552246093750e+02
6.231539999999999964e+02 1.390000000000000000e+02 4.922728271484375000e+02
6.234900000000000091e+02 7.200000000000000000e+01 4.922692565917968750e+02
6.238260000000000218e+02 1.400000000000000000e+02 4.922800598144531250e+02
6.241620000000000346e+02 7.900000000000000000e+01 4.922770690917968750e+02
6.244980000000000473e+02 1.640000000000000000e+02 4.922736206054687500e+02
6.248400000000000318e+02 6.400000000000000000e+01 4.922611083984375000e+02
