3.059399999999999977e+02 7.300000000000000000e+01 2.601356506347656250e+02
3.062769999999999868e+02 1.710000000000000000e+02 2.601380004882812500e+02
3.066129999999999995e+02 1.610000000000000000e+02 2.601375122070312500e+02
3.069490000000000123e+02 1.690000000000000000e+02 2.601350097656250000e+02
3.072860000000000014e+02 2.160000000000000000e+02 2.601364440917968750e+02
3.076220000000000141e+02 4.100000000000000000e+02 2.601461791992187500e+02
3.079590000000000032e+02 6.170000000000000000e+02 2.601472473144531250e+02
3.082950000000000159e+02 5.630000000000000000e+02 2.601486511230468750e+02
3.086309999999999718e+02 4.620000000000000000e+02 2.601431579589843750e+02
3.089680000000000177e+02 4.740000000000000000e+02 2.601438598632812500e+02
3.093039999999999736e+02 5.100000000000000000e+02 2.601535949707031250e+02
3.096419999999999959e+02 4.820000000000000000e+02 2.601440124511718750e+02
3.099780000000000086e+02 2.650000000000000000e+02 2.601494750976562500e+02
3.103149999999999977e+02 5.230000000000000000e+02 2.601540527343750000e+02
3.106510000000000105e+02 4.860000000000000000e+02 2.601510314941406250e+02
3.109879999999999995e+02 1.700000000000000000e+02 2.601490478515625000e+02
3.113240000000000123e+02 1.710000000000000000e+02 2.601383972167968750e+02
3.116600000000000250e+02 1.980000000000000000e+02 2.601513977050781250e+02
3.119959999999999809e+02 2.220000000000000000e+02 2.601457214355468750e+02
3.123330000000000268e+02 1.620000000000000000e+02 2.601481933593750000e+02
3.126689999999999827e+02 2.210000000000000000e+02 2.601524963378906250e+02
3.130049999999999955e+02 1.030000000000000000e+02 2.601398925781250000e+02
3.133419999999999845e+02 1.030000000000000000e+02 2.601579284667968750e+02
3.136779999999999973e+02 1.150000000000000000e+02 2.601544494628906250e+02
