4.879209999999999923e+02 1.840000000000000000e+02 2.260830230712890625e+02
4.882570000000000050e+02 1.740000000000000000e+02 2.260886077880859375e+02
4.885939999999999941e+02 1.520000000000000000e+02 2.260855560302734375e+02
4.889300000000000068e+02 1.370000000000000000e+02 2.260791931152343750e+02
4.892660000000000196e+02 3.600000000000000000e+02 2.260836181640625000e+02
4.896019999999999754e+02 2.290000000000000000e+02 2.260860137939453125e+02
4.899390000000000214e+02 2.280000000000000000e+02 2.260897369384765625e+02
4.902749999999999773e+02 2.370000000000000000e+02 2.260841827392578125e+02
4.906109999999999900e+02 1.840000000000000000e+02 2.260900726318359375e+02
4.909479999999999791e+02 1.830000000000000000e+02 2.260850372314453125e+02
4.912850000000000250e+02 1.690000000000000000e+02 2.260908203125000000e+02
4.916220000000000141e+02 1.840000000000000000e+02 2.260774383544921875e+02
4.919580000000000268e+02 3.110000000000000000e+02 2.260845794677734375e+02
4.922939999999999827e+02 2.070000000000000000e+02 2.260862426757812500e+02
4.926309999999999718e+02 2.260000000000000000e+02 2.260855407714843750e+02
4.929669999999999845e+02 3.220000000000000000e+02 2.260851745605468750e+02
4.933029999999999973e+02 1.810000000000000000e+02 2.260785369873046875e+02
4.936399999999999864e+02 1.540000000000000000e+02 2.260738830566406250e+02
4.939759999999999991e+02 2.150000000000000000e+02 2.260804595947265625e+02
4.943120000000000118e+02 2.530000000000000000e+02 2.260841217041015625e+02
4.946480000000000246e+02 1.680000000000000000e+02 2.260894927978515625e+02
4.949850000000000136e+02 2.440000000000000000e+02 2.260859985351562500e+02
4.953210000000000264e+02 3.840000000000000000e+02 2.260789642333984375e+02
4.956569999999999823e+02 3.340000000000000000e+02 2.260848541259765625e+02
4.959940000000000282e+02 1.590000000000000000e+02 2.260897369384765625e+02
4.963299999999999841e+02 1.980000000000000000e+02 2.260861663818359375e+02
4.966659999999999968e+02 1.950000000000000000e+02 2.260902862548828125e+02
4.970029999999999859e+02 1.950000000000000000e+02 2.260795593261718750e+02
4.973389999999999986e+02 2.370000000000000000e+02 2.260850982666015625e+02
4.976750000000000114e+02 1.340000000000000000e+02 2.260912780761718750e+02
4.980120000000000005e+02 3.020000000000000000e+02 2.260817413330078125e+02
4.983480000000000132e+02 2.860000000000000000e+02 2.260835266113281250e+02
4.986850000000000023e+02 1.830000000000000000e+02 2.260802764892578125e+02
4.990210000000000150e+02 4.370000000000000000e+02 2.260884704589843750e+02
4.993580000000000041e+02 2.130000000000000000e+02 2.260937347412109375e+02
4.996940000000000168e+02 1.940000000000000000e+02 2.260798492431640625e+02
5.000310000000000059e+02 3.240000000000000000e+02 2.260814514160156250e+02
5.003670000000000186e+02 2.840000000000000000e+02 2.260794067382812500e+02
5.007029999999999745e+02 4.400000000000000000e+02 2.260827178955078125e+02
5.010389999999999873e+02 4.230000000000000000e+02 2.260831451416015625e+02
5.013770000000000095e+02 5.370000000000000000e+02 2.260841522216796875e+02
5.017139999999999986e+02 3.750000000000000000e+02 2.260783081054687500e+02
5.020500000000000114e+02 5.190000000000000000e+02 2.260848693847656250e+02
5.023860000000000241e+02 4.650000000000000000e+02 2.260809631347656250e+02
5.027230000000000132e+02 5.800000000000000000e+02 2.260825500488281250e+02
5.030590000000000259e+02 5.550000000000000000e+02 2.260810852050781250e+02
5.033949999999999818e+02 5.150000000000000000e+02 2.260830078125000000e+02
5.037309999999999945e+02 4.500000000000000000e+02 2.260827178955078125e+02
5.040679999999999836e+02 5.470000000000000000e+02 2.260843048095703125e+02
5.044039999999999964e+02 5.260000000000000000e+02 2.260833129882812500e+02
5.047400000000000091e+02 3.780000000000000000e+02 2.260816802978515625e+02
5.050769999999999982e+02 4.340000000000000000e+02 2.260811920166015625e+02
5.054130000000000109e+02 3.960000000000000000e+02 2.260830688476562500e+02
5.057490000000000236e+02 3.320000000000000000e+02 2.260866241455078125e+02
5.060860000000000127e+02 2.650000000000000000e+02 2.260865936279296875e+02
5.064220000000000255e+02 2.660000000000000000e+02 2.260869445800781250e+02
5.067579999999999814e+02 3.740000000000000000e+02 2.260876922607421875e+02
5.070939999999999941e+02 2.140000000000000000e+02 2.260896148681640625e+02
5.074309999999999832e+02 2.310000000000000000e+02 2.260897064208984375e+02
5.077669999999999959e+02 2.840000000000000000e+02 2.260874023437500000e+02
5.081030000000000086e+02 2.280000000000000000e+02 2.260829925537109375e+02
5.084399999999999977e+02 2.480000000000000000e+02 2.260846862792968750e+02
5.087760000000000105e+02 3.070000000000000000e+02 2.260882415771484375e+02
5.091120000000000232e+02 2.390000000000000000e+02 2.260835266113281250e+02
5.094490000000000123e+02 2.460000000000000000e+02 2.260807037353515625e+02
5.097850000000000250e+02 2.800000000000000000e+02 2.260887603759765625e+02
5.101209999999999809e+02 3.670000000000000000e+02 2.260855865478515625e+02
5.104580000000000268e+02 1.990000000000000000e+02 2.260842285156250000e+02
5.107939999999999827e+02 3.940000000000000000e+02 2.260881652832031250e+02
5.111299999999999955e+02 2.240000000000000000e+02 2.260834350585937500e+02
5.114680000000000177e+02 2.490000000000000000e+02 2.260830078125000000e+02
5.118039999999999736e+02 2.990000000000000000e+02 2.260842437744140625e+02
5.121409999999999627e+02 1.650000000000000000e+02 2.260874023437500000e+02
5.124769999999999754e+02 2.980000000000000000e+02 2.260823516845703125e+02
5.128129999999999882e+02 1.310000000000000000e+02 2.260930786132812500e+02
5.131490000000000009e+02 2.230000000000000000e+02 2.260899810791015625e+02
5.134859999999999900e+02 2.660000000000000000e+02 2.260814056396484375e+02
5.138220000000000027e+02 1.920000000000000000e+02 2.260792999267578125e+02
5.141580000000000155e+02 2.330000000000000000e+02 2.260769042968750000e+02
5.144950000000000045e+02 2.810000000000000000e+02 2.260814056396484375e+02
5.148310000000000173e+02 1.630000000000000000e+02 2.260965576171875000e+02
5.151680000000000064e+02 2.900000000000000000e+02 2.260887756347656250e+02
5.155040000000000191e+02 2.640000000000000000e+02 2.260896148681640625e+02
5.158400000000000318e+02 3.140000000000000000e+02 2.260874176025390625e+02
5.161770000000000209e+02 2.550000000000000000e+02 2.260820007324218750e+02
5.165130000000000337e+02 2.220000000000000000e+02 2.260825195312500000e+02
5.168490000000000464e+02 2.100000000000000000e+02 2.260874176025390625e+02
5.171860000000000355e+02 2.340000000000000000e+02 2.260928802490234375e+02
