2.773450000000000273e+02 1.760000000000000000e+02 3.780793457031250000e+02
2.776809999999999832e+02 2.250000000000000000e+02 3.780879211425781250e+02
2.780169999999999959e+02 2.740000000000000000e+02 3.780946350097656250e+02
2.783539999999999850e+02 2.120000000000000000e+02 3.780795898437500000e+02
2.786899999999999977e+02 1.820000000000000000e+02 3.780870971679687500e+02
2.790269999999999868e+02 2.440000000000000000e+02 3.780957031250000000e+02
2.793650000000000091e+02 2.230000000000000000e+02 3.781006774902343750e+02
2.797019999999999982e+02 1.750000000000000000e+02 3.780812988281250000e+02
2.800380000000000109e+02 2.500000000000000000e+02 3.780924987792968750e+02
2.803740000000000236e+02 3.120000000000000000e+02 3.781097412109375000e+02
2.807099999999999795e+02 2.170000000000000000e+02 3.781053771972656250e+02
2.810470000000000255e+02 5.050000000000000000e+02 3.780993652343750000e+02
2.813829999999999814e+02 5.120000000000000000e+02 3.780977172851562500e+02
2.817189999999999941e+02 5.190000000000000000e+02 3.780990295410156250e+02
2.820559999999999832e+02 5.770000000000000000e+02 3.780954895019531250e+02
2.823919999999999959e+02 5.330000000000000000e+02 3.780963134765625000e+02
2.827289999999999850e+02 3.660000000000000000e+02 3.781034545898437500e+02
2.830649999999999977e+02 4.390000000000000000e+02 3.780930175781250000e+02
2.834019999999999868e+02 2.270000000000000000e+02 3.781077880859375000e+02
2.837379999999999995e+02 2.810000000000000000e+02 3.780976867675781250e+02
2.840740000000000123e+02 2.370000000000000000e+02 3.780973205566406250e+02
