2.332800000000000011e+02 1.450000000000000000e+02 5.071425476074218750e+02
2.336169999999999902e+02 2.890000000000000000e+02 5.071489257812500000e+02
2.339530000000000030e+02 6.420000000000000000e+02 5.071415405273437500e+02
2.342889999999999873e+02 1.561000000000000000e+03 5.071470336914062500e+02
2.346260000000000048e+02 3.173000000000000000e+03 5.071427917480468750e+02
2.349619999999999891e+02 4.416000000000000000e+03 5.071434326171875000e+02
2.352980000000000018e+02 5.354000000000000000e+03 5.071432189941406250e+02
2.356339999999999861e+02 6.508000000000000000e+03 5.071441040039062500e+02
2.359710000000000036e+02 6.260000000000000000e+03 5.071443481445312500e+02
2.363069999999999879e+02 6.515000000000000000e+03 5.071419982910156250e+02
2.366430000000000007e+02 5.999000000000000000e+03 5.071412658691406250e+02
2.369799999999999898e+02 5.397000000000000000e+03 5.071401367187500000e+02
2.373160000000000025e+02 4.057000000000000000e+03 5.071416015625000000e+02
2.376519999999999868e+02 2.617000000000000000e+03 5.071432189941406250e+02
2.379890000000000043e+02 2.572000000000000000e+03 5.071417541503906250e+02
2.383249999999999886e+02 1.791000000000000000e+03 5.071412048339843750e+02
2.386610000000000014e+02 1.191000000000000000e+03 5.071416931152343750e+02
2.389989999999999952e+02 8.690000000000000000e+02 5.071423034667968750e+02
2.393350000000000080e+02 6.500000000000000000e+02 5.071419677734375000e+02
2.396719999999999970e+02 5.970000000000000000e+02 5.071468505859375000e+02
2.400080000000000098e+02 3.940000000000000000e+02 5.071523132324218750e+02
2.403439999999999941e+02 2.950000000000000000e+02 5.071462707519531250e+02
