1.471630000000000109e+02 8.330000000000000000e+02 4.620051879882812500e+02
1.475000000000000000e+02 1.084000000000000000e+03 4.620074462890625000e+02
1.478360000000000127e+02 1.019000000000000000e+03 4.620050354003906250e+02
1.481740000000000066e+02 7.810000000000000000e+02 4.620096740722656250e+02
1.485099999999999909e+02 8.610000000000000000e+02 4.620096740722656250e+02
1.488460000000000036e+02 8.380000000000000000e+02 4.620044860839843750e+02
1.491829999999999927e+02 8.000000000000000000e+02 4.620078430175781250e+02
1.495190000000000055e+02 7.180000000000000000e+02 4.620097045898437500e+02
1.498549999999999898e+02 9.480000000000000000e+02 4.620024414062500000e+02
1.501920000000000073e+02 5.860000000000000000e+02 4.620061950683593750e+02
1.505279999999999916e+02 8.960000000000000000e+02 4.620045776367187500e+02
1.508640000000000043e+02 8.470000000000000000e+02 4.620038452148437500e+02
1.512009999999999934e+02 7.730000000000000000e+02 4.620059814453125000e+02
1.515370000000000061e+02 7.520000000000000000e+02 4.620098571777343750e+02
1.518729999999999905e+02 7.500000000000000000e+02 4.620104064941406250e+02
1.522090000000000032e+02 6.190000000000000000e+02 4.620065002441406250e+02
1.525459999999999923e+02 8.030000000000000000e+02 4.620066528320312500e+02
1.528820000000000050e+02 7.060000000000000000e+02 4.620047302246093750e+02
1.532189999999999941e+02 8.700000000000000000e+02 4.620092773437500000e+02
1.535550000000000068e+02 6.300000000000000000e+02 4.620050048828125000e+02
1.538919999999999959e+02 7.520000000000000000e+02 4.620101928710937500e+02
1.542280000000000086e+02 7.700000000000000000e+02 4.620032348632812500e+02
1.545639999999999930e+02 6.560000000000000000e+02 4.620114746093750000e+02
1.549010000000000105e+02 6.710000000000000000e+02 4.620055847167968750e+02
1.552369999999999948e+02 6.600000000000000000e+02 4.620088500976562500e+02
1.555730000000000075e+02 5.370000000000000000e+02 4.620043640136718750e+02
1.559099999999999966e+02 6.590000000000000000e+02 4.620091552734375000e+02
1.562470000000000141e+02 8.270000000000000000e+02 4.620073547363281250e+02
1.565829999999999984e+02 5.720000000000000000e+02 4.620066528320312500e+02
1.569199999999999875e+02 6.890000000000000000e+02 4.620107116699218750e+02
1.572560000000000002e+02 6.800000000000000000e+02 4.620055236816406250e+02
1.575920000000000130e+02 9.070000000000000000e+02 4.620044250488281250e+02
1.579290000000000020e+02 4.660000000000000000e+02 4.620097045898437500e+02
1.582659999999999911e+02 6.460000000000000000e+02 4.620036010742187500e+02
1.586030000000000086e+02 5.780000000000000000e+02 4.620035095214843750e+02
1.589389999999999930e+02 7.320000000000000000e+02 4.620023193359375000e+02
1.592750000000000057e+02 6.800000000000000000e+02 4.620131225585937500e+02
1.596119999999999948e+02 6.610000000000000000e+02 4.620089111328125000e+02
1.599480000000000075e+02 3.950000000000000000e+02 4.620139770507812500e+02
1.602839999999999918e+02 6.030000000000000000e+02 4.620102844238281250e+02
1.606210000000000093e+02 6.050000000000000000e+02 4.620060729980468750e+02
1.609569999999999936e+02 8.370000000000000000e+02 4.620132751464843750e+02
1.612930000000000064e+02 5.360000000000000000e+02 4.620096435546875000e+02
1.616289999999999907e+02 5.670000000000000000e+02 4.620074462890625000e+02
1.619660000000000082e+02 5.710000000000000000e+02 4.620049438476562500e+02
1.623019999999999925e+02 4.370000000000000000e+02 4.620120544433593750e+02
1.626380000000000052e+02 4.380000000000000000e+02 4.620044250488281250e+02
1.629749999999999943e+02 4.850000000000000000e+02 4.620125732421875000e+02
1.633110000000000070e+02 2.670000000000000000e+02 4.620071411132812500e+02
1.636469999999999914e+02 3.450000000000000000e+02 4.620029296875000000e+02
1.639840000000000089e+02 3.400000000000000000e+02 4.620165405273437500e+02
1.643199999999999932e+02 3.150000000000000000e+02 4.619984130859375000e+02
1.646560000000000059e+02 3.830000000000000000e+02 4.620050048828125000e+02
1.649919999999999902e+02 3.880000000000000000e+02 4.620033874511718750e+02
1.653290000000000077e+02 1.940000000000000000e+02 4.620132751464843750e+02
1.656649999999999920e+02 3.570000000000000000e+02 4.620031127929687500e+02
1.660010000000000048e+02 3.030000000000000000e+02 4.620155029296875000e+02
1.663379999999999939e+02 3.130000000000000000e+02 4.620011291503906250e+02
1.666740000000000066e+02 1.130000000000000000e+02 4.620050964355468750e+02
1.670099999999999909e+02 2.150000000000000000e+02 4.620024719238281250e+02
1.673470000000000084e+02 2.320000000000000000e+02 4.620068054199218750e+02
1.676829999999999927e+02 1.950000000000000000e+02 4.620079650878906250e+02
1.680190000000000055e+02 2.780000000000000000e+02 4.620131835937500000e+02
1.683569999999999993e+02 2.050000000000000000e+02 4.620162963867187500e+02
1.686939999999999884e+02 2.700000000000000000e+02 4.620205078125000000e+02
1.690300000000000011e+02 1.870000000000000000e+02 4.620091247558593750e+02
1.693669999999999902e+02 2.780000000000000000e+02 4.620068054199218750e+02
1.697030000000000030e+02 2.970000000000000000e+02 4.620089111328125000e+02
1.700389999999999873e+02 2.810000000000000000e+02 4.620108337402343750e+02
1.703760000000000048e+02 3.160000000000000000e+02 4.620033874511718750e+02
1.707129999999999939e+02 2.550000000000000000e+02 4.620140075683593750e+02
1.710500000000000114e+02 2.840000000000000000e+02 4.619966430664062500e+02
1.713859999999999957e+02 1.590000000000000000e+02 4.620051269531250000e+02
1.717220000000000084e+02 3.450000000000000000e+02 4.620095520019531250e+02
1.720579999999999927e+02 2.630000000000000000e+02 4.620154724121093750e+02
1.723950000000000102e+02 2.160000000000000000e+02 4.620103149414062500e+02
1.727309999999999945e+02 3.360000000000000000e+02 4.620088195800781250e+02
1.730670000000000073e+02 3.910000000000000000e+02 4.620002746582031250e+02
1.734039999999999964e+02 2.150000000000000000e+02 4.620032043457031250e+02
1.737400000000000091e+02 2.040000000000000000e+02 4.620101013183593750e+02
1.740759999999999934e+02 3.350000000000000000e+02 4.620126342773437500e+02
1.744130000000000109e+02 2.920000000000000000e+02 4.620019836425781250e+02
1.747489999999999952e+02 2.200000000000000000e+02 4.620021972656250000e+02
1.750850000000000080e+02 1.890000000000000000e+02 4.620034790039062500e+02
1.754209999999999923e+02 2.960000000000000000e+02 4.620156250000000000e+02
