1.821490000000000009e+02 1.910000000000000000e+02 3.621448669433593750e+02
1.824850000000000136e+02 1.580000000000000000e+02 3.621421508789062500e+02
1.828220000000000027e+02 3.510000000000000000e+02 3.621443176269531250e+02
1.831579999999999870e+02 2.920000000000000000e+02 3.621471557617187500e+02
1.834939999999999998e+02 4.370000000000000000e+02 3.621440124511718750e+02
1.838309999999999889e+02 4.870000000000000000e+02 3.621428833007812500e+02
1.841670000000000016e+02 4.980000000000000000e+02 3.621424560546875000e+02
1.845029999999999859e+02 5.600000000000000000e+02 3.621466064453125000e+02
1.848400000000000034e+02 5.620000000000000000e+02 3.621436767578125000e+02
1.851759999999999877e+02 3.660000000000000000e+02 3.621481628417968750e+02
1.855130000000000052e+02 3.050000000000000000e+02 3.621500549316406250e+02
1.858489999999999895e+02 3.340000000000000000e+02 3.621431579589843750e+02
1.861850000000000023e+02 1.330000000000000000e+02 3.621459350585937500e+02
1.865219999999999914e+02 1.850000000000000000e+02 3.621287841796875000e+02
