4.563020000000000209e+02 5.500000000000000000e+01 2.681892395019531250e+02
4.566379999999999768e+02 6.100000000000000000e+01 2.681798400878906250e+02
4.569750000000000227e+02 9.500000000000000000e+01 2.681936645507812500e+02
4.573109999999999786e+02 2.330000000000000000e+02 2.681959838867187500e+02
4.576469999999999914e+02 2.420000000000000000e+02 2.681902465820312500e+02
4.579839999999999804e+02 2.200000000000000000e+02 2.681802978515625000e+02
4.583199999999999932e+02 3.560000000000000000e+02 2.681868286132812500e+02
4.586560000000000059e+02 5.100000000000000000e+02 2.681844787597656250e+02
4.589929999999999950e+02 5.600000000000000000e+02 2.681878967285156250e+02
4.593290000000000077e+02 3.940000000000000000e+02 2.681857604980468750e+02
4.596650000000000205e+02 3.600000000000000000e+02 2.681856384277343750e+02
4.600020000000000095e+02 2.600000000000000000e+02 2.681886901855468750e+02
4.603380000000000223e+02 3.050000000000000000e+02 2.681828002929687500e+02
4.606739999999999782e+02 2.330000000000000000e+02 2.681845092773437500e+02
