6.912120000000000175e+01 1.590000000000000000e+02 2.230559997558593750e+02
6.945720000000000027e+01 7.700000000000000000e+01 2.230685729980468750e+02
6.979380000000000450e+01 1.810000000000000000e+02 2.230611114501953125e+02
7.013100000000000023e+01 1.650000000000000000e+02 2.230454101562500000e+02
7.046699999999999875e+01 1.630000000000000000e+02 2.230443572998046875e+02
7.080299999999999727e+01 1.830000000000000000e+02 2.230473937988281250e+02
7.114019999999999300e+01 1.390000000000000000e+02 2.230584259033203125e+02
7.147620000000000573e+01 1.530000000000000000e+02 2.230546417236328125e+02
7.181220000000000425e+01 3.000000000000000000e+02 2.230539550781250000e+02
7.214820000000000277e+01 3.500000000000000000e+02 2.230505676269531250e+02
7.248480000000000700e+01 2.250000000000000000e+02 2.230527191162109375e+02
7.282080000000000553e+01 3.420000000000000000e+02 2.230535278320312500e+02
7.315680000000000405e+01 2.930000000000000000e+02 2.230604858398437500e+02
7.349399999999999977e+01 4.390000000000000000e+02 2.230538635253906250e+02
7.382999999999999829e+01 4.250000000000000000e+02 2.230543518066406250e+02
7.416599999999999682e+01 4.940000000000000000e+02 2.230569000244140625e+02
7.450320000000000675e+01 3.140000000000000000e+02 2.230544281005859375e+02
7.483920000000000528e+01 3.650000000000000000e+02 2.230527648925781250e+02
7.517579999999999529e+01 2.780000000000000000e+02 2.230524749755859375e+02
7.551179999999999382e+01 3.670000000000000000e+02 2.230524597167968750e+02
7.584780000000000655e+01 4.650000000000000000e+02 2.230547332763671875e+02
7.618500000000000227e+01 2.600000000000000000e+02 2.230509338378906250e+02
7.652100000000000080e+01 4.580000000000000000e+02 2.230506286621093750e+02
7.685699999999999932e+01 3.680000000000000000e+02 2.230492401123046875e+02
7.719419999999999504e+01 3.830000000000000000e+02 2.230539093017578125e+02
7.753079999999999927e+01 3.290000000000000000e+02 2.230546417236328125e+02
7.786799999999999500e+01 3.840000000000000000e+02 2.230501403808593750e+02
7.820399999999999352e+01 3.970000000000000000e+02 2.230571289062500000e+02
7.854000000000000625e+01 3.610000000000000000e+02 2.230538635253906250e+02
7.887720000000000198e+01 3.600000000000000000e+02 2.230552062988281250e+02
7.921320000000000050e+01 5.370000000000000000e+02 2.230516357421875000e+02
7.954919999999999902e+01 3.880000000000000000e+02 2.230465698242187500e+02
7.988580000000000325e+01 2.930000000000000000e+02 2.230450744628906250e+02
8.022180000000000177e+01 4.030000000000000000e+02 2.230490570068359375e+02
8.055780000000000030e+01 2.980000000000000000e+02 2.230543060302734375e+02
8.089379999999999882e+01 3.140000000000000000e+02 2.230524444580078125e+02
8.123099999999999454e+01 4.070000000000000000e+02 2.230546569824218750e+02
8.156699999999999307e+01 2.500000000000000000e+02 2.230536193847656250e+02
8.190300000000000580e+01 3.280000000000000000e+02 2.230530242919921875e+02
8.224020000000000152e+01 3.650000000000000000e+02 2.230561828613281250e+02
8.257620000000000005e+01 4.480000000000000000e+02 2.230503997802734375e+02
8.291219999999999857e+01 3.280000000000000000e+02 2.230465850830078125e+02
8.324880000000000280e+01 4.360000000000000000e+02 2.230548706054687500e+02
8.358480000000000132e+01 3.500000000000000000e+02 2.230545959472656250e+02
8.392079999999999984e+01 2.550000000000000000e+02 2.230526428222656250e+02
8.425679999999999836e+01 2.870000000000000000e+02 2.230481109619140625e+02
8.459399999999999409e+01 3.140000000000000000e+02 2.230522460937500000e+02
8.493000000000000682e+01 3.610000000000000000e+02 2.230480804443359375e+02
8.526600000000000534e+01 2.250000000000000000e+02 2.230498046875000000e+02
8.560320000000000107e+01 2.420000000000000000e+02 2.230573883056640625e+02
8.593919999999999959e+01 2.860000000000000000e+02 2.230459747314453125e+02
8.627519999999999811e+01 2.520000000000000000e+02 2.230499114990234375e+02
8.661180000000000234e+01 3.060000000000000000e+02 2.230541534423828125e+02
8.694780000000000086e+01 2.310000000000000000e+02 2.230457305908203125e+02
8.728379999999999939e+01 1.560000000000000000e+02 2.230563964843750000e+02
8.762220000000000653e+01 1.740000000000000000e+02 2.230400848388671875e+02
8.795820000000000505e+01 1.500000000000000000e+02 2.230539855957031250e+02
