7.903319999999999936e+02 4.700000000000000000e+01 3.902964172363281250e+02
7.906680000000000064e+02 5.900000000000000000e+01 3.902868652343750000e+02
7.910040000000000191e+02 8.400000000000000000e+01 3.903117065429687500e+02
7.913400000000000318e+02 6.700000000000000000e+01 3.903063659667968750e+02
7.916760000000000446e+02 5.300000000000000000e+01 3.902742919921875000e+02
7.920119999999999436e+02 1.770000000000000000e+02 3.903033142089843750e+02
7.923479999999999563e+02 1.740000000000000000e+02 3.902924194335937500e+02
7.926839999999999691e+02 9.600000000000000000e+01 3.902965393066406250e+02
7.930259999999999536e+02 2.320000000000000000e+02 3.903056640625000000e+02
7.933619999999999663e+02 1.790000000000000000e+02 3.903021850585937500e+02
7.936979999999999791e+02 2.790000000000000000e+02 3.902987060546875000e+02
7.940339999999999918e+02 2.320000000000000000e+02 3.902956542968750000e+02
7.943700000000000045e+02 3.020000000000000000e+02 3.903015747070312500e+02
7.947060000000000173e+02 3.960000000000000000e+02 3.903014221191406250e+02
7.950420000000000300e+02 3.970000000000000000e+02 3.902994384765625000e+02
7.953780000000000427e+02 4.700000000000000000e+02 3.902968139648437500e+02
7.957140000000000555e+02 5.180000000000000000e+02 3.902956848144531250e+02
7.960499999999999545e+02 4.460000000000000000e+02 3.902979125976562500e+02
7.963859999999999673e+02 4.720000000000000000e+02 3.902998962402343750e+02
7.967219999999999800e+02 3.470000000000000000e+02 3.902935485839843750e+02
7.970579999999999927e+02 4.450000000000000000e+02 3.902923889160156250e+02
7.973940000000000055e+02 4.230000000000000000e+02 3.902993774414062500e+02
7.977359999999999900e+02 5.100000000000000000e+02 3.902982788085937500e+02
7.980720000000000027e+02 4.060000000000000000e+02 3.902961425781250000e+02
7.984080000000000155e+02 3.830000000000000000e+02 3.902961730957031250e+02
7.987440000000000282e+02 5.190000000000000000e+02 3.902944946289062500e+02
7.990800000000000409e+02 3.440000000000000000e+02 3.902944335937500000e+02
7.994160000000000537e+02 2.930000000000000000e+02 3.902949218750000000e+02
7.997519999999999527e+02 3.270000000000000000e+02 3.902947387695312500e+02
8.000879999999999654e+02 2.150000000000000000e+02 3.902966613769531250e+02
8.004239999999999782e+02 2.170000000000000000e+02 3.903025512695312500e+02
8.007599999999999909e+02 1.850000000000000000e+02 3.902906188964843750e+02
8.010960000000000036e+02 1.590000000000000000e+02 3.902924499511718750e+02
8.014320000000000164e+02 1.460000000000000000e+02 3.902938537597656250e+02
8.017680000000000291e+02 1.270000000000000000e+02 3.902966003417968750e+02
8.021040000000000418e+02 9.700000000000000000e+01 3.903127136230468750e+02
8.024400000000000546e+02 1.670000000000000000e+02 3.902986145019531250e+02
8.027759999999999536e+02 8.500000000000000000e+01 3.902891235351562500e+02
8.031119999999999663e+02 5.600000000000000000e+01 3.902946472167968750e+02
8.034479999999999791e+02 9.300000000000000000e+01 3.902900695800781250e+02
