3.267959999999999923e+02 1.020000000000000000e+02 3.320475463867187500e+02
3.271329999999999814e+02 1.680000000000000000e+02 3.320523071289062500e+02
3.274689999999999941e+02 2.450000000000000000e+02 3.320529785156250000e+02
3.278050000000000068e+02 3.150000000000000000e+02 3.320497436523437500e+02
3.281419999999999959e+02 3.700000000000000000e+02 3.320564880371093750e+02
3.284780000000000086e+02 5.040000000000000000e+02 3.320538330078125000e+02
3.288140000000000214e+02 4.390000000000000000e+02 3.320482482910156250e+02
3.291499999999999773e+02 3.430000000000000000e+02 3.320542297363281250e+02
3.294870000000000232e+02 4.160000000000000000e+02 3.320546264648437500e+02
3.298249999999999886e+02 2.680000000000000000e+02 3.320590209960937500e+02
3.301610000000000014e+02 3.230000000000000000e+02 3.320549011230468750e+02
3.304970000000000141e+02 3.870000000000000000e+02 3.320489196777343750e+02
3.308340000000000032e+02 3.370000000000000000e+02 3.320538940429687500e+02
3.311700000000000159e+02 1.960000000000000000e+02 3.320681762695312500e+02
3.315059999999999718e+02 1.920000000000000000e+02 3.320611877441406250e+02
