8.377619999999999436e+02 4.000000000000000000e+01 6.173886108398437500e+02
8.380979999999999563e+02 8.900000000000000000e+01 6.173862304687500000e+02
8.384339999999999691e+02 9.700000000000000000e+01 6.173941650390625000e+02
8.387699999999999818e+02 1.770000000000000000e+02 6.173877563476562500e+02
8.391059999999999945e+02 3.060000000000000000e+02 6.173783569335937500e+02
8.394420000000000073e+02 3.840000000000000000e+02 6.173835449218750000e+02
8.397780000000000200e+02 4.210000000000000000e+02 6.173818359375000000e+02
8.401140000000000327e+02 4.710000000000000000e+02 6.173893432617187500e+02
8.404500000000000455e+02 3.250000000000000000e+02 6.173835449218750000e+02
8.407920000000000300e+02 4.980000000000000000e+02 6.173888549804687500e+02
8.411219999999999573e+02 4.110000000000000000e+02 6.173876342773437500e+02
8.414640000000000555e+02 3.800000000000000000e+02 6.173878784179687500e+02
8.417999999999999545e+02 3.070000000000000000e+02 6.173842163085937500e+02
8.421359999999999673e+02 2.850000000000000000e+02 6.173875122070312500e+02
8.424719999999999800e+02 1.350000000000000000e+02 6.173980712890625000e+02
8.428079999999999927e+02 1.180000000000000000e+02 6.173967285156250000e+02
8.431440000000000055e+02 1.590000000000000000e+02 6.173854980468750000e+02
8.434800000000000182e+02 1.030000000000000000e+02 6.173921508789062500e+02
8.438160000000000309e+02 4.800000000000000000e+01 6.174014282226562500e+02
8.441520000000000437e+02 3.100000000000000000e+01 6.174046020507812500e+02
