3.338600000000000136e+02 2.600000000000000000e+01 1.450563354492187500e+02
3.341970000000000027e+02 4.000000000000000000e+01 1.450654907226562500e+02
3.345330000000000155e+02 9.000000000000000000e+01 1.450601196289062500e+02
3.348690000000000282e+02 2.240000000000000000e+02 1.450508575439453125e+02
3.352060000000000173e+02 1.830000000000000000e+02 1.450541687011718750e+02
3.355419999999999732e+02 3.680000000000000000e+02 1.450520172119140625e+02
3.358779999999999859e+02 2.760000000000000000e+02 1.450497589111328125e+02
3.362139999999999986e+02 3.550000000000000000e+02 1.450507812500000000e+02
3.365509999999999877e+02 2.610000000000000000e+02 1.450532989501953125e+02
3.368870000000000005e+02 4.330000000000000000e+02 1.450496215820312500e+02
3.372230000000000132e+02 2.850000000000000000e+02 1.450540924072265625e+02
3.375600000000000023e+02 2.490000000000000000e+02 1.450536346435546875e+02
3.378960000000000150e+02 2.710000000000000000e+02 1.450511016845703125e+02
3.382320000000000277e+02 2.340000000000000000e+02 1.450525665283203125e+02
3.385679999999999836e+02 3.950000000000000000e+02 1.450514831542968750e+02
3.389049999999999727e+02 4.940000000000000000e+02 1.450500488281250000e+02
3.392409999999999854e+02 3.760000000000000000e+02 1.450554962158203125e+02
3.395769999999999982e+02 3.620000000000000000e+02 1.450496063232421875e+02
3.399150000000000205e+02 2.750000000000000000e+02 1.450495300292968750e+02
3.402520000000000095e+02 1.470000000000000000e+02 1.450585327148437500e+02
3.405880000000000223e+02 1.230000000000000000e+02 1.450538482666015625e+02
3.409239999999999782e+02 2.650000000000000000e+02 1.450513610839843750e+02
3.412599999999999909e+02 1.230000000000000000e+02 1.450525512695312500e+02
3.415969999999999800e+02 1.780000000000000000e+02 1.450505371093750000e+02
3.419340000000000259e+02 2.170000000000000000e+02 1.450531616210937500e+02
3.422699999999999818e+02 1.710000000000000000e+02 1.450584411621093750e+02
3.426070000000000277e+02 1.260000000000000000e+02 1.450525665283203125e+02
3.429429999999999836e+02 1.880000000000000000e+02 1.450505828857421875e+02
3.432789999999999964e+02 1.820000000000000000e+02 1.450520019531250000e+02
3.436159999999999854e+02 1.280000000000000000e+02 1.450564117431640625e+02
3.439519999999999982e+02 9.900000000000000000e+01 1.450484619140625000e+02
