3.254499999999999886e+02 2.130000000000000000e+02 7.443227539062500000e+02
3.257869999999999777e+02 2.230000000000000000e+02 7.443286743164062500e+02
3.261229999999999905e+02 2.360000000000000000e+02 7.443298950195312500e+02
3.264599999999999795e+02 4.430000000000000000e+02 7.443207397460937500e+02
3.267959999999999923e+02 3.480000000000000000e+02 7.443192749023437500e+02
3.271329999999999814e+02 4.930000000000000000e+02 7.443267822265625000e+02
3.274689999999999941e+02 4.580000000000000000e+02 7.443257446289062500e+02
3.278050000000000068e+02 4.560000000000000000e+02 7.443186645507812500e+02
3.281419999999999959e+02 4.590000000000000000e+02 7.443186645507812500e+02
3.284780000000000086e+02 4.600000000000000000e+02 7.443115234375000000e+02
