7.486200000000000045e+02 1.340000000000000000e+02 3.231298217773437500e+02
7.489619999999999891e+02 2.670000000000000000e+02 3.231244506835937500e+02
7.492920000000000300e+02 1.680000000000000000e+02 3.231207275390625000e+02
7.496340000000000146e+02 3.730000000000000000e+02 3.231272583007812500e+02
7.499700000000000273e+02 3.820000000000000000e+02 3.231192932128906250e+02
7.503060000000000400e+02 2.930000000000000000e+02 3.231177673339843750e+02
7.506420000000000528e+02 4.420000000000000000e+02 3.231173706054687500e+02
7.509779999999999518e+02 4.850000000000000000e+02 3.231167297363281250e+02
7.513139999999999645e+02 4.700000000000000000e+02 3.231144714355468750e+02
7.516499999999999773e+02 2.490000000000000000e+02 3.231308593750000000e+02
7.519859999999999900e+02 4.270000000000000000e+02 3.231231384277343750e+02
7.523220000000000027e+02 4.700000000000000000e+02 3.231167297363281250e+02
7.526580000000000155e+02 3.490000000000000000e+02 3.231246643066406250e+02
7.529940000000000282e+02 1.730000000000000000e+02 3.231193237304687500e+02
7.533300000000000409e+02 2.460000000000000000e+02 3.231178283691406250e+02
7.536720000000000255e+02 1.620000000000000000e+02 3.231213378906250000e+02
7.540019999999999527e+02 1.880000000000000000e+02 3.231239624023437500e+02
