1.626380000000000052e+02 1.870000000000000000e+02 4.531379394531250000e+02
1.629749999999999943e+02 1.940000000000000000e+02 4.531459655761718750e+02
1.633110000000000070e+02 3.730000000000000000e+02 4.531440124511718750e+02
1.636469999999999914e+02 2.960000000000000000e+02 4.531295166015625000e+02
1.639840000000000089e+02 1.860000000000000000e+02 4.531376647949218750e+02
1.643199999999999932e+02 4.680000000000000000e+02 4.531356506347656250e+02
1.646560000000000059e+02 3.120000000000000000e+02 4.531389770507812500e+02
1.649919999999999902e+02 3.350000000000000000e+02 4.531389770507812500e+02
1.653290000000000077e+02 2.460000000000000000e+02 4.531415710449218750e+02
1.656649999999999920e+02 2.680000000000000000e+02 4.531282653808593750e+02
1.660010000000000048e+02 1.830000000000000000e+02 4.531282958984375000e+02
1.663379999999999939e+02 1.590000000000000000e+02 4.531355285644531250e+02
1.666740000000000066e+02 1.110000000000000000e+02 4.531306152343750000e+02
1.670099999999999909e+02 1.510000000000000000e+02 4.531246032714843750e+02
1.673470000000000084e+02 1.470000000000000000e+02 4.531289672851562500e+02
1.676829999999999927e+02 1.810000000000000000e+02 4.531297607421875000e+02
