1.047780000000000058e+02 1.460000000000000000e+02 3.291772460937500000e+02
1.051140000000000043e+02 1.570000000000000000e+02 3.291723022460937500e+02
1.054509999999999934e+02 1.490000000000000000e+02 3.291766662597656250e+02
1.057870000000000061e+02 1.320000000000000000e+02 3.291792297363281250e+02
1.061239999999999952e+02 1.250000000000000000e+02 3.291851196289062500e+02
1.064599999999999937e+02 1.890000000000000000e+02 3.291829528808593750e+02
1.067969999999999970e+02 3.400000000000000000e+02 3.291757202148437500e+02
1.071329999999999956e+02 1.640000000000000000e+02 3.291890258789062500e+02
1.074689999999999941e+02 2.100000000000000000e+02 3.291835327148437500e+02
1.078070000000000022e+02 2.380000000000000000e+02 3.291774902343750000e+02
1.081430000000000007e+02 2.230000000000000000e+02 3.291736755371093750e+02
1.084800000000000040e+02 2.220000000000000000e+02 3.291773986816406250e+02
1.088160000000000025e+02 2.600000000000000000e+02 3.291760559082031250e+02
1.091520000000000010e+02 1.620000000000000000e+02 3.291726074218750000e+02
1.094890000000000043e+02 2.210000000000000000e+02 3.291769409179687500e+02
1.098250000000000028e+02 2.060000000000000000e+02 3.291779479980468750e+02
1.101610000000000014e+02 3.250000000000000000e+02 3.291812744140625000e+02
1.104969999999999999e+02 2.990000000000000000e+02 3.291767883300781250e+02
1.108340000000000032e+02 4.500000000000000000e+02 3.291741943359375000e+02
1.111700000000000017e+02 3.490000000000000000e+02 3.291806335449218750e+02
1.115060000000000002e+02 2.130000000000000000e+02 3.291708068847656250e+02
