7.661159999999999854e+02 1.420000000000000000e+02 3.412972412109375000e+02
7.664519999999999982e+02 1.820000000000000000e+02 3.413003845214843750e+02
7.667880000000000109e+02 2.630000000000000000e+02 3.412997436523437500e+02
7.671240000000000236e+02 4.460000000000000000e+02 3.413099975585937500e+02
7.674600000000000364e+02 2.480000000000000000e+02 3.413063659667968750e+02
7.677960000000000491e+02 2.740000000000000000e+02 3.413081970214843750e+02
7.681319999999999482e+02 2.610000000000000000e+02 3.413001098632812500e+02
7.684679999999999609e+02 2.290000000000000000e+02 3.412969360351562500e+02
7.688039999999999736e+02 3.170000000000000000e+02 3.413068847656250000e+02
7.691399999999999864e+02 1.870000000000000000e+02 3.412944946289062500e+02
7.694759999999999991e+02 2.850000000000000000e+02 3.413016052246093750e+02
7.698120000000000118e+02 2.250000000000000000e+02 3.413019409179687500e+02
7.701539999999999964e+02 1.680000000000000000e+02 3.413022155761718750e+02
7.704900000000000091e+02 2.080000000000000000e+02 3.412944030761718750e+02
