3.574060000000000059e+02 1.300000000000000000e+02 5.912907714843750000e+02
3.577429999999999950e+02 3.480000000000000000e+02 5.912808227539062500e+02
3.580790000000000077e+02 4.170000000000000000e+02 5.912729492187500000e+02
3.584150000000000205e+02 4.300000000000000000e+02 5.912826538085937500e+02
3.587520000000000095e+02 3.080000000000000000e+02 5.912806396484375000e+02
3.590880000000000223e+02 4.060000000000000000e+02 5.912756958007812500e+02
3.594239999999999782e+02 3.530000000000000000e+02 5.912741088867187500e+02
3.597610000000000241e+02 2.270000000000000000e+02 5.912871704101562500e+02
3.600980000000000132e+02 2.250000000000000000e+02 5.912885742187500000e+02
3.604350000000000023e+02 2.320000000000000000e+02 5.912868652343750000e+02
3.607710000000000150e+02 1.930000000000000000e+02 5.912897338867187500e+02
3.611070000000000277e+02 1.870000000000000000e+02 5.912672119140625000e+02
