3.211999999999999744e+01 6.097000000000000000e+03 7.051880493164062500e+02
3.245600000000000307e+01 5.645000000000000000e+03 7.051878051757812500e+02
3.279200000000000159e+01 5.811000000000000000e+03 7.051876220703125000e+02
3.312899999999999778e+01 4.651000000000000000e+03 7.051841430664062500e+02
3.346500000000000341e+01 4.939000000000000000e+03 7.051870727539062500e+02
3.380100000000000193e+01 4.364000000000000000e+03 7.051878662109375000e+02
3.413799999999999812e+01 4.283000000000000000e+03 7.051896362304687500e+02
3.447399999999999665e+01 4.338000000000000000e+03 7.051879882812500000e+02
3.481000000000000227e+01 3.932000000000000000e+03 7.051904296875000000e+02
3.514699999999999847e+01 3.488000000000000000e+03 7.051940917968750000e+02
3.548299999999999699e+01 3.310000000000000000e+03 7.051889038085937500e+02
3.581900000000000261e+01 3.027000000000000000e+03 7.051845092773437500e+02
3.615500000000000114e+01 2.914000000000000000e+03 7.051877441406250000e+02
3.649199999999999733e+01 2.685000000000000000e+03 7.051880493164062500e+02
3.682800000000000296e+01 2.306000000000000000e+03 7.051849975585937500e+02
3.716599999999999682e+01 1.940000000000000000e+03 7.051844482421875000e+02
3.750200000000000244e+01 1.647000000000000000e+03 7.051925659179687500e+02
3.783800000000000097e+01 1.615000000000000000e+03 7.051899414062500000e+02
3.817499999999999716e+01 1.334000000000000000e+03 7.051923828125000000e+02
3.851100000000000279e+01 1.509000000000000000e+03 7.051849365234375000e+02
3.884700000000000131e+01 1.451000000000000000e+03 7.051813964843750000e+02
3.918399999999999750e+01 1.103000000000000000e+03 7.051859130859375000e+02
3.952000000000000313e+01 9.850000000000000000e+02 7.051900024414062500e+02
3.985600000000000165e+01 1.338000000000000000e+03 7.051860961914062500e+02
4.019299999999999784e+01 1.020000000000000000e+03 7.051851806640625000e+02
4.052900000000000347e+01 9.740000000000000000e+02 7.051873168945312500e+02
4.086500000000000199e+01 8.760000000000000000e+02 7.051876831054687500e+02
4.120100000000000051e+01 9.680000000000000000e+02 7.051809692382812500e+02
4.153799999999999670e+01 7.530000000000000000e+02 7.051867675781250000e+02
4.187400000000000233e+01 8.280000000000000000e+02 7.051836547851562500e+02
4.221000000000000085e+01 5.200000000000000000e+02 7.051837768554687500e+02
4.254699999999999704e+01 6.090000000000000000e+02 7.051868896484375000e+02
4.288300000000000267e+01 3.940000000000000000e+02 7.051931152343750000e+02
4.321999999999999886e+01 3.130000000000000000e+02 7.051882324218750000e+02
4.355599999999999739e+01 3.310000000000000000e+02 7.051774902343750000e+02
4.389300000000000068e+01 2.300000000000000000e+02 7.051911010742187500e+02
4.422899999999999920e+01 2.920000000000000000e+02 7.051744995117187500e+02
4.456499999999999773e+01 2.990000000000000000e+02 7.051899414062500000e+02
4.490200000000000102e+01 1.560000000000000000e+02 7.051969604492187500e+02
4.523799999999999955e+01 2.440000000000000000e+02 7.051722412109375000e+02
4.557399999999999807e+01 1.800000000000000000e+02 7.051960449218750000e+02
4.591100000000000136e+01 3.030000000000000000e+02 7.051846313476562500e+02
4.624699999999999989e+01 2.670000000000000000e+02 7.051854858398437500e+02
4.658299999999999841e+01 2.300000000000000000e+02 7.051803588867187500e+02
4.692000000000000171e+01 4.140000000000000000e+02 7.051817016601562500e+02
4.725699999999999790e+01 3.190000000000000000e+02 7.051878051757812500e+02
4.759400000000000119e+01 3.340000000000000000e+02 7.051776733398437500e+02
4.792999999999999972e+01 2.620000000000000000e+02 7.051812133789062500e+02
4.826599999999999824e+01 2.360000000000000000e+02 7.051878051757812500e+02
4.860199999999999676e+01 3.650000000000000000e+02 7.051887817382812500e+02
4.893900000000000006e+01 2.380000000000000000e+02 7.051701660156250000e+02
4.927499999999999858e+01 2.200000000000000000e+02 7.051861572265625000e+02
4.961099999999999710e+01 1.710000000000000000e+02 7.051921386718750000e+02
4.994800000000000040e+01 2.270000000000000000e+02 7.051761474609375000e+02
5.028399999999999892e+01 2.620000000000000000e+02 7.051940917968750000e+02
5.061999999999999744e+01 2.950000000000000000e+02 7.051865234375000000e+02
5.095700000000000074e+01 2.560000000000000000e+02 7.051889038085937500e+02
5.129299999999999926e+01 2.160000000000000000e+02 7.051740112304687500e+02
5.162899999999999778e+01 3.210000000000000000e+02 7.051862792968750000e+02
5.196600000000000108e+01 3.670000000000000000e+02 7.051885986328125000e+02
5.230199999999999960e+01 1.620000000000000000e+02 7.051737670898437500e+02
5.263799999999999812e+01 2.450000000000000000e+02 7.051756591796875000e+02
5.297399999999999665e+01 2.610000000000000000e+02 7.051829223632812500e+02
5.331099999999999994e+01 2.800000000000000000e+02 7.051892089843750000e+02
5.364699999999999847e+01 2.150000000000000000e+02 7.051929931640625000e+02
5.398299999999999699e+01 2.280000000000000000e+02 7.051810913085937500e+02
5.432000000000000028e+01 1.800000000000000000e+02 7.051920776367187500e+02
5.465599999999999881e+01 3.450000000000000000e+02 7.051838989257812500e+02
5.499199999999999733e+01 2.820000000000000000e+02 7.051818237304687500e+02
5.532900000000000063e+01 1.270000000000000000e+02 7.051752319335937500e+02
5.566499999999999915e+01 1.590000000000000000e+02 7.051914672851562500e+02
5.600099999999999767e+01 2.130000000000000000e+02 7.051824951171875000e+02
5.633700000000000330e+01 2.300000000000000000e+02 7.051889648437500000e+02
5.667399999999999949e+01 1.750000000000000000e+02 7.051914672851562500e+02
