1.030969999999999942e+02 4.840000000000000000e+02 3.661105651855468750e+02
1.034330000000000069e+02 4.760000000000000000e+02 3.661137390136718750e+02
1.037690000000000055e+02 4.070000000000000000e+02 3.661062316894531250e+02
1.041050000000000040e+02 4.320000000000000000e+02 3.661120605468750000e+02
1.044419999999999931e+02 3.770000000000000000e+02 3.661058044433593750e+02
1.047780000000000058e+02 3.810000000000000000e+02 3.661070251464843750e+02
1.051140000000000043e+02 3.630000000000000000e+02 3.661082153320312500e+02
1.054509999999999934e+02 3.900000000000000000e+02 3.661090393066406250e+02
1.057870000000000061e+02 3.550000000000000000e+02 3.660995788574218750e+02
1.061239999999999952e+02 3.780000000000000000e+02 3.661089172363281250e+02
1.064599999999999937e+02 4.330000000000000000e+02 3.661054077148437500e+02
1.067969999999999970e+02 4.260000000000000000e+02 3.661086730957031250e+02
1.071329999999999956e+02 3.850000000000000000e+02 3.661071472167968750e+02
1.074689999999999941e+02 5.470000000000000000e+02 3.661054687500000000e+02
1.078070000000000022e+02 4.980000000000000000e+02 3.661067199707031250e+02
1.081430000000000007e+02 4.150000000000000000e+02 3.661106567382812500e+02
1.084800000000000040e+02 3.410000000000000000e+02 3.661116333007812500e+02
1.088160000000000025e+02 3.140000000000000000e+02 3.661069030761718750e+02
1.091520000000000010e+02 3.200000000000000000e+02 3.661051940917968750e+02
1.094890000000000043e+02 4.940000000000000000e+02 3.661098632812500000e+02
1.098250000000000028e+02 4.270000000000000000e+02 3.661076354980468750e+02
1.101610000000000014e+02 2.630000000000000000e+02 3.661161804199218750e+02
1.104969999999999999e+02 3.210000000000000000e+02 3.661051025390625000e+02
1.108340000000000032e+02 3.820000000000000000e+02 3.661094665527343750e+02
1.111700000000000017e+02 2.680000000000000000e+02 3.661116943359375000e+02
1.115060000000000002e+02 2.640000000000000000e+02 3.661181030273437500e+02
1.118430000000000035e+02 3.320000000000000000e+02 3.661112060546875000e+02
1.121790000000000020e+02 3.650000000000000000e+02 3.661077270507812500e+02
1.125150000000000006e+02 3.900000000000000000e+02 3.661027832031250000e+02
1.128520000000000039e+02 3.160000000000000000e+02 3.661073303222656250e+02
1.131880000000000024e+02 3.430000000000000000e+02 3.661160278320312500e+02
1.135240000000000009e+02 3.910000000000000000e+02 3.661017761230468750e+02
1.138599999999999994e+02 2.770000000000000000e+02 3.661149597167968750e+02
1.141970000000000027e+02 3.890000000000000000e+02 3.661077270507812500e+02
1.145330000000000013e+02 3.100000000000000000e+02 3.661105957031250000e+02
1.148689999999999998e+02 4.090000000000000000e+02 3.661072082519531250e+02
1.152060000000000031e+02 3.160000000000000000e+02 3.661068420410156250e+02
1.155420000000000016e+02 2.160000000000000000e+02 3.661130371093750000e+02
1.158780000000000001e+02 2.170000000000000000e+02 3.661073303222656250e+02
1.162150000000000034e+02 2.770000000000000000e+02 3.661040649414062500e+02
1.165510000000000019e+02 3.560000000000000000e+02 3.661047973632812500e+02
1.168900000000000006e+02 3.890000000000000000e+02 3.661051330566406250e+02
1.172259999999999991e+02 2.810000000000000000e+02 3.661047058105468750e+02
1.175619999999999976e+02 2.270000000000000000e+02 3.661107482910156250e+02
1.179000000000000057e+02 4.090000000000000000e+02 3.661078491210937500e+02
1.182360000000000042e+02 2.520000000000000000e+02 3.661038818359375000e+02
1.185729999999999933e+02 2.500000000000000000e+02 3.661090087890625000e+02
1.189090000000000060e+02 3.580000000000000000e+02 3.661132202148437500e+02
1.192450000000000045e+02 2.770000000000000000e+02 3.661082458496093750e+02
1.195819999999999936e+02 1.850000000000000000e+02 3.661079101562500000e+02
1.199180000000000064e+02 2.810000000000000000e+02 3.661048583984375000e+02
1.202540000000000049e+02 3.360000000000000000e+02 3.661002807617187500e+02
1.205900000000000034e+02 3.990000000000000000e+02 3.660991210937500000e+02
1.209270000000000067e+02 6.780000000000000000e+02 3.660883789062500000e+02
