9.834120000000000346e+02 4.040000000000000000e+02 4.473799438476562500e+02
9.837480000000000473e+02 1.790000000000000000e+02 4.473951110839843750e+02
9.840839999999999463e+02 1.860000000000000000e+02 4.473876037597656250e+02
9.844199999999999591e+02 2.460000000000000000e+02 4.473828430175781250e+02
9.847559999999999718e+02 1.890000000000000000e+02 4.473908691406250000e+02
9.850919999999999845e+02 1.880000000000000000e+02 4.473808593750000000e+02
9.854279999999999973e+02 1.050000000000000000e+02 4.473934631347656250e+02
9.857640000000000100e+02 1.380000000000000000e+02 4.473874511718750000e+02
9.861059999999999945e+02 1.350000000000000000e+02 4.473773803710937500e+02
9.864420000000000073e+02 7.500000000000000000e+01 4.473735046386718750e+02
9.867780000000000200e+02 8.400000000000000000e+01 4.473804931640625000e+02
