1.195819999999999936e+02 1.800000000000000000e+02 4.660231628417968750e+02
1.199180000000000064e+02 8.180000000000000000e+02 4.660226135253906250e+02
1.202540000000000049e+02 2.474000000000000000e+03 4.660252990722656250e+02
1.205900000000000034e+02 3.110000000000000000e+03 4.660267944335937500e+02
1.209270000000000067e+02 3.967000000000000000e+03 4.660256652832031250e+02
1.212630000000000052e+02 4.352000000000000000e+03 4.660266723632812500e+02
1.215999999999999943e+02 3.610000000000000000e+03 4.660253906250000000e+02
1.219360000000000070e+02 3.119000000000000000e+03 4.660260314941406250e+02
1.222729999999999961e+02 3.177000000000000000e+03 4.660256042480468750e+02
1.226089999999999947e+02 2.837000000000000000e+03 4.660242309570312500e+02
1.229459999999999980e+02 2.120000000000000000e+03 4.660275268554687500e+02
1.232819999999999965e+02 2.626000000000000000e+03 4.660266723632812500e+02
1.236179999999999950e+02 2.717000000000000000e+03 4.660263977050781250e+02
1.239549999999999983e+02 2.655000000000000000e+03 4.660258178710937500e+02
1.242909999999999968e+02 2.198000000000000000e+03 4.660240478515625000e+02
1.246269999999999953e+02 2.773000000000000000e+03 4.660259399414062500e+02
1.249639999999999986e+02 2.504000000000000000e+03 4.660260314941406250e+02
1.252999999999999972e+02 1.946000000000000000e+03 4.660268249511718750e+02
1.256359999999999957e+02 2.958000000000000000e+03 4.660242614746093750e+02
1.259729999999999990e+02 2.496000000000000000e+03 4.660252380371093750e+02
1.263089999999999975e+02 2.185000000000000000e+03 4.660262451171875000e+02
1.266449999999999960e+02 2.318000000000000000e+03 4.660248413085937500e+02
1.269809999999999945e+02 2.655000000000000000e+03 4.660216674804687500e+02
1.273179999999999978e+02 2.120000000000000000e+03 4.660274658203125000e+02
1.276539999999999964e+02 2.812000000000000000e+03 4.660232849121093750e+02
1.279920000000000044e+02 2.751000000000000000e+03 4.660237121582031250e+02
1.283280000000000030e+02 2.264000000000000000e+03 4.660281066894531250e+02
1.286639999999999873e+02 2.570000000000000000e+03 4.660239257812500000e+02
1.290010000000000048e+02 2.673000000000000000e+03 4.660254211425781250e+02
1.293369999999999891e+02 2.565000000000000000e+03 4.660237731933593750e+02
1.296730000000000018e+02 2.435000000000000000e+03 4.660242614746093750e+02
1.300099999999999909e+02 2.393000000000000000e+03 4.660253906250000000e+02
1.303460000000000036e+02 2.381000000000000000e+03 4.660271301269531250e+02
1.306819999999999879e+02 2.612000000000000000e+03 4.660267028808593750e+02
1.310190000000000055e+02 2.701000000000000000e+03 4.660246276855468750e+02
1.313549999999999898e+02 2.491000000000000000e+03 4.660231323242187500e+02
1.316910000000000025e+02 2.585000000000000000e+03 4.660263977050781250e+02
1.320269999999999868e+02 2.406000000000000000e+03 4.660281066894531250e+02
1.323640000000000043e+02 2.881000000000000000e+03 4.660257873535156250e+02
1.326999999999999886e+02 2.493000000000000000e+03 4.660268859863281250e+02
1.330360000000000014e+02 2.529000000000000000e+03 4.660258483886718750e+02
1.333729999999999905e+02 2.478000000000000000e+03 4.660247802734375000e+02
1.337090000000000032e+02 2.467000000000000000e+03 4.660248413085937500e+02
1.340449999999999875e+02 2.692000000000000000e+03 4.660253601074218750e+02
1.343820000000000050e+02 2.331000000000000000e+03 4.660278930664062500e+02
1.347179999999999893e+02 2.234000000000000000e+03 4.660277709960937500e+02
1.350540000000000020e+02 2.706000000000000000e+03 4.660266418457031250e+02
1.353899999999999864e+02 2.668000000000000000e+03 4.660291748046875000e+02
1.357270000000000039e+02 2.813000000000000000e+03 4.660240783691406250e+02
