2.606400000000000006e+01 2.310000000000000000e+02 3.368542480468750000e+02
2.639999999999999858e+01 1.094000000000000000e+03 3.368486633300781250e+02
2.673600000000000065e+01 2.577000000000000000e+03 3.368444824218750000e+02
2.707400000000000162e+01 4.029000000000000000e+03 3.368448791503906250e+02
2.741100000000000136e+01 4.162000000000000000e+03 3.368446350097656250e+02
2.774800000000000111e+01 3.912000000000000000e+03 3.368424377441406250e+02
2.808399999999999963e+01 2.133000000000000000e+03 3.368432617187500000e+02
2.842000000000000171e+01 1.234000000000000000e+03 3.368431701660156250e+02
2.875700000000000145e+01 6.150000000000000000e+02 3.368486328125000000e+02
2.909299999999999997e+01 3.100000000000000000e+02 3.368449401855468750e+02
2.942899999999999849e+01 1.520000000000000000e+02 3.368384704589843750e+02
