2.739820000000000277e+02 3.710000000000000000e+02 5.350467529296875000e+02
2.743179999999999836e+02 7.650000000000000000e+02 5.350465698242187500e+02
2.746539999999999964e+02 1.419000000000000000e+03 5.350415649414062500e+02
2.749909999999999854e+02 1.942000000000000000e+03 5.350422363281250000e+02
2.753269999999999982e+02 2.622000000000000000e+03 5.350436401367187500e+02
2.756630000000000109e+02 2.624000000000000000e+03 5.350469970703125000e+02
2.760000000000000000e+02 2.162000000000000000e+03 5.350458374023437500e+02
2.763360000000000127e+02 3.241000000000000000e+03 5.350430908203125000e+02
2.766720000000000255e+02 2.800000000000000000e+03 5.350448608398437500e+02
2.770079999999999814e+02 2.527000000000000000e+03 5.350460205078125000e+02
2.773450000000000273e+02 2.930000000000000000e+03 5.350460815429687500e+02
2.776809999999999832e+02 3.211000000000000000e+03 5.350438232421875000e+02
2.780169999999999959e+02 2.666000000000000000e+03 5.350447387695312500e+02
2.783539999999999850e+02 2.144000000000000000e+03 5.350458374023437500e+02
2.786899999999999977e+02 3.001000000000000000e+03 5.350435791015625000e+02
2.790269999999999868e+02 2.371000000000000000e+03 5.350441284179687500e+02
2.793650000000000091e+02 2.609000000000000000e+03 5.350440673828125000e+02
2.797019999999999982e+02 2.360000000000000000e+03 5.350418701171875000e+02
2.800380000000000109e+02 2.153000000000000000e+03 5.350428466796875000e+02
2.803740000000000236e+02 2.171000000000000000e+03 5.350421752929687500e+02
2.807099999999999795e+02 1.824000000000000000e+03 5.350444946289062500e+02
2.810470000000000255e+02 1.855000000000000000e+03 5.350482788085937500e+02
2.813829999999999814e+02 1.670000000000000000e+03 5.350459594726562500e+02
2.817189999999999941e+02 1.646000000000000000e+03 5.350444335937500000e+02
2.820559999999999832e+02 1.585000000000000000e+03 5.350410766601562500e+02
2.823919999999999959e+02 1.588000000000000000e+03 5.350419311523437500e+02
2.827289999999999850e+02 1.445000000000000000e+03 5.350443725585937500e+02
2.830649999999999977e+02 1.235000000000000000e+03 5.350415649414062500e+02
2.834019999999999868e+02 1.145000000000000000e+03 5.350407104492187500e+02
2.837379999999999995e+02 8.790000000000000000e+02 5.350430297851562500e+02
2.840740000000000123e+02 6.850000000000000000e+02 5.350448608398437500e+02
2.844110000000000014e+02 6.860000000000000000e+02 5.350480957031250000e+02
2.847470000000000141e+02 5.310000000000000000e+02 5.350451049804687500e+02
2.850830000000000268e+02 5.960000000000000000e+02 5.350422363281250000e+02
2.854189999999999827e+02 4.120000000000000000e+02 5.350390625000000000e+02
2.857570000000000050e+02 3.180000000000000000e+02 5.350491333007812500e+02
2.860930000000000177e+02 2.900000000000000000e+02 5.350506591796875000e+02
2.864289999999999736e+02 3.250000000000000000e+02 5.350451049804687500e+02
2.867660000000000196e+02 2.420000000000000000e+02 5.350471191406250000e+02
2.871019999999999754e+02 1.790000000000000000e+02 5.350440063476562500e+02
2.874379999999999882e+02 1.490000000000000000e+02 5.350417480468750000e+02
