1.878669999999999902e+02 2.290000000000000000e+02 2.251057586669921875e+02
1.882030000000000030e+02 4.380000000000000000e+02 2.250932006835937500e+02
1.885409999999999968e+02 9.890000000000000000e+02 2.250998077392578125e+02
1.888770000000000095e+02 1.405000000000000000e+03 2.251024017333984375e+02
1.892129999999999939e+02 2.163000000000000000e+03 2.251052551269531250e+02
1.895500000000000114e+02 2.360000000000000000e+03 2.251068878173828125e+02
1.898859999999999957e+02 2.312000000000000000e+03 2.251086883544921875e+02
1.902220000000000084e+02 1.912000000000000000e+03 2.251078948974609375e+02
1.905589999999999975e+02 2.323000000000000000e+03 2.251068420410156250e+02
1.908950000000000102e+02 1.753000000000000000e+03 2.251069641113281250e+02
1.912309999999999945e+02 2.298000000000000000e+03 2.251086120605468750e+02
1.915680000000000121e+02 2.649000000000000000e+03 2.251086578369140625e+02
1.919039999999999964e+02 2.685000000000000000e+03 2.251080627441406250e+02
1.922400000000000091e+02 2.567000000000000000e+03 2.251095886230468750e+02
1.925759999999999934e+02 2.497000000000000000e+03 2.251095123291015625e+02
1.929130000000000109e+02 1.792000000000000000e+03 2.251100463867187500e+02
1.932489999999999952e+02 1.933000000000000000e+03 2.251085662841796875e+02
1.935850000000000080e+02 1.871000000000000000e+03 2.251101684570312500e+02
1.939219999999999970e+02 1.753000000000000000e+03 2.251080780029296875e+02
1.942580000000000098e+02 1.557000000000000000e+03 2.251078186035156250e+02
1.945939999999999941e+02 1.456000000000000000e+03 2.251092987060546875e+02
1.949310000000000116e+02 1.444000000000000000e+03 2.251076049804687500e+02
1.952669999999999959e+02 1.645000000000000000e+03 2.251107788085937500e+02
1.956030000000000086e+02 1.649000000000000000e+03 2.251101837158203125e+02
1.959389999999999930e+02 1.178000000000000000e+03 2.251094360351562500e+02
1.962760000000000105e+02 9.400000000000000000e+02 2.251084594726562500e+02
1.966119999999999948e+02 1.003000000000000000e+03 2.251118316650390625e+02
1.969480000000000075e+02 8.850000000000000000e+02 2.251098480224609375e+02
1.972849999999999966e+02 7.360000000000000000e+02 2.251094055175781250e+02
1.976210000000000093e+02 1.025000000000000000e+03 2.251101074218750000e+02
1.979569999999999936e+02 9.580000000000000000e+02 2.251085662841796875e+02
1.982940000000000111e+02 8.330000000000000000e+02 2.251099243164062500e+02
1.986310000000000002e+02 1.391000000000000000e+03 2.251101989746093750e+02
1.989679999999999893e+02 1.233000000000000000e+03 2.251118316650390625e+02
1.993040000000000020e+02 1.144000000000000000e+03 2.251064758300781250e+02
1.996399999999999864e+02 1.030000000000000000e+03 2.251106567382812500e+02
1.999770000000000039e+02 8.200000000000000000e+02 2.251097106933593750e+02
2.003129999999999882e+02 9.840000000000000000e+02 2.251071472167968750e+02
2.006500000000000057e+02 5.630000000000000000e+02 2.251115264892578125e+02
2.009859999999999900e+02 6.750000000000000000e+02 2.251080474853515625e+02
2.013230000000000075e+02 6.100000000000000000e+02 2.251097564697265625e+02
2.016589999999999918e+02 4.910000000000000000e+02 2.251069030761718750e+02
2.019960000000000093e+02 4.270000000000000000e+02 2.250954895019531250e+02
2.023319999999999936e+02 4.890000000000000000e+02 2.251020507812500000e+02
2.026690000000000111e+02 3.630000000000000000e+02 2.250978240966796875e+02
