2.507719999999999914e+02 5.108000000000000000e+03 3.101631774902343750e+02
2.511080000000000041e+02 4.799000000000000000e+03 3.101652832031250000e+02
2.514449999999999932e+02 4.552000000000000000e+03 3.101632385253906250e+02
2.517810000000000059e+02 4.225000000000000000e+03 3.101640014648437500e+02
2.521169999999999902e+02 4.404000000000000000e+03 3.101651000976562500e+02
2.524540000000000077e+02 3.906000000000000000e+03 3.101639404296875000e+02
2.527899999999999920e+02 4.012000000000000000e+03 3.101652832031250000e+02
2.531260000000000048e+02 3.865000000000000000e+03 3.101649169921875000e+02
2.534629999999999939e+02 4.226000000000000000e+03 3.101657714843750000e+02
2.537990000000000066e+02 3.591000000000000000e+03 3.101667480468750000e+02
2.541349999999999909e+02 4.137000000000000000e+03 3.101644592285156250e+02
2.544720000000000084e+02 3.954000000000000000e+03 3.101634521484375000e+02
2.548079999999999927e+02 3.510000000000000000e+03 3.101657409667968750e+02
2.551440000000000055e+02 3.980000000000000000e+03 3.101636047363281250e+02
2.554799999999999898e+02 3.429000000000000000e+03 3.101655273437500000e+02
2.558170000000000073e+02 3.572000000000000000e+03 3.101631469726562500e+02
2.561530000000000200e+02 3.619000000000000000e+03 3.101678466796875000e+02
2.564889999999999759e+02 3.003000000000000000e+03 3.101632080078125000e+02
2.568260000000000218e+02 3.210000000000000000e+03 3.101651306152343750e+02
2.571619999999999777e+02 2.640000000000000000e+03 3.101657104492187500e+02
2.574979999999999905e+02 2.638000000000000000e+03 3.101649780273437500e+02
2.578349999999999795e+02 2.792000000000000000e+03 3.101643066406250000e+02
2.581709999999999923e+02 2.511000000000000000e+03 3.101644287109375000e+02
2.585070000000000050e+02 2.394000000000000000e+03 3.101645202636718750e+02
2.588430000000000177e+02 2.687000000000000000e+03 3.101634826660156250e+02
2.591809999999999832e+02 2.610000000000000000e+03 3.101657104492187500e+02
2.595179999999999723e+02 2.421000000000000000e+03 3.101638488769531250e+02
2.598539999999999850e+02 1.915000000000000000e+03 3.101672363281250000e+02
2.601899999999999977e+02 2.306000000000000000e+03 3.101631774902343750e+02
2.605260000000000105e+02 2.152000000000000000e+03 3.101666259765625000e+02
2.608629999999999995e+02 2.202000000000000000e+03 3.101635131835937500e+02
2.611990000000000123e+02 1.981000000000000000e+03 3.101689147949218750e+02
2.615350000000000250e+02 1.871000000000000000e+03 3.101643676757812500e+02
2.618720000000000141e+02 2.069000000000000000e+03 3.101642150878906250e+02
2.622080000000000268e+02 2.378000000000000000e+03 3.101629028320312500e+02
2.625439999999999827e+02 1.863000000000000000e+03 3.101646423339843750e+02
2.628809999999999718e+02 1.934000000000000000e+03 3.101645812988281250e+02
2.632169999999999845e+02 1.837000000000000000e+03 3.101651611328125000e+02
2.635539999999999736e+02 1.930000000000000000e+03 3.101651000976562500e+02
2.638899999999999864e+02 1.784000000000000000e+03 3.101661682128906250e+02
2.642259999999999991e+02 1.760000000000000000e+03 3.101656188964843750e+02
2.645629999999999882e+02 1.916000000000000000e+03 3.101637878417968750e+02
2.648990000000000009e+02 1.501000000000000000e+03 3.101649169921875000e+02
2.652350000000000136e+02 1.420000000000000000e+03 3.101647949218750000e+02
2.655710000000000264e+02 1.846000000000000000e+03 3.101614379882812500e+02
2.659080000000000155e+02 1.789000000000000000e+03 3.101649169921875000e+02
2.662440000000000282e+02 1.438000000000000000e+03 3.101636657714843750e+02
2.665799999999999841e+02 1.530000000000000000e+03 3.101635742187500000e+02
2.669169999999999732e+02 1.490000000000000000e+03 3.101644897460937500e+02
2.672529999999999859e+02 1.360000000000000000e+03 3.101634826660156250e+02
2.675889999999999986e+02 1.382000000000000000e+03 3.101637878417968750e+02
2.679259999999999877e+02 1.191000000000000000e+03 3.101656799316406250e+02
2.682620000000000005e+02 1.320000000000000000e+03 3.101626281738281250e+02
2.685980000000000132e+02 1.526000000000000000e+03 3.101643066406250000e+02
2.689359999999999786e+02 1.272000000000000000e+03 3.101663208007812500e+02
2.692740000000000009e+02 1.644000000000000000e+03 3.101623840332031250e+02
2.696100000000000136e+02 1.179000000000000000e+03 3.101646423339843750e+02
2.699460000000000264e+02 1.398000000000000000e+03 3.101630859375000000e+02
2.702819999999999823e+02 1.398000000000000000e+03 3.101641540527343750e+02
2.706190000000000282e+02 1.240000000000000000e+03 3.101633300781250000e+02
2.709549999999999841e+02 1.164000000000000000e+03 3.101653747558593750e+02
2.712909999999999968e+02 1.109000000000000000e+03 3.101660766601562500e+02
2.716279999999999859e+02 1.193000000000000000e+03 3.101645812988281250e+02
2.719639999999999986e+02 1.290000000000000000e+03 3.101632995605468750e+02
2.723000000000000114e+02 9.390000000000000000e+02 3.101634521484375000e+02
2.726370000000000005e+02 1.055000000000000000e+03 3.101651916503906250e+02
2.729730000000000132e+02 9.320000000000000000e+02 3.101651611328125000e+02
2.733090000000000259e+02 8.720000000000000000e+02 3.101636352539062500e+02
2.736449999999999818e+02 7.740000000000000000e+02 3.101604919433593750e+02
2.739820000000000277e+02 8.530000000000000000e+02 3.101685791015625000e+02
2.743179999999999836e+02 9.990000000000000000e+02 3.101656494140625000e+02
2.746539999999999964e+02 5.990000000000000000e+02 3.101641235351562500e+02
2.749909999999999854e+02 9.830000000000000000e+02 3.101612854003906250e+02
2.753269999999999982e+02 4.160000000000000000e+02 3.101622009277343750e+02
2.756630000000000109e+02 5.740000000000000000e+02 3.101620483398437500e+02
2.760000000000000000e+02 5.890000000000000000e+02 3.101523132324218750e+02
2.763360000000000127e+02 4.490000000000000000e+02 3.101607360839843750e+02
2.766720000000000255e+02 6.230000000000000000e+02 3.101546325683593750e+02
2.770079999999999814e+02 4.020000000000000000e+02 3.101449890136718750e+02
2.773450000000000273e+02 4.600000000000000000e+02 3.101533203125000000e+02
2.776809999999999832e+02 3.070000000000000000e+02 3.101601562500000000e+02
2.780169999999999959e+02 4.830000000000000000e+02 3.101604614257812500e+02
2.783539999999999850e+02 5.630000000000000000e+02 3.101600646972656250e+02
2.786899999999999977e+02 3.650000000000000000e+02 3.101596069335937500e+02
2.790269999999999868e+02 4.200000000000000000e+02 3.101475830078125000e+02
2.793650000000000091e+02 5.300000000000000000e+02 3.101627807617187500e+02
2.797019999999999982e+02 5.470000000000000000e+02 3.101607055664062500e+02
2.800380000000000109e+02 4.470000000000000000e+02 3.101517639160156250e+02
