3.190590000000000259e+02 2.030000000000000000e+02 3.111820373535156250e+02
3.193949999999999818e+02 2.190000000000000000e+02 3.111846008300781250e+02
3.197330000000000041e+02 3.360000000000000000e+02 3.111965026855468750e+02
3.200690000000000168e+02 2.470000000000000000e+02 3.112064208984375000e+02
3.204049999999999727e+02 3.720000000000000000e+02 3.111976318359375000e+02
3.207420000000000186e+02 3.060000000000000000e+02 3.111974487304687500e+02
3.210779999999999745e+02 5.370000000000000000e+02 3.112030334472656250e+02
3.214139999999999873e+02 4.060000000000000000e+02 3.111992187500000000e+02
3.217509999999999764e+02 5.170000000000000000e+02 3.112001953125000000e+02
3.220869999999999891e+02 8.000000000000000000e+02 3.112000732421875000e+02
3.224230000000000018e+02 8.240000000000000000e+02 3.112010803222656250e+02
3.227599999999999909e+02 1.183000000000000000e+03 3.112005310058593750e+02
3.230960000000000036e+02 1.302000000000000000e+03 3.112063293457031250e+02
3.234320000000000164e+02 1.562000000000000000e+03 3.112039794921875000e+02
3.237690000000000055e+02 1.130000000000000000e+03 3.112028503417968750e+02
3.241050000000000182e+02 1.425000000000000000e+03 3.112034301757812500e+02
3.244409999999999741e+02 1.574000000000000000e+03 3.112024230957031250e+02
3.247769999999999868e+02 1.050000000000000000e+03 3.112042236328125000e+02
3.251139999999999759e+02 9.880000000000000000e+02 3.111989746093750000e+02
3.254499999999999886e+02 8.450000000000000000e+02 3.111976318359375000e+02
3.257869999999999777e+02 4.350000000000000000e+02 3.111950378417968750e+02
3.261229999999999905e+02 3.780000000000000000e+02 3.111991577148437500e+02
3.264599999999999795e+02 3.500000000000000000e+02 3.112010498046875000e+02
3.267959999999999923e+02 2.440000000000000000e+02 3.112004089355468750e+02
3.271329999999999814e+02 1.890000000000000000e+02 3.112013549804687500e+02
3.274689999999999941e+02 2.070000000000000000e+02 3.111896362304687500e+02
