8.367540000000000191e+02 8.100000000000000000e+01 2.792355041503906250e+02
8.370900000000000318e+02 1.630000000000000000e+02 2.792388305664062500e+02
8.374260000000000446e+02 5.050000000000000000e+02 2.792297058105468750e+02
8.377619999999999436e+02 9.140000000000000000e+02 2.792303466796875000e+02
8.380979999999999563e+02 1.726000000000000000e+03 2.792321472167968750e+02
8.384339999999999691e+02 3.143000000000000000e+03 2.792318420410156250e+02
8.387699999999999818e+02 5.668000000000000000e+03 2.792305297851562500e+02
8.391059999999999945e+02 8.186000000000000000e+03 2.792303771972656250e+02
8.394420000000000073e+02 1.167400000000000000e+04 2.792296752929687500e+02
8.397780000000000200e+02 1.241300000000000000e+04 2.792309875488281250e+02
8.401140000000000327e+02 1.516900000000000000e+04 2.792307128906250000e+02
8.404500000000000455e+02 1.614200000000000000e+04 2.792300720214843750e+02
8.407920000000000300e+02 1.651800000000000000e+04 2.792302551269531250e+02
8.411219999999999573e+02 1.646700000000000000e+04 2.792298278808593750e+02
8.414640000000000555e+02 1.431200000000000000e+04 2.792296447753906250e+02
8.417999999999999545e+02 1.292500000000000000e+04 2.792306213378906250e+02
8.421359999999999673e+02 1.065000000000000000e+04 2.792302551269531250e+02
8.424719999999999800e+02 8.379000000000000000e+03 2.792294311523437500e+02
8.428079999999999927e+02 6.476000000000000000e+03 2.792299804687500000e+02
8.431440000000000055e+02 4.489000000000000000e+03 2.792309265136718750e+02
8.434800000000000182e+02 3.101000000000000000e+03 2.792307739257812500e+02
8.438160000000000309e+02 2.255000000000000000e+03 2.792290344238281250e+02
8.441520000000000437e+02 1.695000000000000000e+03 2.792301940917968750e+02
8.444880000000000564e+02 1.091000000000000000e+03 2.792293701171875000e+02
8.448239999999999554e+02 9.070000000000000000e+02 2.792314453125000000e+02
8.451660000000000537e+02 6.490000000000000000e+02 2.792268981933593750e+02
8.455019999999999527e+02 4.350000000000000000e+02 2.792318115234375000e+02
8.458379999999999654e+02 4.150000000000000000e+02 2.792294311523437500e+02
8.461739999999999782e+02 2.970000000000000000e+02 2.792256774902343750e+02
8.465099999999999909e+02 1.500000000000000000e+02 2.792360229492187500e+02
8.468460000000000036e+02 2.930000000000000000e+02 2.792299499511718750e+02
8.471820000000000164e+02 2.960000000000000000e+02 2.792292480468750000e+02
8.475180000000000291e+02 1.890000000000000000e+02 2.792248535156250000e+02
8.478540000000000418e+02 3.860000000000000000e+02 2.792290649414062500e+02
8.481900000000000546e+02 1.820000000000000000e+02 2.792317504882812500e+02
8.485259999999999536e+02 3.040000000000000000e+02 2.792255249023437500e+02
8.488619999999999663e+02 8.300000000000000000e+01 2.792221069335937500e+02
8.491979999999999791e+02 1.110000000000000000e+02 2.792364196777343750e+02
8.495339999999999918e+02 1.680000000000000000e+02 2.792281188964843750e+02
8.498700000000000045e+02 6.800000000000000000e+01 2.792423706054687500e+02
8.502060000000000173e+02 6.700000000000000000e+01 2.792386169433593750e+02
8.505420000000000300e+02 2.440000000000000000e+02 2.792389221191406250e+02
