2.998870000000000005e+02 1.020000000000000000e+02 5.342163696289062500e+02
3.002230000000000132e+02 1.370000000000000000e+02 5.342231445312500000e+02
3.005590000000000259e+02 1.130000000000000000e+02 5.342135620117187500e+02
3.008960000000000150e+02 3.330000000000000000e+02 5.342313232421875000e+02
3.012320000000000277e+02 4.670000000000000000e+02 5.342246704101562500e+02
3.015679999999999836e+02 8.210000000000000000e+02 5.342301025390625000e+02
3.019049999999999727e+02 8.590000000000000000e+02 5.342296142578125000e+02
3.022409999999999854e+02 1.196000000000000000e+03 5.342255249023437500e+02
3.025769999999999982e+02 1.491000000000000000e+03 5.342266235351562500e+02
3.029130000000000109e+02 1.220000000000000000e+03 5.342308349609375000e+02
3.032500000000000000e+02 1.562000000000000000e+03 5.342270507812500000e+02
3.035860000000000127e+02 9.720000000000000000e+02 5.342294311523437500e+02
3.039230000000000018e+02 1.099000000000000000e+03 5.342343750000000000e+02
3.042590000000000146e+02 8.890000000000000000e+02 5.342272338867187500e+02
3.045950000000000273e+02 8.560000000000000000e+02 5.342331542968750000e+02
3.049309999999999832e+02 5.400000000000000000e+02 5.342422485351562500e+02
3.052679999999999723e+02 4.520000000000000000e+02 5.342361450195312500e+02
3.056039999999999850e+02 4.660000000000000000e+02 5.342320556640625000e+02
3.059399999999999977e+02 4.020000000000000000e+02 5.342373046875000000e+02
3.062769999999999868e+02 3.890000000000000000e+02 5.342270507812500000e+02
3.066129999999999995e+02 2.590000000000000000e+02 5.342144775390625000e+02
3.069490000000000123e+02 1.980000000000000000e+02 5.342250976562500000e+02
3.072860000000000014e+02 1.640000000000000000e+02 5.342336425781250000e+02
