2.638899999999999864e+02 2.930000000000000000e+02 2.880576782226562500e+02
2.642259999999999991e+02 3.060000000000000000e+02 2.880597534179687500e+02
2.645629999999999882e+02 6.460000000000000000e+02 2.880581665039062500e+02
2.648990000000000009e+02 6.220000000000000000e+02 2.880541076660156250e+02
2.652350000000000136e+02 6.950000000000000000e+02 2.880542297363281250e+02
2.655710000000000264e+02 1.241000000000000000e+03 2.880594787597656250e+02
2.659080000000000155e+02 1.299000000000000000e+03 2.880591430664062500e+02
2.662440000000000282e+02 1.386000000000000000e+03 2.880604248046875000e+02
2.665799999999999841e+02 1.505000000000000000e+03 2.880576782226562500e+02
2.669169999999999732e+02 1.500000000000000000e+03 2.880567016601562500e+02
2.672529999999999859e+02 1.400000000000000000e+03 2.880575256347656250e+02
2.675889999999999986e+02 1.194000000000000000e+03 2.880581054687500000e+02
2.679259999999999877e+02 8.300000000000000000e+02 2.880592651367187500e+02
2.682620000000000005e+02 5.540000000000000000e+02 2.880585327148437500e+02
2.685980000000000132e+02 2.500000000000000000e+02 2.880596313476562500e+02
2.689359999999999786e+02 1.910000000000000000e+02 2.880610351562500000e+02
2.692740000000000009e+02 1.040000000000000000e+02 2.880594177246093750e+02
2.696100000000000136e+02 1.260000000000000000e+02 2.880552368164062500e+02
2.699460000000000264e+02 8.100000000000000000e+01 2.880734863281250000e+02
